0.02, 500
 0.0    -0.1319   -0.3398, 0.0 3*0.0 0.0 1.0 2.0 T F
10.811, 0.059317 -0.059015 0.009574 0.006151 4*0.0 4.67, 4.2, 9*0.0,
20*0.0,
20*0.0,
20*0.0,
20*0.0,
20*0.0,
20*0.0,
20*0.0,
20*0.0,
20*0.0,
20*0.0,
20*0.0,
20*0.0,
20*0.0,
20*0.0,
20*0.0,
20*0.0,
20*0.0,
20*0.0,
20*0.0,
5*0.0  -7.530987619150e-01  -9.335862962010e-01 0.0   2.899168928130e-01  -9.118270663160e-01 5*0.0   8.722211553830e-01   9.563661004090e-01 0.0   9.113683905890e-02   9.321610368360e-01 
5*0.0  -7.302114570130e-01  -9.244477971550e-01 0.0   2.871479737420e-01  -8.727504185660e-01 5*0.0   8.599564510360e-01   9.520689913080e-01 0.0   9.690149013350e-02   9.267635179920e-01 
5*0.0  -7.070832282080e-01  -9.150940260170e-01 0.0   2.832298121450e-01  -8.358078894890e-01 5*0.0   8.472445834410e-01   9.475948115010e-01 0.0   1.027856830020e-01   9.213090685460e-01 
5*0.0  -6.837747859220e-01  -9.055439203050e-01 0.0   2.782505731570e-01  -8.009696101670e-01 5*0.0   8.341035240140e-01   9.429476051350e-01 0.0   1.087855148870e-01   9.158099001940e-01 
5*0.0  -6.603430933010e-01  -8.958157125580e-01 0.0   2.722962020160e-01  -7.681924114170e-01 5*0.0   8.205514517880e-01   9.381314956230e-01 0.0   1.148965383340e-01   9.102771360850e-01 
5*0.0  -6.368414484850e-01  -8.859269230400e-01 0.0   2.654500188320e-01  -7.374225526840e-01 5*0.0   8.066067094040e-01   9.331506772110e-01 0.0   1.211138114350e-01   9.047208555680e-01 
5*0.0  -6.133195837160e-01  -8.758943575750e-01 0.0   2.577924090970e-01  -7.085980457560e-01 5*0.0   7.922877612810e-01   9.280094068310e-01 0.0   1.274319464790e-01   8.991501424470e-01 
5*0.0  -5.898237777080e-01  -8.657341098720e-01 0.0   2.494005944380e-01  -6.816506278800e-01 5*0.0   7.776131539360e-01   9.227119962690e-01 0.0   1.338451569870e-01   8.935731355110e-01 
5*0.0  -5.663969777290e-01  -8.554615674960e-01 0.0   2.403484722360e-01  -6.565074323880e-01 5*0.0   7.626014784520e-01   9.172628046190e-01 0.0   1.403473029130e-01   8.879970803750e-01 
5*0.0  -5.430789289470e-01  -8.450914209160e-01 0.0   2.307065125740e-01  -6.330923971900e-01 5*0.0   7.472713350350e-01   9.116662310500e-01 0.0   1.469319339730e-01   8.824283817920e-01 
5*0.0  -5.199063080640e-01  -8.346376752100e-01 0.0   2.205417033870e-01  -6.113274474660e-01 5*0.0   7.316412996340e-01   9.059267078680e-01 0.0   1.535923310170e-01   8.768726557990e-01 
5*0.0  -4.969128597630e-01  -8.241136638110e-01 0.0   2.099175354330e-01  -5.911334833720e-01 5*0.0   7.157298925730e-01   9.000486938750e-01 0.0   1.603215454130e-01   8.713347811610e-01 
5*0.0  -4.741295343540e-01  -8.135320639290e-01 0.0   1.988940203130e-01  -5.724312000160e-01 5*0.0   6.995555491290e-01   8.940366680300e-01 0.0   1.671124364270e-01   8.658189497150e-01 
5*0.0  -4.515846243170e-01  -8.029049134950e-01 0.0   1.875277348600e-01  -5.551417631270e-01 5*0.0   6.831365920190e-01   8.878951233950e-01 0.0   1.739577065900e-01   8.603287152720e-01 
5*0.0  -4.293039001210e-01  -7.922436289300e-01 0.0   1.758718873400e-01  -5.391873611120e-01 5*0.0   6.664912057000e-01   8.816285613650e-01 0.0   1.808499350760e-01   8.548670408750e-01 
5*0.0  -4.073107438600e-01  -7.815590236630e-01 0.0   1.639764004440e-01  -5.244916511930e-01 5*0.0   6.496374124460e-01   8.752414861860e-01 0.0   1.877816090930e-01   8.494363442040e-01 
5*0.0  -3.856262786910e-01  -7.708613275480e-01 0.0   1.518880072960e-01  -5.109801150530e-01 5*0.0   6.325930501200e-01   8.687383997380e-01 0.0   1.947451533520e-01   8.440385410360e-01 
5*0.0  -3.642694955390e-01  -7.601602063410e-01 0.0   1.396503576080e-01  -4.985803376300e-01 5*0.0   6.153757515600e-01   8.621237965900e-01 0.0   2.017329576290e-01   8.386750866830e-01 
5*0.0  -3.432573759410e-01  -7.494647813660e-01 0.0   1.273041305600e-01  -4.872222206590e-01 5*0.0   5.980029255280e-01   8.554021593120e-01 0.0   2.087374024830e-01   8.333470153630e-01 
5*0.0  -3.226050101770e-01  -7.387836493450e-01 0.0   1.148871530570e-01  -4.768381405540e-01 5*0.0   5.804917391570e-01   8.485779540410e-01 0.0   2.157508832000e-01   8.280549775140e-01 
5*0.0  -3.023257109150e-01  -7.281249021530e-01 0.0   1.024345203680e-01  -4.673630602120e-01 5*0.0   5.628591017660e-01   8.416556262880e-01 0.0   2.227658319730e-01   8.227992750510e-01 
5*0.0  -2.824311225090e-01  -7.174961463560e-01 0.0   8.997871838500e-02  -4.587346016170e-01 5*0.0   5.451216500600e-01   8.346395969810e-01 0.0   2.297747384490e-01   8.175798946210e-01 
5*0.0  -2.629313259180e-01  -7.069045225100e-01 0.0   7.754974616760e-02  -4.508930854060e-01 5*0.0   5.272957345820e-01   8.275342587390e-01 0.0   2.367701686560e-01   8.123965388910e-01 
5*0.0  -2.438349372910e-01  -6.963567241290e-01 0.0   6.517523687060e-02  -4.437815438070e-01 5*0.0   5.093974073810e-01   8.203439723630e-01 0.0   2.437447823950e-01   8.072486559430e-01 
5*0.0  -2.251492050020e-01  -6.858590163630e-01 0.0   5.288057770830e-02  -4.373457110800e-01 5*0.0   4.914424108060e-01   8.130730635360e-01 0.0   2.506913491790e-01   8.021354668280e-01 
5*0.0  -2.068800993290e-01  -6.754172541580e-01 0.0   4.068902688100e-02  -4.315339955140e-01 5*0.0   4.734461673970e-01   8.057258197310e-01 0.0   2.576027627580e-01   7.970559913740e-01 
5*0.0  -1.890323990940e-01  -6.650368999960e-01 0.0   2.862182780090e-02  -4.262974366940e-01 5*0.0   4.554237707770e-01   7.983064873120e-01 0.0   2.644720543270e-01   7.920090723050e-01 
5*0.0  -1.716097735050e-01  -6.547230412170e-01 0.0   1.669831978370e-02  -4.215896507790e-01 5*0.0   4.373899775120e-01   7.908192688170e-01 0.0   2.712924044640e-01   7.869933977650e-01 
5*0.0  -1.546148599210e-01  -6.444804068230e-01 0.0   4.936045466360e-03  -4.173667664390e-01 5*0.0   4.193591998710e-01   7.832683204270e-01 0.0   2.780571538810e-01   7.820075223110e-01 
5*0.0  -1.380493379230e-01  -6.343133836470e-01 0.0  -6.649145855640e-03  -4.135873534160e-01 5*0.0   4.013454994380e-01   7.756577496020e-01 0.0   2.847598130420e-01   7.770498864720e-01 
5*0.0  -1.219139991200e-01  -6.242260321390e-01 0.0  -1.804299866110e-02  -4.102123455880e-01 5*0.0   3.833625815250e-01   7.679916128850e-01 0.0   2.913940707120e-01   7.721188349290e-01 
5*0.0  -1.062088127950e-01  -6.142221017520e-01 0.0  -2.923275573630e-02  -4.072049600890e-01 5*0.0   3.654237903410e-01   7.602739138540e-01 0.0   2.979538015100e-01   7.672126334020e-01 
5*0.0  -9.093298927210e-02  -6.043050454040e-01 0.0  -4.020706653250e-02  -4.045306135840e-01 5*0.0   3.475421048600e-01   7.525086012350e-01 0.0   3.044330725110e-01   7.623294843220e-01 
5*0.0  -7.608503810900e-02  -5.944780339370e-01 0.0  -5.095589968220e-02  -4.021568367390e-01 5*0.0   3.297301353730e-01   7.446995671520e-01 0.0   3.108261489660e-01   7.574675413380e-01 
5*0.0  -6.166282478230e-02  -5.847439695680e-01 0.0  -6.147045931360e-02  -4.000531885550e-01 5*0.0   3.120001206480e-01   7.368506455070e-01 0.0   3.171274991930e-01   7.526249227480e-01 
5*0.0  -4.766362271140e-02  -5.751054992360e-01 0.0  -7.174310537050e-02  -3.981911686520e-01 5*0.0   2.943639256990e-01   7.289656105050e-01 0.0   3.233317986840e-01   7.477997238860e-01 
5*0.0  -3.408416330480e-02  -5.655650271830e-01 0.0  -8.176727757370e-02  -3.965441332990e-01 5*0.0   2.768330400980e-01   7.210481752870e-01 0.0   3.294339334900e-01   7.429900285610e-01 
5*0.0  -2.092068274560e-02  -5.561247271810e-01 0.0  -9.153742312620e-02  -3.950872094240e-01 5*0.0   2.594185768200e-01   7.131019906950e-01 0.0   3.354290029260e-01   7.381939195740e-01 
5*0.0  -8.168966016170e-03  -5.467865542480e-01 0.0  -1.010489280770e-01  -3.937972114760e-01 5*0.0   2.421312715760e-01   7.051306441370e-01 0.0   3.413123216440e-01   7.334094883840e-01 
5*0.0   4.175611534960e-03  -5.375522559050e-01 0.0  -1.102980520110e-01  -3.926525596640e-01 5*0.0   2.249814826180e-01   6.971376585710e-01 0.0   3.470794211170e-01   7.286348439570e-01 
5*0.0   1.611804498670e-02  -5.284233829160e-01 0.0  -1.192818661790e-01  -3.916332003440e-01 5*0.0   2.079791909800e-01   6.891264915860e-01 0.0   3.527260505720e-01   7.238681208680e-01 
5*0.0   2.766366318310e-02  -5.194012997440e-01 0.0  -1.279981949180e-01  -3.907205282140e-01 5*0.0   1.911340011380e-01   6.811005345760e-01 0.0   3.582481774150e-01   7.191074866690e-01 
5*0.0   3.881809414650e-02  -5.104871943160e-01 0.0  -1.364455597890e-01  -3.898973112020e-01 5*0.0   1.744551420640e-01   6.730631120190e-01 0.0   3.636419871900e-01   7.143511486030e-01 
5*0.0   4.958723292240e-02  -5.016820877550e-01 0.0  -1.446231274190e-01  -3.891476175880e-01 5*0.0   1.579514686530e-01   6.650174808350e-01 0.0   3.689038830880e-01   7.095973596610e-01 
5*0.0   5.997721078760e-02  -4.929868433140e-01 0.0  -1.525306596290e-01  -3.884567454780e-01 5*0.0   1.416314635010e-01   6.569668298330e-01 0.0   3.740304850630e-01   7.048444240570e-01 
5*0.0   6.999436684400e-02  -4.844021751240e-01 0.0  -1.601684665830e-01  -3.878111549750e-01 5*0.0   1.255032390190e-01   6.489142792400e-01 0.0   3.790186285680e-01   7.000907021290e-01 
5*0.0   7.964522147930e-02  -4.759286566550e-01 0.0  -1.675373620300e-01  -3.871984040340e-01 5*0.0   1.095745398730e-01   6.408628803010e-01 0.0   3.838653629400e-01   6.953346147100e-01 
5*0.0   8.893645133070e-02  -4.675667286030e-01 0.0  -1.746386223720e-01  -3.866070839590e-01 5*0.0   9.385274571110e-02   6.328156149650e-01 0.0   3.885679494810e-01   6.905746470050e-01 
5*0.0   9.787486574330e-02  -4.593167065200e-01 0.0  -1.814739465630e-01  -3.860267604930e-01 5*0.0   7.834487419440e-02   6.247753956300e-01 0.0   3.931238592280e-01   6.858093519830e-01 
5*0.0   1.064673851350e-01  -4.511787881720e-01 0.0  -1.880454195940e-01  -3.854479161360e-01 5*0.0   6.305758428890e-02   6.167450649600e-01 0.0   3.975307704650e-01   6.810373533370e-01 
5*0.0   1.147210206680e-01  -4.431530605010e-01 0.0  -1.943554772700e-01  -3.848618950980e-01 5*0.0   4.799717982400e-02   6.087273957680e-01 0.0   4.017865659850e-01   6.762573480180e-01 
5*0.0   1.226428550110e-01  -4.352395062540e-01 0.0  -2.004068737020e-01  -3.842608506610e-01 5*0.0   3.316961329600e-02   6.007250909630e-01 0.0   4.058893301240e-01   6.714681083790e-01 
5*0.0   1.302400250890e-01  -4.274380103740e-01 0.0  -2.062026505940e-01  -3.836376951480e-01 5*0.0   1.858048990720e-02   5.927407835450e-01 0.0   4.098373455870e-01   6.666684839420e-01 
5*0.0   1.375197053710e-01  -4.197483660840e-01 0.0  -2.117461083170e-01  -3.829860521160e-01 5*0.0   4.235071828540e-03   5.847770366720e-01 0.0   4.136290900850e-01   6.618574028240e-01 
5*0.0   1.444890927200e-01  -4.121702806470e-01 0.0  -2.170407790640e-01  -3.823002109610e-01 5*0.0  -9.861717324780e-03   5.768363437690e-01 0.0   4.172632328050e-01   6.570338728320e-01 
5*0.0   1.511553922860e-01  -4.047033809060e-01 0.0  -2.220904014600e-01  -3.815750835550e-01 5*0.0  -2.370528781590e-02   5.689211286970e-01 0.0   4.207386307180e-01   6.521969822430e-01 
5*0.0   1.575258045410e-01  -3.973472185730e-01 0.0  -2.268988971720e-01  -3.808061633160e-01 5*0.0  -3.729137891730e-02   5.610337459650e-01 0.0   4.240543247480e-01   6.473459003080e-01 
5*0.0   1.636075131450e-01  -3.901012752340e-01 0.0  -2.314703486750e-01  -3.799894861350e-01 5*0.0  -5.061605385990e-02   5.531764809960e-01 0.0   4.272095358190e-01   6.424798774750e-01 
5*0.0   1.694076737730e-01  -3.829649671110e-01 0.0  -2.358089788010e-01  -3.791215934820e-01 5*0.0  -6.367569461080e-02   5.453515504340e-01 0.0   4.302036607790e-01   6.375982453640e-01 
5*0.0   1.749334039730e-01  -3.759376496410e-01 0.0  -2.399191315980e-01  -3.781994973530e-01 5*0.0  -7.646699648790e-02   5.375611024960e-01 0.0   4.330362682330e-01   6.327004164990e-01 
5*0.0   1.801917738490e-01  -3.690186218260e-01 0.0  -2.438052544920e-01  -3.772206471960e-01 5*0.0  -8.898696262250e-02   5.298072173680e-01 0.0   4.357070942820e-01   6.277858838280e-01 
5*0.0   1.851897972870e-01  -3.622071303130e-01 0.0  -2.474718818430e-01  -3.761828985260e-01 5*0.0  -1.012328982770e-01   5.220919076390e-01 0.0   4.382160381820e-01   6.228542200270e-01 
5*0.0   1.899344243580e-01  -3.555023733680e-01 0.0  -2.509236194150e-01  -3.750844833420e-01 5*0.0  -1.132024050310e-01   5.144171187700e-01 0.0   4.405631579390e-01   6.179050766230e-01 
5*0.0   1.944325339370e-01  -3.489035045600e-01 0.0  -2.541651303160e-01  -3.739239821760e-01 5*0.0  -1.248933748340e-01   5.067847296080e-01 0.0   4.427486658410e-01   6.129381829280e-01 
5*0.0   1.986909274160e-01  -3.424096363420e-01 0.0  -2.572011218460e-01  -3.727002977730e-01 5*0.0  -1.363039839540e-01   4.991965529300e-01 0.0   4.447729239510e-01   6.079533448220e-01 
5*0.0   2.027163227950e-01  -3.360198433940e-01 0.0  -2.600363332140e-01  -3.714126301780e-01 5*0.0  -1.474326868030e-01   4.916543360160e-01 0.0   4.466364395440e-01   6.029504433710e-01 
5*0.0   2.065153494450e-01  -3.297331658400e-01 0.0  -2.626755244710e-01  -3.700604534030e-01 5*0.0  -1.582782096750e-01   4.841597612650e-01 0.0   4.483398605290e-01   5.979294333200e-01 
5*0.0   2.100945433400e-01  -3.235486122560e-01 0.0  -2.651234661020e-01  -3.686434933980e-01 5*0.0  -1.688395443890e-01   4.767144468310e-01 0.0   4.498839708330e-01   5.928903414480e-01 
5*0.0   2.134603429450e-01  -3.174651625680e-01 0.0  -2.673849296370e-01  -3.671617073400e-01 5*0.0  -1.791159418470e-01   4.693199472940e-01 0.0   4.512696857780e-01   5.878332648130e-01 
5*0.0   2.166190854620e-01  -3.114817707680e-01 0.0  -2.694646788890e-01  -3.656152641930e-01 5*0.0  -1.891069055210e-01   4.619777543580e-01 0.0   4.524980474420e-01   5.827583688910e-01 
5*0.0   2.195770036010e-01  -3.055973675040e-01 0.0  -2.713674620430e-01  -3.640045264610e-01 5*0.0  -1.988121848740e-01   4.546892975730e-01 0.0   4.535702200200e-01   5.776658856200e-01 
5*0.0   2.223402227410e-01  -2.998108625210e-01 0.0  -2.730980043890e-01  -3.623300330830e-01 5*0.0  -2.082317687270e-01   4.474559450830e-01 0.0   4.544874851890e-01   5.725561113590e-01 
5*0.0   2.249147585210e-01  -2.941211469880e-01 0.0  -2.746610016980e-01  -3.605924833570e-01 5*0.0  -2.173658785650e-01   4.402790043980e-01 0.0   4.552512374760e-01   5.674294047790e-01 
5*0.0   2.273065147500e-01  -2.885270956750e-01 0.0  -2.760611142570e-01  -3.587927219550e-01 5*0.0  -2.262149618190e-01   4.331597231910e-01 0.0   4.558629796510e-01   5.622861846740e-01 
5*0.0   2.295212816910e-01  -2.830275690270e-01 0.0  -2.773029613700e-01  -3.569317248390e-01 5*0.0  -2.347796851020e-01   4.260992901070e-01 0.0   4.563243181280e-01   5.571269277330e-01 
5*0.0   2.315647347420e-01  -2.776214151340e-01 0.0  -2.783911165310e-01  -3.550105861180e-01 5*0.0  -2.430609274240e-01   4.190988356050e-01 0.0   4.566369584060e-01   5.519521662480e-01 
5*0.0   2.334424333840e-01  -2.723074715940e-01 0.0  -2.793301029590e-01  -3.530305057950e-01 5*0.0  -2.510597733900e-01   4.121594328070e-01 0.0   4.568027005240e-01   5.467624857930e-01 
5*0.0   2.351598197410e-01  -2.670845670930e-01 0.0  -2.801243895800e-01  -3.509927782990e-01 5*0.0  -2.587775063880e-01   4.052820983730e-01 0.0   4.568234345620e-01   5.415585228600e-01 
5*0.0   2.367222192220e-01  -2.619515233530e-01 0.0  -2.807783876680e-01  -3.488987818160e-01 5*0.0  -2.662156017730e-01   3.984677933810e-01 0.0   4.567011361800e-01   5.363409624810e-01 
5*0.0   2.381348394220e-01  -2.569071564970e-01 0.0  -2.812964476680e-01  -3.467499682880e-01 5*0.0  -2.733757200590e-01   3.917174242380e-01 0.0   4.564378621960e-01   5.311105358190e-01 
5*0.0   2.394027698580e-01  -2.519502783800e-01 0.0  -2.816828562720e-01  -3.445478542290e-01 5*0.0  -2.802597001190e-01   3.850318435920e-01 0.0   4.560357462110e-01   5.258680177580e-01 
5*0.0   2.405309826080e-01  -2.470796982600e-01 0.0  -2.819418342900e-01  -3.422940120440e-01 5*0.0  -2.868695524060e-01   3.784118512590e-01 0.0   4.554969942940e-01   5.206142244770e-01 
5*0.0   2.415243323560e-01  -2.422942238080e-01 0.0  -2.820775343410e-01  -3.399900620760e-01 5*0.0  -2.932074522020e-01   3.718581951660e-01 0.0   4.548238807090e-01   5.153500110340e-01 
5*0.0   2.423875565390e-01  -2.375926624350e-01 0.0  -2.820940390260e-01  -3.376376651640e-01 5*0.0  -2.992757328950e-01   3.653715723050e-01 0.0   4.540187437080e-01   5.100762689440e-01 
5*0.0   2.431252771310e-01  -2.329738225560e-01 0.0  -2.819953597130e-01  -3.352385157540e-01 5*0.0  -3.050768793010e-01   3.589526296880e-01 0.0   4.530839813820e-01   5.047939237780e-01 
5*0.0   2.437420001050e-01  -2.284365144050e-01 0.0  -2.817854349600e-01  -3.327943355470e-01 5*0.0  -3.106135210210e-01   3.526019653200e-01 0.0   4.520220475780e-01   4.995039327740e-01 
5*0.0   2.442421166750e-01  -2.239795510770e-01 0.0  -2.814681295150e-01  -3.303068675980e-01 5*0.0  -3.158884258630e-01   3.463201291760e-01 0.0   4.508354478780e-01   4.942072824620e-01 
5*0.0   2.446299049770e-01  -2.196017497010e-01 0.0  -2.810472336300e-01  -3.277778708860e-01 5*0.0  -3.209044933090e-01   3.401076241810e-01 0.0   4.495267356540e-01   4.889049863240e-01 
5*0.0   2.449095310070e-01  -2.153019320520e-01 0.0  -2.805264623910e-01  -3.252091152650e-01 5*0.0  -3.256647480520e-01   3.339649072060e-01 0.0   4.480985081860e-01   4.835980824750e-01 
5*0.0   2.450850488980e-01  -2.110789253220e-01 0.0  -2.799094551610e-01  -3.226023768950e-01 5*0.0  -3.301723335960e-01   3.278923900510e-01 0.0   4.465534028640e-01   4.782876313770e-01 
5*0.0   2.451604037470e-01  -2.069315631480e-01 0.0  -2.791997754530e-01  -3.199594339460e-01 5*0.0  -3.344305059330e-01   3.218904404540e-01 0.0   4.448940934530e-01   4.729747135910e-01 
5*0.0   2.451394323780e-01  -2.028586861020e-01 0.0  -2.784009107830e-01  -3.172820627160e-01 5*0.0  -3.384426272960e-01   3.159593830800e-01 0.0   4.431232864520e-01   4.676604275680e-01 
5*0.0   2.450258645950e-01  -1.988591423780e-01 0.0  -2.775162725700e-01  -3.145720340610e-01 5*0.0  -3.422121599980e-01   3.100995005290e-01 0.0   4.412437175150e-01   4.623458874740e-01 
5*0.0   2.448233249760e-01  -1.949317883710e-01 0.0  -2.765491963700e-01  -3.118311101250e-01 5*0.0  -3.457426603490e-01   3.043110343390e-01 0.0   4.392581479650e-01   4.570322210750e-01 
5*0.0   2.445353347100e-01  -1.910754892940e-01 0.0  -2.755029421810e-01  -3.090610413390e-01 5*0.0  -3.490377726790e-01   2.985941859840e-01 0.0   4.371693613880e-01   4.517205676500e-01 
5*0.0   2.441653131810e-01  -1.872891196490e-01 0.0  -2.743806947390e-01  -3.062635637320e-01 5*0.0  -3.521012234430e-01   2.929491178810e-01 0.0   4.349801603070e-01   4.464120759680e-01 
5*0.0   2.437165795650e-01  -1.835715636950e-01 0.0  -2.731855639880e-01  -3.034403964450e-01 5*0.0  -3.549368154320e-01   2.873759543880e-01 0.0   4.326933629420e-01   4.411079023060e-01 
5*0.0   2.431923550080e-01  -1.799217159210e-01 0.0  -2.719205857300e-01  -3.005932394900e-01 5*0.0  -3.575484220850e-01   2.818747828030e-01 0.0   4.303118000630e-01   4.358092085290e-01 
5*0.0   2.425957638090e-01  -1.763384813590e-01 0.0  -2.705887221160e-01  -2.977237717640e-01 5*0.0  -3.599399819070e-01   2.764456543590e-01 0.0   4.278383119160e-01   4.305171602150e-01 
5*0.0   2.419298359180e-01  -1.728207760170e-01 0.0  -2.691928624460e-01  -2.948336492070e-01 5*0.0  -3.621154929950e-01   2.710885852180e-01 0.0   4.252757452480e-01   4.252329248400e-01 
5*0.0   2.411975084680e-01  -1.693675271810e-01 0.0  -2.677358239030e-01  -2.919245032000e-01 5*0.0  -3.640790076790e-01   2.658035574540e-01 0.0   4.226269504150e-01   4.199576700220e-01 
5*0.0   2.404016276680e-01  -1.659776736540e-01 0.0  -2.662203523970e-01  -2.889979390730e-01 5*0.0  -3.658346272700e-01   2.605905200370e-01 0.0   4.198947785790e-01   4.146925618190e-01 
5*0.0   2.395449510020e-01  -1.626501661400e-01 0.0  -2.646491234520e-01  -2.860555349010e-01 5*0.0  -3.673864969330e-01   2.554493898110e-01 0.0   4.170820789920e-01   4.094387630860e-01 
5*0.0   2.386301488290e-01  -1.593839673590e-01 0.0  -2.630247431580e-01  -2.830988402560e-01 5*0.0  -3.687388006730e-01   2.503800524630e-01 0.0   4.141916963730e-01   4.041974318960e-01 
5*0.0   2.376598063870e-01  -1.561780522830e-01 0.0  -2.613497489750e-01  -2.801293753230e-01 5*0.0  -3.698957564440e-01   2.453823634830e-01 0.0   4.112264683690e-01   3.989697200130e-01 
5*0.0   2.366364261000e-01  -1.530314084050e-01 0.0  -2.596266110130e-01  -2.771486300800e-01 5*0.0  -3.708616113740e-01   2.404561491250e-01 0.0   4.081892231050e-01   3.937567714300e-01 
5*0.0   2.355624289580e-01  -1.499430357450e-01 0.0  -2.578577327840e-01  -2.741580633020e-01 5*0.0  -3.716406371290e-01   2.356012073480e-01 0.0   4.050827768310e-01   3.885597209720e-01 
5*0.0   2.344401567790e-01  -1.469119471120e-01 0.0  -2.560454524680e-01  -2.711591022780e-01 5*0.0  -3.722371253780e-01   2.308173087590e-01 0.0   4.019099316440e-01   3.833796929430e-01 
5*0.0   2.332718742850e-01  -1.439371681710e-01 0.0  -2.541920438590e-01  -2.681531420430e-01 5*0.0  -3.726553834100e-01   2.261041975410e-01 0.0   3.986734733080e-01   3.782177998560e-01 
5*0.0   2.320597707610e-01  -1.410177375290e-01 0.0  -2.522997175340e-01  -2.651415450760e-01 5*0.0  -3.728997298530e-01   2.214615923730e-01 0.0   3.953761691580e-01   3.730751412040e-01 
5*0.0   2.308059620260e-01  -1.381527068030e-01 0.0  -2.503706219490e-01  -2.621256409860e-01 5*0.0  -3.729744905390e-01   2.168891873400e-01 0.0   3.920207660930e-01   3.679528022990e-01 
5*0.0   2.295124925810e-01  -1.353411407250e-01 0.0  -2.484068446160e-01  -2.591067261260e-01 5*0.0  -3.728839944870e-01   2.123866528290e-01 0.0   3.886099886490e-01   3.628518531720e-01 
5*0.0   2.281813372660e-01  -1.325821171250e-01 0.0  -2.464104131180e-01  -2.560860635620e-01 5*0.0  -3.726325700140e-01   2.079536364240e-01 0.0   3.851465371670e-01   3.577733475290e-01 
5*0.0   2.268144031890e-01  -1.298747269630e-01 0.0  -2.443832964100e-01  -2.530648829640e-01 5*0.0  -3.722245409780e-01   2.035897637750e-01 0.0   3.816330860410e-01   3.527183217620e-01 
5*0.0   2.254135317570e-01  -1.272180743740e-01 0.0  -2.423274058240e-01  -2.500443804410e-01 5*0.0  -3.716642231450e-01   1.992946394690e-01 0.0   3.780722820440e-01   3.476877940270e-01 
5*0.0   2.239805002880e-01  -1.246112766130e-01 0.0  -2.402445963430e-01  -2.470257187260e-01 5*0.0  -3.709559206860e-01   1.950678478800e-01 0.0   3.744667427510e-01   3.426827633700e-01 
5*0.0   2.225170240580e-01  -1.220534640670e-01 0.0  -2.381366676750e-01  -2.440100271520e-01 5*0.0  -3.701039228010e-01   1.909089540120e-01 0.0   3.708190550280e-01   3.377042089130e-01 
5*0.0   2.210247579920e-01  -1.195437802250e-01 0.0  -2.360053654370e-01  -2.409984017760e-01 5*0.0  -3.691125004630e-01   1.868175043270e-01 0.0   3.671317736150e-01   3.327530890940e-01 
5*0.0   2.195052984270e-01  -1.170813815930e-01 0.0  -2.338523823010e-01  -2.379919057040e-01 5*0.0  -3.679859033010e-01   1.827930275560e-01 0.0   3.634074197790e-01   3.278303409620e-01 
5*0.0   2.179601849940e-01  -1.146654377200e-01 0.0  -2.316793591080e-01  -2.349915690620e-01 5*0.0  -3.667283565960e-01   1.788350355090e-01 0.0   3.596484800500e-01   3.229368795260e-01 
5*0.0   2.163909022600e-01  -1.122951310300e-01 0.0  -2.294878860730e-01  -2.319983894490e-01 5*0.0  -3.653440584040e-01   1.749430238550e-01 0.0   3.558574050370e-01   3.180735971540e-01 
5*0.0   2.147988814580e-01  -1.099696568780e-01 0.0  -2.272795038220e-01  -2.290133321790e-01 5*0.0  -3.638371768060e-01   1.711164729060e-01 0.0   3.520366083080e-01   3.132413630230e-01 
5*0.0   2.131855021580e-01  -1.076882232760e-01 0.0  -2.250557045720e-01  -2.260373305120e-01 5*0.0  -3.622118472740e-01   1.673548483690e-01 0.0   3.481884653590e-01   3.084410226190e-01 
5*0.0   2.115520937090e-01  -1.054500509800e-01 0.0  -2.228179332600e-01  -2.230712861590e-01 5*0.0  -3.604721701620e-01   1.636576021020e-01 0.0   3.443153126470e-01   3.036733972910e-01 
5*0.0   2.098999374220e-01  -1.032543733570e-01 0.0  -2.205675885350e-01  -2.201160694910e-01 5*0.0  -3.586222083120e-01   1.600241728420e-01 0.0   3.404194466930e-01   2.989392838400e-01 
5*0.0   2.082302674640e-01  -1.011004361980e-01 0.0  -2.183060240240e-01  -2.171725201250e-01 5*0.0  -3.566659847800e-01   1.564539869240e-01 0.0   3.365031232630e-01   2.942394541710e-01 
5*0.0   2.065442731290e-01  -9.898749772790e-02 0.0  -2.160345492010e-01  -2.142414471540e-01 5*0.0  -3.546074806740e-01   1.529464589910e-01 0.0   3.325685566120e-01   2.895746549700e-01 
5*0.0   2.048430996950e-01  -9.691482834490e-02 0.0  -2.137544305800e-01  -2.113236297050e-01 5*0.0  -3.524506331140e-01   1.495009926760e-01 0.0   3.286179187900e-01   2.849456074440e-01 
5*0.0   2.031278500150e-01  -9.488171055450e-02 0.0  -2.114668927040e-01  -2.084198173600e-01 5*0.0  -3.501993332920e-01   1.461169812840e-01 0.0   3.246533390270e-01   2.803530070900e-01 
5*0.0   2.013995866530e-01  -9.288743895260e-02 0.0  -2.091731192470e-01  -2.055307306020e-01 5*0.0  -3.478574246540e-01   1.427938084510e-01 0.0   3.206769031640e-01   2.757975235100e-01 
5*0.0   1.996593324780e-01  -9.093131991490e-02 0.0  -2.068742539280e-01  -2.026570613390e-01 5*0.0  -3.454287011800e-01   1.395308487890e-01 0.0   3.166906531640e-01   2.712798002620e-01 
5*0.0   1.979080723200e-01  -8.901267156570e-02 0.0  -2.045714015830e-01  -1.997994733920e-01 5*0.0  -3.429169057830e-01   1.363274685220e-01 0.0   3.126965866660e-01   2.668004547580e-01 
5*0.0   1.961467547460e-01  -8.713082364610e-02 0.0  -2.022656290820e-01  -1.969586029130e-01 5*0.0  -3.403257287950e-01   1.331830260970e-01 0.0   3.086966566120e-01   2.623600781860e-01 
5*0.0   1.943762926310e-01  -8.528511728760e-02 0.0  -1.999579663830e-01  -1.941350590060e-01 5*0.0  -3.376588065750e-01   1.300968727910e-01 0.0   3.046927709220e-01   2.579592354790e-01 
5*0.0   1.925975650950e-01  -8.347490495370e-02 0.0  -1.976494074050e-01  -1.913294241760e-01 5*0.0  -3.349197201990e-01   1.270683532970e-01 0.0   3.006867922280e-01   2.535984653090e-01 
5*0.0   1.908114184380e-01  -8.169955024460e-02 0.0  -1.953409109790e-01  -1.885422548500e-01 5*0.0  -3.321119942570e-01   1.240968062960e-01 0.0   2.966805376600e-01   2.492782801220e-01 
5*0.0   1.890186672650e-01  -7.995842774070e-02 0.0  -1.930334017740e-01  -1.857740819220e-01 5*0.0  -3.292390957490e-01   1.211815650180e-01 0.0   2.926757786850e-01   2.449991661980e-01 
5*0.0   1.872200959930e-01  -7.825092287720e-02 0.0  -1.907277711890e-01  -1.830254112720e-01 5*0.0  -3.263044330620e-01   1.183219577820e-01 0.0   2.886742409950e-01   2.407615837440e-01 
5*0.0   1.854164597570e-01  -7.657643178740e-02 0.0  -1.884248782270e-01  -1.802967242600e-01 5*0.0  -3.233113550520e-01   1.155173085300e-01 0.0   2.846776044450e-01   2.365659670130e-01 
5*0.0   1.836084856860e-01  -7.493436112690e-02 0.0  -1.861255503450e-01  -1.775884783330e-01 5*0.0  -3.202631502020e-01   1.127669373370e-01 0.0   2.806875030370e-01   2.324127244600e-01 
5*0.0   1.817968736150e-01  -7.332412790160e-02 0.0  -1.838305843080e-01  -1.749011074490e-01 5*0.0  -3.171630458750e-01   1.100701609150e-01 0.0   2.767055249480e-01   2.283022389070e-01 
5*0.0   1.799822976510e-01  -7.174515936950e-02 0.0  -1.815407470250e-01  -1.722350227000e-01 5*0.0  -3.140142076510e-01   1.074262930980e-01 0.0   2.727332126020e-01   2.242348677500e-01 
5*0.0   1.781654068910e-01  -7.019689284390e-02 0.0  -1.792567763100e-01  -1.695906127630e-01 5*0.0  -3.108197387350e-01   1.048346453130e-01 0.0   2.687720627890e-01   2.202109431820e-01 
5*0.0   1.763468262650e-01  -6.867877551310e-02 0.0  -1.769793817240e-01  -1.669682444680e-01 5*0.0  -3.075826794590e-01   1.022945270390e-01 0.0   2.648235268110e-01   2.162307724330e-01 
5*0.0   1.745271578530e-01  -6.719026433520e-02 0.0  -1.747092453200e-01  -1.643682632990e-01 5*0.0  -3.043060068520e-01   9.980524625300e-02 0.0   2.608890106820e-01   2.122946380450e-01 
5*0.0   1.727069814630e-01  -6.573082582570e-02 0.0  -1.724470223950e-01  -1.617909939420e-01 5*0.0  -3.009926342810e-01   9.736610985640e-02 0.0   2.569698753570e-01   2.084027981530e-01 
5*0.0   1.708868557490e-01  -6.429993596330e-02 0.0  -1.701933422210e-01  -1.592367407460e-01 5*0.0  -2.976454111760e-01   9.497642409480e-02 0.0   2.530674369910e-01   2.045554867950e-01 
5*0.0   1.690673188000e-01  -6.289707995490e-02 0.0  -1.679488087660e-01  -1.567057882750e-01 5*0.0  -2.942671228140e-01   9.263549496000e-02 0.0   2.491829672470e-01   2.007529142320e-01 
5*0.0   1.672488893210e-01  -6.152175216560e-02 0.0  -1.657140014200e-01  -1.541984018030e-01 5*0.0  -2.908604901740e-01   9.034262858030e-02 0.0   2.453176936190e-01   1.969952672910e-01 
5*0.0   1.654320669360e-01  -6.017345585730e-02 0.0  -1.634894756450e-01  -1.517148278100e-01 5*0.0  -2.874281698600e-01   8.809713159660e-02 0.0   2.414727997960e-01   1.932827097190e-01 
5*0.0   1.636173334040e-01  -5.885170313370e-02 0.0  -1.612757636430e-01  -1.492552944590e-01 5*0.0  -2.839727540790e-01   8.589831152670e-02 0.0   2.376494260550e-01   1.896153825550e-01 
5*0.0   1.618051530440e-01  -5.755601473890e-02 0.0  -1.590733750310e-01  -1.468200121170e-01 5*0.0  -2.804967706890e-01   8.374547711590e-02 0.0   2.338486696760e-01   1.859934045080e-01 
5*0.0   1.599959736560e-01  -5.628591992100e-02 0.0  -1.568827974490e-01  -1.444091738230e-01 5*0.0  -2.770026832950e-01   8.163793867510e-02 0.0   2.300715853870e-01   1.824168723610e-01 
5*0.0   1.581902269010e-01  -5.504095624010e-02 0.0  -1.547044972050e-01  -1.420229557650e-01 5*0.0  -2.734928914110e-01   7.957500840660e-02 0.0   2.263191858350e-01   1.788858613690e-01 
5*0.0   1.563883292090e-01  -5.382066947590e-02 0.0  -1.525389198490e-01  -1.396615177430e-01 5*0.0  -2.699697306670e-01   7.755600071770e-02 0.0   2.225924420750e-01   1.754004256830e-01 
5*0.0   1.545906822840e-01  -5.262461344820e-02 0.0  -1.503864907800e-01  -1.373250036480e-01 5*0.0  -2.664354730710e-01   7.558023252150e-02 0.0   2.188922840850e-01   1.719605987720e-01 
5*0.0   1.527976736580e-01  -5.145234987430e-02 0.0  -1.482476158010e-01  -1.350135419030e-01 5*0.0  -2.628923273220e-01   7.364702352700e-02 0.0   2.152196013020e-01   1.685663938630e-01 
5*0.0   1.510096773010e-01  -5.030344822470e-02 0.0  -1.461226816960e-01  -1.327272459260e-01 5*0.0  -2.593424391640e-01   7.175569651630e-02 0.0   2.115752431760e-01   1.652178043780e-01 
5*0.0   1.492270541300e-01  -4.917748557740e-02 0.0  -1.440120567480e-01  -1.304662145650e-01 5*0.0  -2.557878917920e-01   6.990557761130e-02 0.0   2.079600197390e-01   1.619148043870e-01 
5*0.0   1.474501525230e-01  -4.807404648130e-02 0.0  -1.419160912820e-01  -1.282305325450e-01 5*0.0  -2.522307062950e-01   6.809599652790e-02 0.0   2.043747021950e-01   1.586573490660e-01 
5*0.0   1.456793088390e-01  -4.699272282340e-02 0.0  -1.398351181790e-01  -1.260202708750e-01 5*0.0  -2.486728421430e-01   6.632628682090e-02 0.0   2.008200235260e-01   1.554453751490e-01 
5*0.0   1.439148478020e-01  -4.593311367300e-02 0.0  -1.377694533700e-01  -1.238354873000e-01 5*0.0  -2.451161977110e-01   6.459578611580e-02 0.0   1.972966791030e-01   1.522788014040e-01 
5*0.0   1.421570830360e-01  -4.489482516520e-02 0.0  -1.357193963020e-01  -1.216762266690e-01 5*0.0  -2.415626108400e-01   6.290383633230e-02 0.0   1.938053273270e-01   1.491575290920e-01 
5*0.0   1.404063174280e-01  -4.387747035870e-02 0.0  -1.336852304590e-01  -1.195425214130e-01 5*0.0  -2.380138594330e-01   6.124978389510e-02 0.0   1.903465902610e-01   1.460814424460e-01 
5*0.0   1.386628434880e-01  -4.288066909950e-02 0.0  -1.316672237870e-01  -1.174343918880e-01 5*0.0  -2.344716620830e-01   5.963297993630e-02 0.0   1.869210542930e-01   1.430504091380e-01 
5*0.0   1.369269438590e-01  -4.190404790970e-02 0.0  -1.296656291450e-01  -1.153518467710e-01 5*0.0  -2.309376787320e-01   5.805278048650e-02 0.0   1.835292707910e-01   1.400642807610e-01 
5*0.0   1.351988915360e-01  -4.094723984420e-02 0.0  -1.276806847410e-01  -1.132948834600e-01 5*0.0  -2.274135113610e-01   5.650854665690e-02 0.0   1.801717567820e-01   1.371228933000e-01 
5*0.0   1.334789502340e-01  -4.000988436390e-02 0.0  -1.257126145740e-01  -1.112634884680e-01 5*0.0  -2.239007047040e-01   5.499964481140e-02 0.0   1.768489956260e-01   1.342260676110e-01 
5*0.0   1.317673748480e-01  -3.909162724430e-02 0.0  -1.237616288070e-01  -1.092576377590e-01 5*0.0  -2.204007469890e-01   5.352544672960e-02 0.0   1.735614377060e-01   1.313736098980e-01 
5*0.0   1.300644115030e-01  -3.819212040730e-02 0.0  -1.218279242240e-01  -1.072772971110e-01 5*0.0  -2.169150707030e-01   5.208532976020e-02 0.0   1.703095011140e-01   1.285653121870e-01 
5*0.0   1.283702980520e-01  -3.731102184170e-02 0.0  -1.199116845690e-01  -1.053224225260e-01 5*0.0  -2.134450533810e-01   5.067867696580e-02 0.0   1.670935723550e-01   1.258009528000e-01 
5*0.0   1.266852642750e-01  -3.644799545960e-02 0.0  -1.180130809440e-01  -1.033929605040e-01 5*0.0  -2.099920184080e-01   4.930487725940e-02 0.0   1.639140070410e-01   1.230802968300e-01 
5*0.0   1.250095321950e-01  -3.560271104050e-02 0.0  -1.161322721980e-01  -1.014888484440e-01 5*0.0  -2.065572358520e-01   4.796332553110e-02 0.0   1.607711305990e-01   1.204030966080e-01 
5*0.0   1.233433161500e-01  -3.477484402800e-02 0.0  -1.142694052450e-01  -9.961001493470e-02 5*0.0  -2.031419233010e-01   4.665342276820e-02 0.0   1.576652389710e-01   1.177690921730e-01 
5*0.0   1.216868232270e-01  -3.396407549600e-02 0.0  -1.124246154430e-01  -9.775638010600e-02 5*0.0  -1.997472467260e-01   4.537457616570e-02 0.0   1.545965993270e-01   1.151780117350e-01 
5*0.0   1.200402533180e-01  -3.317009201720e-02 0.0  -1.105980269430e-01  -9.592785595400e-02 5*0.0  -1.963743213550e-01   4.412619923000e-02 0.0   1.515654507670e-01   1.126295721350e-01 
5*0.0   1.184037994100e-01  -3.239258554620e-02 0.0  -1.087897529780e-01  -9.412434662740e-02 5*0.0  -1.930242125560e-01   4.290771187430e-02 0.0   1.485720050310e-01   1.101234793030e-01 
5*0.0   1.167776477950e-01  -3.163125335090e-02 0.0  -1.069998962320e-01  -9.234574875500e-02 5*0.0  -1.896979367390e-01   4.171854050700e-02 0.0   1.456164472050e-01   1.076594287090e-01 
5*0.0   1.151619781550e-01  -3.088579786920e-02 0.0  -1.052285491290e-01  -9.059195174800e-02 5*0.0  -1.863964622620e-01   4.055811811240e-02 0.0   1.426989364270e-01   1.052371058110e-01 
5*0.0   1.135569638090e-01  -3.015592664580e-02 0.0  -1.034757941260e-01  -8.886283807720e-02 5*0.0  -1.831207103480e-01   3.942588432490e-02 0.0   1.398196065870e-01   1.028561864990e-01 
5*0.0   1.119627717740e-01  -2.944135221160e-02 0.0  -1.017417040490e-01  -8.715828355080e-02 5*0.0  -1.798715560130e-01   3.832128549600e-02 0.0   1.369785670300e-01   1.005163375300e-01 
5*0.0   1.103795630770e-01  -2.874179202540e-02 0.0  -1.000263423450e-01  -8.547815763840e-02 5*0.0  -1.766498289930e-01   3.724377475470e-02 0.0   1.341759032500e-01   9.821721696100e-02 
5*0.0   1.088074927380e-01  -2.805696833570e-02 0.0  -9.832976337880e-02  -8.382232368870e-02 5*0.0  -1.734563146830e-01   3.619281206180e-02 0.0   1.314116775840e-01   9.595847457440e-02 
5*0.0   1.072467099750e-01  -2.738660812470e-02 0.0  -9.665201271520e-02  -8.219063922760e-02 5*0.0  -1.702917550800e-01   3.516786425760e-02 0.0   1.286859299000e-01   9.373975229850e-02 
5*0.0   1.056973583360e-01  -2.673044301100e-02 0.0  -9.499312737110e-02  -8.058295621870e-02 5*0.0  -1.671568497220e-01   3.416840510350e-02 0.0   1.259986782810e-01   9.156068462040e-02 
5*0.0   1.041595756870e-01  -2.608820915410e-02 0.0  -9.335313608440e-02  -7.899912130070e-02 5*0.0  -1.640522566410e-01   3.319391531860e-02 0.0   1.233499197020e-01   8.942089899300e-02 
5*0.0   1.026334945340e-01  -2.545964719240e-02 0.0  -9.173205956300e-02  -7.743897604380e-02 5*0.0  -1.609785933020e-01   3.224388260920e-02 0.0   1.207396307000e-01   8.732001623510e-02 
5*0.0   1.011192419640e-01  -2.484450214300e-02 0.0  -9.012991074410e-02  -7.590235719570e-02 5*0.0  -1.579364375570e-01   3.131780169440e-02 0.0   1.181677680430e-01   8.525765092510e-02 
5*0.0   9.961693980790e-02  -2.424252333820e-02 0.0  -8.854669502030e-02  -7.438909690570e-02 5*0.0  -1.549263285890e-01   3.041517432550e-02 0.0   1.156342693870e-01   8.323341178740e-02 
5*0.0   9.812670465420e-02  -2.365346431670e-02 0.0  -8.698241048630e-02  -7.289902296990e-02 5*0.0  -1.519487678590e-01   2.953550930020e-02 0.0   1.131390539260e-01   8.124690207110e-02 
5*0.0   9.664864804240e-02  -2.307708278580e-02 0.0  -8.543704815890e-02  -7.143195903590e-02 5*0.0  -1.490042200420e-01   2.867832247270e-02 0.0   1.106820230390e-01   7.929771992200e-02 
5*0.0   9.518287646940e-02  -2.251314052670e-02 0.0  -8.391059220940e-02  -6.998772483540e-02 5*0.0  -1.460931139740e-01   2.784313675840e-02 0.0   1.082630609260e-01   7.738545874760e-02 
5*0.0   9.372949146630e-02  -2.196140331500e-02 0.0  -8.240302015020e-02  -6.856613639990e-02 5*0.0  -1.432158435830e-01   2.702948213390e-02 0.0   1.058820352320e-01   7.550970757320e-02 
5*0.0   9.228858973100e-02  -2.142164087970e-02 0.0  -8.091430315900e-02  -6.716700623850e-02 5*0.0  -1.403727688180e-01   2.623689563350e-02 0.0   1.035387976730e-01   7.367005139170e-02 
5*0.0   9.086026305250e-02  -2.089362678260e-02 0.0  -7.944440611520e-02  -6.579014357810e-02 5*0.0  -1.375642165760e-01   2.546492134060e-02 0.0   1.012331846410e-01   7.186607150530e-02 
5*0.0   8.944459862620e-02  -2.037713841770e-02 0.0  -7.799328793890e-02  -6.443535454300e-02 5*0.0  -1.347904816200e-01   2.471311037530e-02 0.0   9.896501781030e-02   7.009734585940e-02 
5*0.0   8.804167881050e-02  -1.987195688130e-02 0.0  -7.656090173620e-02  -6.310244233250e-02 5*0.0  -1.320518274870e-01   2.398102087830e-02 0.0   9.673410472810e-02   6.836344936840e-02 
5*0.0   8.665158141220e-02  -1.937786695000e-02 0.0  -7.514719497620e-02  -6.179120743080e-02 5*0.0  -1.293484873980e-01   2.326821799090e-02 0.0   9.454023939840e-02   6.666395423450e-02 
5*0.0   8.527437965870e-02  -1.889465699690e-02 0.0  -7.375210970940e-02  -6.050144777080e-02 5*0.0  -1.266806651490e-01   2.257427383170e-02 0.0   9.238320285600e-02   6.499843025810e-02 
5*0.0   8.391014224450e-02  -1.842211893910e-02 0.0  -7.237558278120e-02  -5.923295890970e-02 5*0.0  -1.240485359980e-01   2.189876746910e-02 0.0   9.026276373010e-02   6.336644514040e-02 
5*0.0   8.255893340760e-02  -1.796004817310e-02 0.0  -7.101754592370e-02  -5.798553420760e-02 5*0.0  -1.214522475500e-01   2.124128489140e-02 0.0   8.817867879880e-02   6.176756477810e-02 
5*0.0   8.122081297590e-02  -1.750824351890e-02 0.0  -6.967792604340e-02  -5.675896500970e-02 5*0.0  -1.188919206190e-01   2.060141897360e-02 0.0   8.613069353290e-02   6.020135355040e-02 
5*0.0   7.989583638450e-02  -1.706650716330e-02 0.0  -6.835664529200e-02  -5.555304075340e-02 5*0.0  -1.163676500870e-01   1.997876944050e-02 0.0   8.411854262990e-02   5.866737459810e-02 
5*0.0   7.858405479160e-02  -1.663464460410e-02 0.0  -6.705362130000e-02  -5.436754918780e-02 5*0.0  -1.138795057600e-01   1.937294282810e-02 0.0   8.214195053730e-02   5.716519009490e-02 
5*0.0   7.728551504940e-02  -1.621246458550e-02 0.0  -6.576876733370e-02  -5.320227648970e-02 5*0.0  -1.114275331960e-01   1.878355244090e-02 0.0   8.020063196600e-02   5.569436151100e-02 
5*0.0   7.600025976350e-02  -1.579977905870e-02 0.0  -6.450199238930e-02  -5.205700741640e-02 5*0.0  -1.090117545380e-01   1.821021830830e-02 0.0   7.829429239250e-02   5.425444986830e-02 
5*0.0   7.472832743330e-02  -1.539640312590e-02 0.0  -6.325320148000e-02  -5.093152545420e-02 5*0.0  -1.066321693270e-01   1.765256713700e-02 0.0   7.642262855170e-02   5.284501598900e-02 
5*0.0   7.346975234850e-02  -1.500215498160e-02 0.0  -6.202229565520e-02  -4.982561296480e-02 5*0.0  -1.042887553060e-01   1.711023226180e-02 0.0   7.458532891790e-02   5.146562073550e-02 
5*0.0   7.222456475300e-02  -1.461685587280e-02 0.0  -6.080917225390e-02  -4.873905129150e-02 5*0.0  -1.019814692100e-01   1.658285359420e-02 0.0   7.278207417620e-02   5.011582524340e-02 
5*0.0   7.099279082120e-02  -1.424033004140e-02 0.0  -5.961372498870e-02  -4.767162093050e-02 5*0.0  -9.971024754680e-02   1.607007756900e-02 0.0   7.101253768230e-02   4.879519114650e-02 
5*0.0   6.977445275880e-02  -1.387240469000e-02 0.0  -5.843584411040e-02  -4.662310162090e-02 5*0.0  -9.747500736110e-02   1.557155708850e-02 0.0   6.927638591260e-02   4.750328079440e-02 
5*0.0   6.856956877500e-02  -1.351290991300e-02 0.0  -5.727541657060e-02  -4.559327249400e-02 5*0.0  -9.527564699050e-02   1.508695146520e-02 0.0   6.757327890280e-02   4.623965746320e-02 
5*0.0   6.737815317450e-02  -1.316167867020e-02 0.0  -5.613232612420e-02  -4.458191216830e-02 5*0.0  -9.311204680480e-02   1.461592636260e-02 0.0   6.590287067650e-02   4.500388555810e-02 
5*0.0   6.620021643650e-02  -1.281854673860e-02 0.0  -5.500645349060e-02  -4.358879889450e-02 5*0.0  -9.098406993360e-02   1.415815373480e-02 0.0   6.426480966310e-02   4.379553080910e-02 
5*0.0   6.503576519850e-02  -1.248335266450e-02 0.0  -5.389767646400e-02  -4.261371063570e-02 5*0.0  -8.889156298090e-02   1.371331176400e-02 0.0   6.265873910430e-02   4.261416046010e-02 
5*0.0   6.388480230700e-02  -1.215593771820e-02 0.0  -5.280587008280e-02  -4.165642519410e-02 5*0.0  -8.683435672560e-02   1.328108479660e-02 0.0   6.108429745140e-02   4.145934344970e-02 
5*0.0   6.274732691210e-02  -1.183614586070e-02 0.0  -5.173090669760e-02  -4.071672030970e-02 5*0.0  -8.481226680870e-02   1.286116327850e-02 0.0   5.954111875110e-02   4.033065058630e-02 
5*0.0   6.162333447300e-02  -1.152382369410e-02 0.0  -5.067265615640e-02  -3.979437375790e-02 5*0.0  -8.282509440740e-02   1.245324368880e-02 0.0   5.802883302090e-02   3.922765471580e-02 
5*0.0   6.051281683070e-02  -1.121882043060e-02 0.0  -4.963098588160e-02  -3.888916346190e-02 5*0.0  -8.087262689430e-02   1.205702847250e-02 0.0   5.654706661500e-02   3.814993088210e-02 
5*0.0   5.941576223930e-02  -1.092098784220e-02 0.0  -4.860576101520e-02  -3.800086756260e-02 5*0.0  -7.895463848430e-02   1.167222597190e-02 0.0   5.509544257860e-02   3.709705648190e-02 
5*0.0   5.833215542490e-02  -1.063018023040e-02 0.0  -4.759684451940e-02  -3.712926452640e-02 5*0.0  -7.707089086670e-02   1.129855035730e-02 0.0   5.367358099320e-02   3.606861141210e-02 
5*0.0   5.726197765060e-02  -1.034625438610e-02 0.0  -4.660409729640e-02  -3.627413322080e-02 5*0.0  -7.522113382330e-02   1.093572155700e-02 0.0   5.228109931090e-02   3.506417821130e-02 
5*0.0   5.620520672780e-02  -1.006906954970e-02 0.0  -4.562737831220e-02  -3.543525302050e-02 5*0.0  -7.340510583390e-02   1.058346518590e-02 0.0   5.091761267940e-02   3.408334219460e-02 
5*0.0   5.516181711990e-02  -9.798487379080e-03 0.0  -4.466654467470e-02  -3.461240385800e-02 5*0.0  -7.162253466650e-02   1.024151247400e-02 0.0   4.958273425610e-02   3.312569158260e-02 
5*0.0   5.413177996300e-02  -9.534371911900e-03 0.0  -4.372145177580e-02  -3.380536632620e-02 5*0.0  -6.987313795480e-02   9.909600194200e-03 0.0   4.827607551380e-02   3.219081762410e-02 
5*0.0   5.311506310480e-02  -9.276589522850e-03 0.0  -4.279195338170e-02  -3.301392173940e-02 5*0.0  -6.815662376110e-02   9.587470589110e-03 0.0   4.699724653490e-02   3.127831471250e-02 
5*0.0   5.211163122050e-02  -9.025008907550e-03 0.0  -4.187790172480e-02  -3.223785221760e-02 5*0.0  -6.647269112590e-02   9.274871297760e-03 0.0   4.574585629790e-02   3.038778049690e-02 
5*0.0   5.112144584860e-02  -8.779501033450e-03 0.0  -4.097914761900e-02  -3.147694074350e-02 5*0.0  -6.482103060390e-02   8.971555281860e-03 0.0   4.452151295270e-02   2.951881598730e-02 
5*0.0   5.014446532910e-02  -8.539939105750e-03 0.0  -4.009554054330e-02  -3.073097123720e-02 5*0.0  -6.320132478570e-02   8.677280751580e-03 0.0   4.332382408800e-02   2.867102565390e-02 
5*0.0   4.918064508460e-02  -8.306198545500e-03 0.0  -3.922692875060e-02  -2.999972861750e-02 5*0.0  -6.161324880690e-02   8.391811091130e-03 0.0   4.215239698850e-02   2.784401752120e-02 
5*0.0   4.822993747640e-02  -8.078156948520e-03 0.0  -3.837315936130e-02  -2.928299886670e-02 5*0.0  -6.005647084310e-02   8.114914784140e-03 0.0   4.100683888360e-02   2.703740325660e-02 
5*0.0   4.729229198380e-02  -7.855694057820e-03 0.0  -3.753407844130e-02  -2.858056908490e-02 5*0.0  -5.853065259140e-02   7.846365338780e-03 0.0   3.988675718670e-02   2.625079825390e-02 
5*0.0   4.636765521210e-02  -7.638691731880e-03 0.0  -3.670953109950e-02  -2.789222754990e-02 5*0.0  -5.703544973910e-02   7.585941212920e-03 0.0   3.879175972600e-02   2.548382171170e-02 
5*0.0   4.545597097530e-02  -7.427033914970e-03 0.0  -3.589936157810e-02  -2.721776377250e-02 5*0.0  -5.557051241930e-02   7.333425739090e-03 0.0   3.772145496700e-02   2.473609670610e-02 
5*0.0   4.455718033810e-02  -7.220606601880e-03 0.0  -3.510341333680e-02  -2.655696853920e-02 5*0.0  -5.413548565260e-02   7.088607049530e-03 0.0   3.667545222550e-02   2.400725025970e-02 
5*0.0   4.367122168670e-02  -7.019297814050e-03 0.0  -3.432152913040e-02  -2.590963397400e-02 5*0.0  -5.273000977710e-02   6.851278001330e-03 0.0   3.565336187330e-02   2.329691340520e-02 
5*0.0   4.279803082220e-02  -6.822997568630e-03 0.0  -3.355355108780e-02  -2.527555357640e-02 5*0.0  -5.135372086470e-02   6.621236101550e-03 0.0   3.465479553480e-02   2.260472124380e-02 
5*0.0   4.193754093490e-02  -6.631597848870e-03 0.0  -3.279932080630e-02  -2.465452227330e-02 5*0.0  -5.000625112520e-02   6.398283432610e-03 0.0   3.367936627650e-02   2.193031300020e-02 
5*0.0   4.108968280740e-02  -6.444992577170e-03 0.0  -3.205867942000e-02  -2.404633645100e-02 5*0.0  -4.868722929810e-02   6.182226577810e-03 0.0   3.272668878780e-02   2.127333207280e-02 
5*0.0   4.025438474490e-02  -6.263077586360e-03 0.0  -3.133146766180e-02  -2.345079400810e-02 5*0.0  -4.739628103120e-02   5.972876547110e-03 0.0   3.179637955400e-02   2.063342607910e-02 
5*0.0   3.943157271250e-02  -6.085750589690e-03 0.0  -3.061752596670e-02  -2.286769439010e-02 5*0.0  -4.613302924850e-02   5.770048703170e-03 0.0   3.088805702260e-02   2.001024689740e-02 
5*0.0   3.862117039190e-02  -5.912911160740e-03 0.0  -2.991669451330e-02  -2.229683861670e-02 5*0.0  -4.489709450460e-02   5.573562687740e-03 0.0   3.000134176150e-02   1.940345070480e-02 
5*0.0   3.782309922880e-02  -5.744460695430e-03 0.0  -2.922881331800e-02  -2.173802933340e-02 5*0.0  -4.368809532840e-02   5.383242348370e-03 0.0   2.913585660960e-02   1.881269801050e-02 
5*0.0   3.703727851370e-02  -5.580302398560e-03 0.0  -2.855372227990e-02  -2.119107082530e-02 5*0.0  -4.250564855460e-02   5.198915665510e-03 0.0   2.829122682110e-02   1.823765368590e-02 
5*0.0   3.626362544530e-02  -5.420341247220e-03 0.0  -2.789126127140e-02  -2.065576906420e-02 5*0.0  -4.134936964380e-02   5.020414680040e-03 0.0   2.746708020250e-02   1.767798699080e-02 
5*0.0   3.550205519220e-02  -5.264483970990e-03 0.0  -2.724127018060e-02  -2.013193172850e-02 5*0.0  -4.021887299150e-02   4.847575421310e-03 0.0   2.666304724230e-02   1.713337159600e-02 
5*0.0   3.475248095980e-02  -5.112639023790e-03 0.0  -2.660358899320e-02  -1.961936823090e-02 5*0.0  -3.911377222590e-02   4.680237835520e-03 0.0   2.587876123500e-02   1.660348560260e-02 
5*0.0   3.401481408190e-02  -4.964716560210e-03 0.0  -2.597805783840e-02  -1.911788975040e-02 5*0.0  -3.803368049470e-02   4.518245714780e-03 0.0   2.511385839770e-02   1.608801155750e-02 
5*0.0   3.328896402760e-02  -4.820628407590e-03 0.0  -2.536451705760e-02  -1.862730924680e-02 5*0.0  -3.697821074130e-02   4.361446626620e-03 0.0   2.436797798110e-02   1.558663646650e-02 
5*0.0   3.257483853580e-02  -4.680288048120e-03 0.0  -2.476280725080e-02  -1.814744148990e-02 5*0.0  -3.594697597080e-02   4.209691844020e-03 0.0   2.364076237380e-02   1.509905180330e-02 
5*0.0   3.187234364790e-02  -4.543610589820e-03 0.0  -2.417276935370e-02  -1.767810307980e-02 5*0.0  -3.493958950480e-02   4.062836276160e-03 0.0   2.293185720080e-02   1.462495351620e-02 
5*0.0   3.118138376770e-02  -4.410512740310e-03 0.0  -2.359424466720e-02  -1.721911246080e-02 5*0.0  -3.395566522680e-02   3.920738399670e-03 0.0   2.224091141610e-02   1.416404203170e-02 
5*0.0   3.050186175550e-02  -4.280912790180e-03 0.0  -2.302707492910e-02  -1.677028994480e-02 5*0.0  -3.299481781770e-02   3.783260190560e-03 0.0   2.156757738980e-02   1.371602225480e-02 
5*0.0   2.983367896220e-02  -4.154730583600e-03 0.0  -2.247110234950e-02  -1.633145772290e-02 5*0.0  -3.205666298120e-02   3.650267056770e-03 0.0   2.091151098920e-02   1.328060356750e-02 
5*0.0   2.917673532650e-02  -4.031887498680e-03 0.0  -2.192616967850e-02  -1.590243988580e-02 5*0.0  -3.114081765970e-02   3.521627771460e-03 0.0   2.027237165470e-02   1.285749982380e-02 
5*0.0   2.853092940940e-02  -3.912306423030e-03 0.0  -2.139212023510e-02  -1.548306242980e-02 5*0.0  -3.024690024120e-02   3.397214406890e-03 0.0   1.964982247080e-02   1.244642934290e-02 
5*0.0   2.789615848830e-02  -3.795911730680e-03 0.0  -2.086879796750e-02  -1.507315327850e-02 5*0.0  -2.937453075690e-02   3.276902269100e-03 0.0   1.904353023130e-02   1.204711489920e-02 
5*0.0   2.727231860420e-02  -3.682629262260e-03 0.0  -2.035604749050e-02  -1.467254228340e-02 5*0.0  -2.852333106940e-02   3.160569833230e-03 0.0   1.845316550020e-02   1.165928371100e-02 
5*0.0   2.665930463190e-02  -3.572386300930e-03 0.0  -1.985371413540e-02  -1.428106124190e-02 5*0.0  -2.769292505320e-02   3.048098679620e-03 0.0   1.787840266740e-02   1.128266742600e-02 
5*0.0   2.605701034890e-02  -3.465111552230e-03 0.0  -1.936164397950e-02  -1.389854389730e-02 5*0.0  -2.688293876590e-02   2.939373430640e-03 0.0   1.731891999960e-02   1.091700210520e-02 
5*0.0   2.546532848840e-02  -3.360735119580e-03 0.0  -1.887968390450e-02  -1.352482595580e-02 5*0.0  -2.609300061090e-02   2.834281688290e-03 0.0   1.677439968740e-02   1.056202820450e-02 
5*0.0   2.488415081730e-02  -3.259188486750e-03 0.0  -1.840768161730e-02  -1.315974508400e-02 5*0.0  -2.532274149290e-02   2.732713972520e-03 0.0   1.624452788700e-02   1.021749055470e-02 
5*0.0   2.431336817690e-02  -3.160404493160e-03 0.0  -1.794548569990e-02  -1.280314091920e-02 5*0.0  -2.457179496470e-02   2.634563660410e-03 0.0   1.572899475840e-02   9.883138339350e-03 
5*0.0   2.375287056580e-02  -3.064317314300e-03 0.0  -1.749294564080e-02  -1.245485507030e-02 5*0.0  -2.383979736620e-02   2.539726926040e-03 0.0   1.522749449930e-02   9.558725070610e-03 
5*0.0   2.320254719780e-02  -2.970862444460e-03 0.0  -1.704991186920e-02  -1.211473112090e-02 5*0.0  -2.312638795670e-02   2.448102681240e-03 0.0   1.473972537460e-02   9.244008563890e-03 
5*0.0   2.266228655500e-02  -2.879976671600e-03 0.0  -1.661623578910e-02  -1.178261463440e-02 5*0.0  -2.243120903900e-02   2.359592517060e-03 0.0   1.426538974300e-02   8.938750910550e-03 
5*0.0   2.213197644400e-02  -2.791598057080e-03 0.0  -1.619176981190e-02  -1.145835315010e-02 5*0.0  -2.175390607670e-02   2.274100646080e-03 0.0   1.380419407900e-02   8.642718449120e-03 
5*0.0   2.161150407210e-02  -2.705665920240e-03 0.0  -1.577636738630e-02  -1.114179618460e-02 5*0.0  -2.109412780470e-02   2.191533845580e-03 0.0   1.335584899130e-02   8.355681735070e-03 
5*0.0   2.110075609050e-02  -2.622120815250e-03 0.0  -1.536988302830e-02  -1.083279523570e-02 5*0.0  -2.045152633270e-02   2.111801401420e-03 0.0   1.292006923870e-02   8.077415509180e-03 
5*0.0   2.059961865810e-02  -2.540904510400e-03 0.0  -1.497217234810e-02  -1.053120377120e-02 5*0.0  -1.982575724190e-02   2.034815052810e-03 0.0   1.249657374150e-02   7.807698664560e-03 
5*0.0   2.010797749770e-02  -2.461959972770e-03 0.0  -1.458309207720e-02  -1.023687723430e-02 5*0.0  -1.921647967650e-02   1.960488937900e-03 0.0   1.208508559040e-02   7.546314212480e-03 
5*0.0   1.962571794630e-02  -2.385231344510e-03 0.0  -1.420250009530e-02  -9.949673037260e-03 5*0.0  -1.862335642710e-02   1.888739540140e-03 0.0   1.168533205230e-02   7.293049246930e-03 
5*0.0   1.915272502530e-02  -2.310663928830e-03 0.0  -1.383025545400e-02  -9.669450555830e-03 5*0.0  -1.804605400990e-02   1.819485635510e-03 0.0   1.129704457250e-02   7.047694908190e-03 
5*0.0   1.868888347800e-02  -2.238204166690e-03 0.0  -1.346621839580e-02  -9.396071125780e-03 5*0.0  -1.748424273880e-02   1.752648240570e-03 0.0   1.091995877480e-02   6.810046345240e-03 
5*0.0   1.823407782380e-02  -2.167799620170e-03 0.0  -1.311025038500e-02  -9.129398036750e-03 5*0.0  -1.693759679280e-02   1.688150561310e-03 0.0   1.055381445860e-02   6.579902677250e-03 
5*0.0   1.778819242490e-02  -2.099398954990e-03 0.0  -1.276221411880e-02  -8.869296525330e-03 5*0.0  -1.640579427710e-02   1.625917942830e-03 0.0   1.019835559280e-02   6.357066954100e-03 
5*0.0   1.735111152280e-02  -2.032951920930e-03 0.0  -1.242197355300e-02  -8.615633767760e-03 5*0.0  -1.588851727920e-02   1.565877819860e-03 0.0   9.853330308260e-03   6.141346116150e-03 
5*0.0   1.692271929440e-02  -1.968409334590e-03 0.0  -1.208939391810e-02  -8.368278873710e-03 5*0.0  -1.538545192040e-02   1.507959668050e-03 0.0   9.518490886760e-03   5.932550953060e-03 
5*0.0   1.650289990480e-02  -1.905723061860e-03 0.0  -1.176434173860e-02  -8.127102876380e-03 5*0.0  -1.489628840120e-02   1.452094956160e-03 0.0   9.193593748350e-03   5.730496062000e-03 
5*0.0   1.609153753950e-02  -1.844845998710e-03 0.0  -1.144668484670e-02  -7.891978722730e-03 5*0.0  -1.442072104330e-02   1.398217099000e-03 0.0   8.878399436160e-03   5.534999805070e-03 
5*0.0   1.568851647410e-02  -1.785732056320e-03 0.0  -1.113629239880e-02  -7.662781264720e-03 5*0.0  -1.395844832540e-02   1.346261411160e-03 0.0   8.572672599160e-03   5.345884266190e-03 
5*0.0   1.529372110450e-02  -1.728336142330e-03 0.0  -1.083303489100e-02  -7.439387250720e-03 5*0.0  -1.350917291590e-02   1.296165061660e-03 0.0   8.276181972940e-03   5.162975207280e-03 
5*0.0   1.490703599340e-02  -1.672614143470e-03 0.0  -1.053678416960e-02  -7.221675311830e-03 5*0.0  -1.307260170070e-02   1.247867029250e-03 0.0   7.988700358480e-03   4.986102024080e-03 
5*0.0   1.452834592220e-02  -1.618522910280e-03 0.0  -1.024741344670e-02  -7.009525953060e-03 5*0.0  -1.264844580640e-02   1.201308058630e-03 0.0   7.710004599140e-03   4.815097701310e-03 
5*0.0   1.415753592580e-02  -1.566020239380e-03 0.0  -9.964797308240e-03  -6.802821540120e-03 5*0.0  -1.223642062060e-02   1.156430617430e-03 0.0   7.439875555910e-03   4.649798767530e-03 
5*0.0   1.379449133730e-02  -1.515064857360e-03 0.0  -9.688811726020e-03  -6.601446287840e-03 5*0.0  -1.183624580690e-02   1.113178853930e-03 0.0   7.178098080920e-03   4.490045249550e-03 
5*0.0   1.343909782710e-02  -1.465616404480e-03 0.0  -9.419334067470e-03  -6.405286248050e-03 5*0.0  -1.144764531770e-02   1.071498555630e-03 0.0   6.924460989500e-03   4.335680626530e-03 
5*0.0   1.309124144610e-02  -1.417635418570e-03 0.0  -9.156243101800e-03  -6.214229295230e-03 5*0.0  -1.107034740210e-02   1.031337108590e-03 0.0   6.678757030650e-03   4.186551783730e-03 
5*0.0   1.275080865860e-02  -1.371083319190e-03 0.0  -8.899419011920e-03  -6.028165114520e-03 5*0.0  -1.070408461140e-02   9.926434574430e-04 0.0   6.440782856100e-03   4.042508966060e-03 
5*0.0   1.241768638310e-02  -1.325922392460e-03 0.0  -8.648743395660e-03  -5.846985187390e-03 5*0.0  -1.034859380030e-02   9.553680663460e-04 0.0   6.210338988130e-03   3.903405731390e-03 
5*0.0   1.209176203310e-02  -1.282115775240e-03 0.0  -8.404099276950e-03  -5.670582777680e-03 5*0.0  -1.000361612590e-02   9.194628805190e-04 0.0   5.987229786030e-03   3.769098903690e-03 
5*0.0   1.177292352840e-02  -1.239627438060e-03 0.0  -8.165371106120e-03  -5.498852915770e-03 5*0.0  -9.668897043320e-03   8.848812886370e-04 0.0   5.771263411430e-03   3.639448525980e-03 
5*0.0   1.146105937630e-02  -1.198422174550e-03 0.0  -7.932444768560e-03  -5.331692385860e-03 5*0.0  -9.344186297810e-03   8.515780859280e-04 0.0   5.562251792530e-03   3.514317813230e-03 
5*0.0   1.115605864860e-02  -1.158465580900e-03 0.0  -7.705207584630e-03  -5.168999709370e-03 5*0.0  -9.029237915110e-03   8.195094380100e-04 0.0   5.360010587270e-03   3.393573105210e-03 
5*0.0   1.085781105270e-02  -1.119724045050e-03 0.0  -7.483548315050e-03  -5.010675130400e-03 5*0.0  -8.723810188440e-03   7.886328454600e-04 0.0   5.164359145530e-03   3.277083819190e-03 
5*0.0   1.056620694730e-02  -1.082164730460e-03 0.0  -7.267357161070e-03  -4.856620599200e-03 5*0.0  -8.427665663180e-03   7.589071091010e-04 0.0   4.975120470450e-03   3.164722402760e-03 
5*0.0   1.028113737430e-02  -1.045755563060e-03 0.0  -7.056525766270e-03  -4.706739756810e-03 5*0.0  -8.140571119160e-03   7.302922959950e-04 0.0   4.792121178860e-03   3.056364286610e-03 
5*0.0   1.000249409170e-02  -1.010465215550e-03 0.0  -6.850947217710e-03  -4.560937918800e-03 5*0.0  -7.862297550570e-03   7.027497061510e-04 0.0   4.615191461020e-03   2.951887837360e-03 
5*0.0   9.730169582900e-03  -9.762630929040e-04 0.0  -6.650516045060e-03  -4.419122059120e-03 5*0.0  -7.592620143700e-03   6.762418399130e-04 0.0   4.444165039550e-03   2.851174310500e-03 
5*0.0   9.464057109930e-03  -9.431193213000e-04 0.0  -6.455128220050e-03  -4.281200793160e-03 5*0.0  -7.331318252640e-03   6.507323660500e-04 0.0   4.278879127730e-03   2.754107803430e-03 
5*0.0   9.204050719750e-03  -9.110047314230e-04 0.0  -6.264681155880e-03  -4.147084360820e-03 5*0.0  -7.078175372940e-03   6.261860905080e-04 0.0   4.119174387270e-03   2.660575208600e-03 
5*0.0   8.950045269880e-03  -8.798908464420e-04 0.0  -6.079073703200e-03  -4.016684609950e-03 5*0.0  -6.832979113420e-03   6.025689258440e-04 0.0   3.964894885400e-03   2.570466166900e-03 
5*0.0   8.701936466810e-03  -8.497498693530e-04 0.0  -5.898206149660e-03  -3.889914978940e-03 5*0.0  -6.595521166200e-03   5.798478613140e-04 0.0   3.815888051580e-03   2.483673021110e-03 
5*0.0   8.459620862370e-03  -8.205546678230e-04 0.0  -5.721980215290e-03  -3.766690479830e-03 5*0.0  -6.365597275050e-03   5.579909336110e-04 0.0   3.672004633710e-03   2.400090769670e-03 
5*0.0   8.222995897990e-03  -7.922787633390e-04 0.0  -5.550299049260e-03  -3.646927680650e-03 5*0.0  -6.143007202160e-03   5.369671982450e-04 0.0   3.533098653950e-03   2.319617020600e-03 
5*0.0   7.991959915450e-03  -7.648963169380e-04 0.0  -5.383067225480e-03  -3.530544687580e-03 5*0.0  -5.927554693410e-03   5.167467015620e-04 0.0   3.399027364200e-03   2.242151945710e-03 
5*0.0   7.766412171080e-03  -7.383821169360e-04 0.0  -5.220190737530e-03  -3.417461128000e-03 5*0.0  -5.719047442260e-03   4.973004533800e-04 0.0   3.269651201290e-03   2.167598235060e-03 
5*0.0   7.546252860990e-03  -7.127115671690e-04 0.0  -5.061576993650e-03  -3.307598132310e-03 5*0.0  -5.517297052260e-03   4.786004002420e-04 0.0   3.144833741880e-03   2.095861051720e-03 
5*0.0   7.331383141850e-03  -6.878606743300e-04 0.0  -4.907134810870e-03  -3.200878316210e-03 5*0.0  -5.322118998400e-03   4.606193992730e-04 0.0   3.024441657170e-03   2.026847986810e-03 
5*0.0   7.121705134620e-03  -6.638060353530e-04 0.0  -4.756774407770e-03  -3.097225762670e-03 5*0.0  -5.133332587290e-03   4.433311926350e-04 0.0   2.908344667450e-03   1.960469014880e-03 
5*0.0   6.917121948030e-03  -6.405248261030e-04 0.0  -4.610407399110e-03  -2.996566004330e-03 5*0.0  -4.950760916220e-03   4.267103825710e-04 0.0   2.796415496460e-03   1.896636449650e-03 
5*0.0   6.717537694250e-03  -6.179947899560e-04 0.0  -4.467946787850e-03  -2.898826005220e-03 5*0.0  -4.774230831300e-03   4.107324070200e-04 0.0   2.688529825690e-03   1.835264900030e-03 
5*0.0   6.522857494210e-03  -5.961942245950e-04 0.0  -4.329306957320e-03  -2.803934142990e-03 5*0.0  -4.603572884590e-03   3.953735158050e-04 0.0   2.584566248630e-03   1.776271226570e-03 
5*0.0   6.332987497710e-03  -5.751019730490e-04 0.0  -4.194403663090e-03  -2.711820189900e-03 5*0.0  -4.438621290490e-03   3.806107473790e-04 0.0   2.484406224990e-03   1.719574498280e-03 
5*0.0   6.147834900280e-03  -5.546974111540e-04 0.0  -4.063154026790e-03  -2.622415296160e-03 5*0.0  -4.279213881250e-03   3.664219061200e-04 0.0   2.387934034870e-03   1.665095949810e-03 
5*0.0   5.967307921470e-03  -5.349604342350e-04 0.0  -3.935476520570e-03  -2.535651972350e-03 5*0.0  -4.125192061810e-03   3.527855401710e-04 0.0   2.295036733040e-03   1.612758939060e-03 
5*0.0   5.791315869810e-03  -5.158714510560e-04 0.0  -3.811290967420e-03  -2.451464067050e-03 5*0.0  -3.976400764010e-03   3.396809197980e-04 0.0   2.205604103270e-03   1.562488905210e-03 
5*0.0   5.619769104630e-03  -4.974113706570e-04 0.0  -3.690518525290e-03  -2.369786753900e-03 5*0.0  -3.832688400150e-03   3.270880162890e-04 0.0   2.119528612720e-03   1.514213327150e-03 
5*0.0   5.452579068470e-03  -4.795615897570e-04 0.0  -3.573081683300e-03  -2.290556511670e-03 5*0.0  -3.693906816110e-03   3.149874813490e-04 0.0   2.036705366530e-03   1.467861682320e-03 
5*0.0   5.289658270900e-03  -4.623039847170e-04 0.0  -3.458904235760e-03  -2.213711105500e-03 5*0.0  -3.559911243940e-03   3.033606270110e-04 0.0   1.957032062470e-03   1.423365406100e-03 
5*0.0   5.130920330920e-03  -4.456209014000e-04 0.0  -3.347911292210e-03  -2.139189566220e-03 5*0.0  -3.430560254050e-03   2.921894060320e-04 0.0   1.880408945840e-03   1.380657851520e-03 
5*0.0   4.976279953970e-03  -4.294951440890e-04 0.0  -3.240029259320e-03  -2.066932181160e-03 5*0.0  -3.305715707070e-03   2.814563927780e-04 0.0   1.806738764570e-03   1.339674249510e-03 
5*0.0   4.825652947060e-03  -4.139099668230e-04 0.0  -3.135185819260e-03  -1.996880467250e-03 5*0.0  -3.185242705360e-03   2.711447645920e-04 0.0   1.735926724490e-03   1.300351669570e-03 
5*0.0   4.678956224000e-03  -3.988490620730e-04 0.0  -3.033309934560e-03  -1.928977155630e-03 5*0.0  -3.069009544320e-03   2.612382836190e-04 0.0   1.667880444880e-03   1.262628980960e-03 
5*0.0   4.536107806160e-03  -3.842965504230e-04 0.0  -2.934331829010e-03  -1.863166175390e-03 5*0.0  -2.956887663430e-03   2.517212790970e-04 0.0   1.602509914340e-03   1.226446814330e-03 
5*0.0   4.397026826570e-03  -3.702369763190e-04 0.0  -2.838182972060e-03  -1.799392636580e-03 5*0.0  -2.848751597210e-03   2.425786300960e-04 0.0   1.539727446860e-03   1.191747523840e-03 
5*0.0   4.261633537480e-03  -3.566552911870e-04 0.0  -2.744796077380e-03  -1.737602808130e-03 5*0.0  -2.744478925960e-03   2.337957486990e-04 0.0   1.479447638210e-03   1.158475149770e-03 
5*0.0   4.129849293010e-03  -3.435368492220e-04 0.0  -2.654105076090e-03  -1.677744103800e-03 5*0.0  -2.643950226510e-03   2.253585636120e-04 0.0   1.421587322760e-03   1.126575381600e-03 
5*0.0   4.001596587070e-03  -3.308673991490e-04 0.0  -2.566045122540e-03  -1.619765066440e-03 5*0.0  -2.547049022930e-03   2.172535042060e-04 0.0   1.366065530470e-03   1.095995521650e-03 
5*0.0   3.876799007120e-03  -3.186330708940e-04 0.0  -2.480552562930e-03  -1.563615343910e-03 5*0.0  -2.453661737170e-03   2.094674849670e-04 0.0   1.312803444390e-03   1.066684449140e-03 
5*0.0   3.755381278960e-03  -3.068203718750e-04 0.0  -2.397564943160e-03  -1.509245678900e-03 5*0.0  -2.363677639860e-03   2.019878903550e-04 0.0   1.261724358450e-03   1.038592584790e-03 
5*0.0   3.637269232520e-03  -2.954161751090e-04 0.0  -2.317020969430e-03  -1.456607886300e-03 5*0.0  -2.276988801080e-03   1.948025600700e-04 0.0   1.212753635640e-03   1.011671855920e-03 
5*0.0   3.522389813680e-03  -2.844077108030e-04 0.0  -2.238860526130e-03  -1.405654840050e-03 5*0.0  -2.193490041300e-03   1.878997746950e-04 0.0   1.165818666610e-03   9.858756620410e-04 
5*0.0   3.410671086330e-03  -2.737825616070e-04 0.0  -2.163024638220e-03  -1.356340454190e-03 5*0.0  -2.113078882470e-03   1.812682417320e-04 0.0   1.120848828690e-03   9.611588409810e-04 
5*0.0   3.302042223350e-03  -2.635286500420e-04 0.0  -2.089455468910e-03  -1.308619664840e-03 5*0.0  -2.035655499250e-03   1.748970820100e-04 0.0   1.077775445290e-03   9.374776354820e-04 
5*0.0   3.196433507770e-03  -2.536342343210e-04 0.0  -2.018096305360e-03  -1.262448415580e-03 5*0.0  -1.961122670480e-03   1.687758164590e-04 0.0   1.036531745760e-03   9.147896603270e-04 
5*0.0   3.093776324360e-03  -2.440878971770e-04 0.0  -1.948891546420e-03  -1.217783641400e-03 5*0.0  -1.889385730860e-03   1.628943532450e-04 0.0   9.970528256930e-04   8.930538699710e-04 
5*0.0   2.994003156100e-03  -2.348785407240e-04 0.0  -1.881786680710e-03  -1.174583248490e-03 5*0.0  -1.820352522930e-03   1.572429752510e-04 0.0   9.592756076710e-04   8.722305266750e-04 
5*0.0   2.897047595000e-03  -2.259953795790e-04 0.0  -1.816728285820e-03  -1.132806100090e-03 5*0.0  -1.753933349230e-03   1.518123279090e-04 0.0   9.231388024750e-04   8.522811691460e-04 
5*0.0   2.802844311790e-03  -2.174279290660e-04 0.0  -1.753664008660e-03  -1.092412001920e-03 5*0.0  -1.690040924960e-03   1.465934073610e-04 0.0   8.885828707550e-04   8.331685816990e-04 
5*0.0   2.711329070160e-03  -2.091660030130e-04 0.0  -1.692542548800e-03  -1.053361683520e-03 5*0.0  -1.628590330740e-03   1.415775489550e-04 0.0   8.555499851790e-04   8.148567638950e-04 
5*0.0   2.622438714550e-03  -2.011997049640e-04 0.0  -1.633313646980e-03  -1.015616781950e-03 5*0.0  -1.569498965920e-03   1.367564160570e-04 0.0   8.239839930610e-04   7.973109007150e-04 
5*0.0   2.536111159340e-03  -1.935194186780e-04 0.0  -1.575928074060e-03  -9.791398287070e-04 5*0.0  -1.512686502170e-03   1.321219891800e-04 0.0   7.938303794700e-04   7.804973332150e-04 
5*0.0   2.452285397140e-03  -1.861158049500e-04 0.0  -1.520337614800e-03  -9.438942313120e-04 5*0.0  -1.458074837450e-03   1.276665554180e-04 0.0   7.650362308420e-04   7.643835296870e-04 
5*0.0   2.370901474190e-03  -1.789797932710e-04 0.0  -1.466495054480e-03  -9.098442591730e-04 5*0.0  -1.405588050430e-03   1.233826981850e-04 0.0   7.375501990660e-04   7.489380573160e-04 
5*0.0   2.291900496120e-03  -1.721025750690e-04 0.0  -1.414354161750e-03  -8.769550270280e-04 5*0.0  -1.355152355360e-03   1.192632872380e-04 0.0   7.113224660910e-04   7.341305543460e-04 
5*0.0   2.215224613680e-03  -1.654755976850e-04 0.0  -1.363869683200e-03  -8.451924818670e-04 5*0.0  -1.306696057280e-03   1.153014689960e-04 0.0   6.863047090210e-04   7.199317027140e-04 
5*0.0   2.140817017310e-03  -1.590905574620e-04 0.0  -1.314997321630e-03  -8.145233850870e-04 5*0.0  -1.260149507820e-03   1.114906571300e-04 0.0   6.624500657180e-04   7.063132011950e-04 
5*0.0   2.068621932240e-03  -1.529393946490e-04 0.0  -1.267693724230e-03  -7.849152994270e-04 5*0.0  -1.215445061370e-03   1.078245234350e-04 0.0   6.397131009170e-04   6.932477390280e-04 
5*0.0   1.998584601100e-03  -1.470142860910e-04 0.0  -1.221916470810e-03  -7.563365737980e-04 5*0.0  -1.172517031790e-03   1.042969889600e-04 0.0   6.180497728420e-04   6.807089700220e-04 
5*0.0   1.930651286150e-03  -1.413076397550e-04 0.0  -1.177624058460e-03  -7.287563284840e-04 5*0.0  -1.131301649570e-03   1.009022154030e-04 0.0   5.974174003420e-04   6.686714871460e-04 
5*0.0   1.864769253830e-03  -1.358120895120e-04 0.0  -1.134775888070e-03  -7.021444399630e-04 5*0.0  -1.091737019540e-03   9.763459675690e-05 0.0   5.777746305310e-04   6.571107975920e-04 
5*0.0   1.800886767990e-03  -1.305204884320e-04 0.0  -1.093332249070e-03  -6.764715285050e-04 5*0.0  -1.053763079070e-03   9.448875120970e-05 0.0   5.590814069450e-04   6.460032983170e-04 
5*0.0   1.738953077640e-03  -1.254259038330e-04 0.0  -1.053254308980e-03  -6.517089422550e-04 5*0.0  -1.017321556830e-03   9.145951327640e-05 0.0   5.412989382050e-04   6.353262520450e-04 
5*0.0   1.678918411210e-03  -1.205216110990e-04 0.0  -1.014504098060e-03  -6.278287442120e-04 5*0.0  -9.823559319950e-04   8.854192617530e-05 0.0   5.243896672030e-04   6.250577637420e-04 
5*0.0   1.620733964770e-03  -1.158010893210e-04 0.0  -9.770444940460e-04  -6.048036973380e-04 5*0.0  -9.488113941090e-04   8.573123442940e-05 0.0   5.083172407870e-04   6.151767575460e-04 
5*0.0   1.564351893340e-03  -1.112580154360e-04 0.0  -9.408392115650e-04  -5.826072527980e-04 5*0.0  -9.166348034090e-04   8.302287669430e-05 0.0   4.930464799680e-04   6.056629541510e-04 
5*0.0   1.509725297770e-03  -1.068862589270e-04 0.0  -9.058527880610e-04  -5.612135352300e-04 5*0.0  -8.857746517380e-04   8.041247880340e-05 0.0   4.785433506240e-04   5.964968486520e-04 
5*0.0   1.456808217150e-03  -1.026798766710e-04 0.0  -8.720505681030e-04  -5.405973292900e-04 5*0.0  -8.561810240090e-04   7.789584702690e-05 0.0   4.647749347240e-04   5.876596888290e-04 
5*0.0   1.405555619980e-03  -9.863310913730e-05 0.0  -8.393986919690e-04  -5.207340666370e-04 5*0.0  -8.278055602350e-04   7.546896153850e-05 0.0   4.517094020490e-04   5.791334538700e-04 
5*0.0   1.355923385940e-03  -9.474037377930e-05 0.0  -8.078640823820e-04  -5.015998141820e-04 5*0.0  -8.006014181190e-04   7.312797008330e-05 0.0   4.393159824210e-04   5.709008335390e-04 
5*0.0   1.307868306290e-03  -9.099626208960e-05 0.0  -7.774144318310e-04  -4.831712594220e-04 5*0.0  -7.745232362220e-04   7.086918184470e-05 0.0   4.275649384320e-04   5.629452077790e-04 
5*0.0   1.261348063370e-03  -8.739553361660e-05 0.0  -7.480181877560e-04  -4.654256996300e-04 5*0.0  -7.495270977000e-04   6.868906150190e-05 0.0   4.164275386690e-04   5.552506267220e-04 
5*0.0   1.216321224000e-03  -8.393311210610e-05 0.0  -7.196445401540e-04  -4.483410274110e-04 5*0.0  -7.255704946140e-04   6.658422347480e-05 0.0   4.058760314370e-04   5.478017911530e-04 
5*0.0   1.172747228500e-03  -8.060408112080e-05 0.0  -6.922634119020e-04  -4.318957215150e-04 5*0.0  -7.026122928220e-04   6.455142635130e-05 0.0   3.958836189750e-04   5.405840333580e-04 
5*0.0   1.130586376810e-03  -7.740367904940e-05 0.0  -6.658454389850e-04  -4.160688308380e-04 5*0.0  -6.806126974410e-04   6.258756749170e-05 0.0   3.864244321580e-04   5.335832984110e-04 
5*0.0   1.089799823210e-03  -7.432729608450e-05 0.0  -6.403619648370e-04  -4.008399658410e-04 5*0.0  -6.595332188920e-04   6.068967780460e-05 0.0   3.774735056850e-04   5.267861258530e-04 
5*0.0   1.050349555480e-03  -7.137046873320e-05 0.0  -6.157850233980e-04  -3.861892842040e-04 5*0.0  -6.393366395260e-04   5.885491669380e-05 0.0   3.690067537490e-04   5.201796317730e-04 
5*0.0   1.012198392580e-03  -6.852887660590e-05 0.0  -5.920873295640e-04  -3.720974816880e-04 5*0.0  -6.199869808150e-04   5.708056716510e-05 0.0   3.610009461840e-04   5.137514912920e-04 
5*0.0   9.753099686520e-04  -6.579833854820e-05 0.0  -5.692422646330e-04  -3.585457787820e-04 5*0.0  -6.014494711350e-04   5.536403109400e-05 0.0   3.534336850850e-04   5.074899214280e-04 
5*0.0   9.396487226800e-04  -6.317480810150e-05 0.0  -5.472238638140e-04  -3.455159103380e-04 5*0.0  -5.836905141180e-04   5.370282464860e-05 0.0   3.462833818950e-04   5.013836643580e-04 
5*0.0   9.051798855470e-04  -6.065437036580e-05 0.0  -5.260068064180e-04  -3.329901140120e-04 5*0.0  -5.666776575670e-04   5.209457386090e-05 0.0   3.395292349600e-04   4.954219710500e-04 
5*0.0   8.718694705330e-04  -5.823323790140e-05 0.0  -5.055664019490e-04  -3.209511203720e-04 5*0.0  -5.503795629650e-04   5.053701034660e-05 0.0   3.331512075370e-04   4.895945852680e-04 
5*0.0   8.396842609380e-04  -5.590774751280e-05 0.0  -4.858785787780e-04  -3.093821407020e-04 5*0.0  -5.347659755310e-04   4.902796716610e-05 0.0   3.271300062670e-04   4.838917279620e-04 
5*0.0   8.085917978170e-04  -5.367435655330e-05 0.0  -4.669198721160e-04  -2.982668580440e-04 5*0.0  -5.198076948560e-04   4.756537482390e-05 0.0   3.214470600880e-04   4.783040819980e-04 
5*0.0   7.785603691970e-04  -5.152963928060e-05 0.0  -4.486674129220e-04  -2.875894146400e-04 5*0.0  -5.054765460990e-04   4.614725740180e-05 0.0   3.160844995950e-04   4.728227772640e-04 
5*0.0   7.495589988730e-04  -4.947028390490e-05 0.0  -4.310989149520e-04  -2.773344043300e-04 5*0.0  -4.917453517360e-04   4.477172882420e-05 0.0   3.110251368460e-04   4.674393761220e-04 
5*0.0   7.215574321210e-04  -4.749308882380e-05 0.0  -4.141926657190e-04  -2.674868595610e-04 5*0.0  -4.785879038800e-04   4.343698924900e-05 0.0   3.062524455920e-04   4.621458591990e-04 
5*0.0   6.945261285330e-04  -4.559496011720e-05 0.0  -3.979275132490e-04  -2.580322446780e-04 5*0.0  -4.659789371330e-04   4.214132158230e-05 0.0   3.017505419490e-04   4.569346115400e-04 
5*0.0   6.684362468110e-04  -4.377290781700e-05 0.0  -3.822828550930e-04  -2.489564430240e-04 5*0.0  -4.538941020070e-04   4.088308811270e-05 0.0   2.975041654800e-04   4.517984090720e-04 
5*0.0   6.432596348940e-04  -4.202404307230e-05 0.0  -3.672386285880e-04  -2.402457496790e-04 5*0.0  -4.423099388710e-04   3.966072726170e-05 0.0   2.934986607060e-04   4.467304054150e-04 
5*0.0   6.189688180080e-04  -4.034557529500e-05 0.0  -3.527752986660e-04  -2.318868608600e-04 5*0.0  -4.312038524470e-04   3.847275044800e-05 0.0   2.897199590250e-04   4.417241190120e-04 
5*0.0   5.955369873320e-04  -3.873480912080e-05 0.0  -3.388738477160e-04  -2.238668645070e-04 5*0.0  -4.205540868360e-04   3.731773905950e-05 0.0   2.861545610390e-04   4.367734205810e-04 
5*0.0   5.729379897900e-04  -3.718914171490e-05 0.0  -3.255157649370e-04  -2.161732322980e-04 5*0.0  -4.103397010700e-04   3.619434153380e-05 0.0   2.827895192840e-04   4.318725208750e-04 
5*0.0   5.511463129460e-04  -3.570605983430e-05 0.0  -3.126830357340e-04  -2.087938096150e-04 5*0.0  -4.005405451970e-04   3.510127054040e-05 0.0   2.796124213510e-04   4.270159587610e-04 
5*0.0   5.301370791490e-04  -3.428313745650e-05 0.0  -3.003581313930e-04  -2.017168071100e-04 5*0.0  -3.911372368700e-04   3.403730026370e-05 0.0   2.766113734060e-04   4.221985895860e-04 
5*0.0   5.098860298330e-04  -3.291803272820e-05 0.0  -2.885239988660e-04  -1.949307915270e-04 5*0.0  -3.821111384590e-04   3.300126378320e-05 0.0   2.737749840900e-04   4.174155738630e-04 
5*0.0   4.903695166960e-04  -3.160848598970e-05 0.0  -2.771640511560e-04  -1.884246785190e-04 5*0.0  -3.734443346640e-04   3.199205054740e-05 0.0   2.710923487900e-04   4.126623662240e-04 
5*0.0   4.715644891560e-04  -3.035231647540e-05 0.0  -2.662621563420e-04  -1.821877228420e-04 5*0.0  -3.651196106300e-04   3.100860394020e-05 0.0   2.685530342970e-04   4.079347046860e-04 
5*0.0   4.534484852740e-04  -2.914742081490e-05 0.0  -2.558026288470e-04  -1.762095109340e-04 5*0.0  -3.571204305570e-04   3.004991893450e-05 0.0   2.661470638250e-04   4.032286001750e-04 
5*0.0   4.359996194500e-04  -2.799177019030e-05 0.0  -2.457702193380e-04  -1.704799526170e-04 5*0.0  -3.494309167950e-04   2.911503983290e-05 0.0   2.638649023850e-04   3.985403263440e-04 
5*0.0   4.191965707210e-04  -2.688340782910e-05 0.0  -2.361501056070e-04  -1.649892735850e-04 5*0.0  -3.420358294240e-04   2.820305809090e-05 0.0   2.616974425270e-04   3.938664096550e-04 
5*0.0   4.030185743860e-04  -2.582044730360e-05 0.0  -2.269278819120e-04  -1.597280066850e-04 5*0.0  -3.349205463090e-04   2.731311022140e-05 0.0   2.596359904190e-04   3.892036197280e-04 
5*0.0   3.874454095820e-04  -2.480106990220e-05 0.0  -2.180895519160e-04  -1.546869854940e-04 5*0.0  -3.280710436220e-04   2.644437577650e-05 0.0   2.576722522810e-04   3.845489599510e-04 
5*0.0   3.724573889350e-04  -2.382352275570e-05 0.0  -2.096215173120e-04  -1.498573358740e-04 5*0.0  -3.214738768280e-04   2.559607540630e-05 0.0   2.557983211530e-04   3.798996583480e-04 
5*0.0   3.580353489130e-04  -2.288611670130e-05 0.0  -2.015105706470e-04  -1.452304692450e-04 5*0.0  -3.151161621250e-04   2.476746898960e-05 0.0   2.540066639860e-04   3.752531586990e-04 
5*0.0   3.441606381770e-04  -2.198722426110e-05 0.0  -1.937438854770e-04  -1.407980749590e-04 5*0.0  -3.089855583380e-04   2.395785383690e-05 0.0   2.522901090800e-04   3.706071119020e-04 
5*0.0   3.308151085300e-04  -2.112527762870e-05 0.0  -1.863090081250e-04  -1.365521136460e-04 5*0.0  -3.030702492470e-04   2.316656296110e-05 0.0   2.506418338220e-04   3.659593675790e-04 
5*0.0   3.179811042690e-04  -2.029876690040e-05 0.0  -1.791938487710e-04  -1.324848097000e-04 5*0.0  -2.973589263570e-04   2.239296341560e-05 0.0   2.490553527510e-04   3.613079659180e-04 
5*0.0   3.056414514510e-04  -1.950623814000e-05 0.0  -1.723866737570e-04  -1.285886455400e-04 5*0.0  -2.918407720950e-04   2.163645469640e-05 0.0   2.475245059330e-04   3.566511297520e-04 
5*0.0   2.937794493640e-04  -1.874629157650e-05 0.0  -1.658760966140e-04  -1.248563536110e-04 5*0.0  -2.865054434300e-04   2.089646720660e-05 0.0   2.460434476280e-04   3.519872568510e-04 
5*0.0   2.823788589410e-04  -1.801757980430e-05 0.0  -1.596510699790e-04  -1.212809108240e-04 5*0.0  -2.813430559050e-04   2.017246078110e-05 0.0   2.446066352730e-04   3.473149124520e-04 
5*0.0   2.714238946820e-04  -1.731880615120e-05 0.0  -1.537008783950e-04  -1.178555320610e-04 5*0.0  -2.763441680800e-04   1.946392326970e-05 0.0   2.432088187390e-04   3.426328219970e-04 
5*0.0   2.608992141410e-04  -1.664872310760e-05 0.0  -1.480151293010e-04  -1.145736630320e-04 5*0.0  -2.714997663720e-04   1.877036917700e-05 0.0   2.418450298890e-04   3.379398640900e-04 
5*0.0   2.507899086240e-04  -1.600613045710e-05 0.0  -1.425837462160e-04  -1.114289756830e-04 5*0.0  -2.668012503000e-04   1.809133835600e-05 0.0   2.405105724140e-04   3.332350636520e-04 
5*0.0   2.410814935250e-04  -1.538987393530e-05 0.0  -1.373969606170e-04  -1.084153605300e-04 5*0.0  -2.622404181000e-04   1.742639475500e-05 0.0   2.392010119350e-04   3.285175852940e-04 
5*0.0   2.317598996230e-04  -1.479884364080e-05 0.0  -1.324453048410e-04  -1.055269218150e-04 5*0.0  -2.578094527410e-04   1.677512521580e-05 0.0   2.379121663890e-04   3.237867268800e-04 
5*0.0   2.228114636430e-04  -1.423197249370e-05 0.0  -1.277196045340e-04  -1.027579717040e-04 5*0.0  -2.535009082960e-04   1.613713831950e-05 0.0   2.366400966780e-04   3.190419132880e-04 
5*0.0   2.142229188580e-04  -1.368823482160e-05 0.0  -1.232109714420e-04  -1.001030239930e-04 5*0.0  -2.493076966950e-04   1.551206328240e-05 0.0   2.353810975660e-04   3.142826903610e-04 
5*0.0   2.059813871380e-04  -1.316664507210e-05 0.0  -1.189107965860e-04  -9.755678916380e-05 5*0.0  -2.452230748240e-04   1.489954889540e-05 0.0   2.341316888440e-04   3.095087190460e-04 
5*0.0   1.980743693050e-04  -1.266625634940e-05 0.0  -1.148107428180e-04  -9.511416871310e-05 5*0.0  -2.412406319930e-04   1.429926250950e-05 0.0   2.328886067400e-04   3.047197697150e-04 
5*0.0   1.904897367180e-04  -1.218615905330e-05 0.0  -1.109027387920e-04  -9.277024971420e-05 5*0.0  -2.373542777370e-04   1.371088906280e-05 0.0   2.316487955680e-04   2.999157166650e-04 
5*0.0   1.832157227480e-04  -1.172547967740e-05 0.0  -1.071789714100e-04  -9.052030016910e-05 5*0.0  -2.335582299640e-04   1.313413014980e-05 0.0   2.304093996260e-04   2.950965327890e-04 
5*0.0   1.762409149720e-04  -1.128337962030e-05 0.0  -1.036318800130e-04  -8.835976313120e-05 5*0.0  -2.298470034340e-04   1.256870313070e-05 0.0   2.291677553150e-04   2.902622844220e-04 
5*0.0   1.695542456190e-04  -1.085905379670e-05 0.0  -1.002541493400e-04  -8.628425250750e-05 5*0.0  -2.262153985650e-04   1.201434027740e-05 0.0   2.279213834980e-04   2.854131263460e-04 
5*0.0   1.631449852390e-04  -1.045172969650e-05 0.0  -9.703870388550e-05  -8.428954793180e-05 5*0.0  -2.226584905590e-04   1.147078795960e-05 0.0   2.266679820820e-04   2.805492969740e-04 
5*0.0   1.570027324230e-04  -1.006066601790e-05 0.0  -9.397870071610e-05  -8.237158932580e-05 5*0.0  -2.191716188390e-04   1.093780586390e-05 0.0   2.254054188070e-04   2.756711136670e-04 
5*0.0   1.511174080310e-04  -9.685151736310e-06 0.0  -9.106752456580e-05  -8.052647345240e-05 5*0.0  -2.157503768000e-04   1.041516624920e-05 0.0   2.241317242660e-04   2.707789682280e-04 
5*0.0   1.454792460050e-04  -9.324504987580e-06 0.0  -8.829878094920e-05  -7.875044867160e-05 5*0.0  -2.123906018510e-04   9.902653234330e-06 0.0   2.228450851230e-04   2.658733225340e-04 
5*0.0   1.400787865550e-04  -8.978071946080e-06 0.0  -8.566629086200e-05  -7.703991034170e-05 5*0.0  -2.090883657570e-04   9.400062118640e-06 0.0   2.215438375410e-04   2.609547043270e-04 
5*0.0   1.349068681790e-04  -8.645225984310e-06 0.0  -8.316408479850e-05  -7.539139698510e-05 5*0.0  -2.058399652700e-04   8.907198732570e-06 0.0   2.202264608070e-04   2.560237031370e-04 
5*0.0   1.299546204820e-04  -8.325366510020e-06 0.0  -8.078639729910e-05  -7.380158558780e-05 5*0.0  -2.026419130350e-04   8.423878818750e-06 0.0   2.188915711520e-04   2.510809663500e-04 
5*0.0   1.252134565820e-04  -8.017918166010e-06 0.0  -7.852766134740e-05  -7.226728780750e-05 5*0.0  -1.994909287800e-04   7.949927441510e-06 0.0   2.175379157680e-04   2.461271954170e-04 
5*0.0   1.206750667630e-04  -7.722329860510e-06 0.0  -7.638250317620e-05  -7.078544564320e-05 5*0.0  -1.963839307680e-04   7.485178423360e-06 0.0   2.161643670080e-04   2.411631421900e-04 
5*0.0   1.163314105200e-04  -7.438073849610e-06 0.0  -7.434573673880e-05  -6.935312772680e-05 5*0.0  -1.933180275150e-04   7.029473809420e-06 0.0   2.147699167630e-04   2.361896053940e-04 
5*0.0   1.121747102590e-04  -7.164644935630e-06 0.0  -7.241235885220e-05  -6.796752534250e-05 5*0.0  -1.902905097690e-04   6.582663355710e-06 0.0   2.133536710250e-04   2.312074272180e-04 
5*0.0   1.081974442310e-04  -6.901559557800e-06 0.0  -7.057754360280e-05  -6.662594813660e-05 5*0.0  -1.872988427310e-04   6.144604043610e-06 0.0   2.119148446200e-04   2.262174900380e-04 
5*0.0   1.043923402930e-04  -6.648355067550e-06 0.0  -6.883663833490e-05  -6.532582176540e-05 5*0.0  -1.843406585350e-04   5.715159616670e-06 0.0   2.104527561110e-04   2.212207132570e-04 
5*0.0   1.007523689090e-04  -6.404588930120e-06 0.0  -6.718515787510e-05  -6.406468267900e-05 5*0.0  -1.814137489540e-04   5.294200141090e-06 0.0   2.089668228660e-04   2.162180502600e-04 
5*0.0   9.727073699190e-05  -6.169837870470e-06 0.0  -6.561878026990e-05  -6.284017580290e-05 5*0.0  -1.785160583490e-04   4.881601587340e-06 0.0   2.074565562870e-04   2.112104854850e-04 
5*0.0   9.394088165730e-05  -5.943697280920e-06 0.0  -6.413334228240e-05  -6.165005061250e-05 5*0.0  -1.756456768450e-04   4.477245433330e-06 0.0   2.059215571990e-04   2.061990316110e-04 
5*0.0   9.075646398030e-05  -5.725780413070e-06 0.0  -6.272483427960e-05  -6.049215768910e-05 5*0.0  -1.728008337310e-04   4.081018287630e-06 0.0   2.043615113870e-04   2.011847268380e-04 
5*0.0   8.771136286100e-05  -5.515717719830e-06 0.0  -6.138939654980e-05  -5.936444592370e-05 5*0.0  -1.699798910700e-04   3.692811531310e-06 0.0   2.027761852920e-04   1.961686322960e-04 
5*0.0   8.479966954730e-05  -5.313156231570e-06 0.0  -6.012331458950e-05  -5.826495867420e-05 5*0.0  -1.671813375350e-04   3.312520979820e-06 0.0   2.011654218400e-04   1.911518295320e-04 
5*0.0   8.201568129680e-05  -5.117758832380e-06 0.0  -5.892301460010e-05  -5.719183131850e-05 5*0.0  -1.644037824380e-04   2.940046561360e-06 0.0   1.995291364240e-04   1.861354181180e-04 
5*0.0   7.935389585890e-05  -4.929203690800e-06 0.0  -5.778505982790e-05  -5.614328770960e-05 5*0.0  -1.616459499740e-04   2.575292013150e-06 0.0   1.978673130210e-04   1.811205133390e-04 
5*0.0   7.680900609490e-05  -4.747183675510e-06 0.0  -5.670614650310e-05  -5.511763764700e-05 5*0.0  -1.589066736480e-04   2.218164593660e-06 0.0   1.961800004410e-04   1.761082439870e-04 
5*0.0   7.437589427020e-05  -4.571405704310e-06 0.0  -5.568309945100e-05  -5.411327352980e-05 5*0.0  -1.561848909070e-04   1.868574810920e-06 0.0   1.944673087120e-04   1.710997502420e-04 
5*0.0   7.204962696270e-05  -4.401590288880e-06 0.0  -5.471286867170e-05  -5.312866815670e-05 5*0.0  -1.534796379510e-04   1.526436165880e-06 0.0   1.927294055900e-04   1.660961816420e-04 
5*0.0   6.982544950630e-05  -4.237470861300e-06 0.0  -5.379252527310e-05  -5.216237127600e-05 5*0.0  -1.507900447280e-04   1.191664910190e-06 0.0   1.909665131920e-04   1.610986951390e-04 
5*0.0   6.769878113510e-05  -4.078793365380e-06 0.0  -5.291925799470e-05  -5.121300748040e-05 5*0.0  -1.481153301060e-04   8.641798172690e-07 0.0   1.891789047590e-04   1.561084532440e-04 
5*0.0   6.566521001500e-05  -3.925315699810e-06 0.0  -5.209036958620e-05  -5.027927344340e-05 5*0.0  -1.454547972180e-04   5.439019678910e-07 0.0   1.873669015230e-04   1.511266222460e-04 
5*0.0   6.372048781320e-05  -3.776807169960e-06 0.0  -5.130327307620e-05  -4.935993519860e-05 5*0.0  -1.428078289750e-04   2.307545471710e-07 0.0   1.855308697020e-04   1.461543705190e-04 
5*0.0   6.186052587980e-05  -3.633048181650e-06 0.0  -5.055548881520e-05  -4.845382626330e-05 5*0.0  -1.401738837420e-04  -7.533734550820e-08 0.0   1.836712175960e-04   1.411928668960e-04 
5*0.0   6.008138941080e-05  -3.493829582170e-06 0.0  -4.984464045480e-05  -4.755984430930e-05 5*0.0  -1.375524911730e-04  -3.744468753340e-07 0.0   1.817883928010e-04   1.362432791310e-04 
5*0.0   5.837929372230e-05  -3.358952362410e-06 0.0  -4.916845239600e-05  -4.667694970020e-05 5*0.0  -1.349432482040e-04  -6.666456397500e-07 0.0   1.798828795240e-04   1.313067724200e-04 
5*0.0   5.675059934960e-05  -3.228227190330e-06 0.0  -4.852474599970e-05  -4.580416270180e-05 5*0.0  -1.323458151880e-04  -9.520038252620e-07 0.0   1.779551959970e-04   1.263845080000e-04 
5*0.0   5.519180780510e-05  -3.101473985520e-06 0.0  -4.791143695160e-05  -4.494056152820e-05 5*0.0  -1.297599121870e-04  -1.230590354540e-06 0.0   1.760058919960e-04   1.214776418170e-04 
5*0.0   5.369955792050e-05  -2.978521542430e-06 0.0  -4.732653142340e-05  -4.408527910820e-05 5*0.0  -1.271853153950e-04  -1.502473023680e-06 0.0   1.740355464590e-04   1.165873232550e-04 
5*0.0   5.227061890790e-05  -2.859207119520e-06 0.0  -4.676812531910e-05  -4.323750500110e-05 5*0.0  -1.246218537120e-04  -1.767718630020e-06 0.0   1.720447651890e-04   1.117146939350e-04 
5*0.0   5.090189050810e-05  -2.743376119580e-06 0.0  -4.623439830170e-05  -4.239647735120e-05 5*0.0  -1.220694054380e-04  -2.026393091780e-06 0.0   1.700341786590e-04   1.068608865700e-04 
5*0.0   4.959039607580e-05  -2.630881704280e-06 0.0  -4.572361278720e-05  -4.156148468830e-05 5*0.0  -1.195278951070e-04  -2.278561558160e-06 0.0   1.680044398960e-04   1.020270238900e-04 
5*0.0   4.833327950750e-05  -2.521584447860e-06 0.0  -4.523411125070e-05  -4.073186371760e-05 5*0.0  -1.169972904480e-04  -2.524288512950e-06 0.0   1.659562224620e-04   9.721421761130e-05 
5*0.0   4.712780132310e-05  -2.415352033250e-06 0.0  -4.476431301790e-05  -3.990699655390e-05 5*0.0  -1.144775994590e-04  -2.763637869500e-06 0.0   1.638902185050e-04   9.242356747470e-05 
5*0.0   4.597133499100e-05  -2.312058903420e-06 0.0  -4.431271184030e-05  -3.908630939340e-05 5*0.0  -1.119688676100e-04  -2.996673058420e-06 0.0   1.618071369050e-04   8.765616033460e-05 
5*0.0   4.486136340330e-05  -2.211585990690e-06 0.0  -4.387787363350e-05  -3.826927102960e-05 5*0.0  -1.094711751590e-04  -3.223457109300e-06 0.0   1.597077014920e-04   8.291306929710e-05 
5*0.0   4.379547514660e-05  -2.113820381380e-06 0.0  -4.345843361770e-05  -3.745539038490e-05 5*0.0  -1.069846345780e-04  -3.444052724770e-06 0.0   1.575926493380e-04   7.819535291590e-05 
5*0.0   4.277136123480e-05  -2.018655072610e-06 0.0  -4.305309408390e-05  -3.664421534390e-05 5*0.0  -1.045093880890e-04  -3.658522349000e-06 0.0   1.554627291260e-04   7.350405443060e-05 
5*0.0   4.178681164660e-05  -1.925988684320e-06 0.0  -4.266062216740e-05  -3.583533114810e-05 5*0.0  -1.020456053050e-04  -3.866928230390e-06 0.0   1.533186995950e-04   6.884020106010e-05 
5*0.0   4.083971181510e-05  -1.835725180640e-06 0.0  -4.227984751050e-05  -3.502835894840e-05 5*0.0  -9.959348097480e-05  -4.069332477990e-06 0.0   1.511613280460e-04   6.420480333710e-05 
5*0.0   3.992804035710e-05  -1.747773650610e-06 0.0  -4.190965955420e-05  -3.422295314030e-05 5*0.0  -9.715323282350e-05  -4.265797113620e-06 0.0   1.489913889200e-04   5.959885448920e-05 
5*0.0   3.904986491240e-05  -1.662048095280e-06 0.0  -4.154900689340e-05  -3.341880223600e-05 5*0.0  -9.472509949190e-05  -4.456384117840e-06 0.0   1.468096624460e-04   5.502332986340e-05 
5*0.0   3.820333909400e-05  -1.578467011070e-06 0.0  -4.119689276680e-05  -3.261562457880e-05 5*0.0  -9.230933856810e-05  -4.641155471960e-06 0.0   1.446169333390e-04   5.047918639170e-05 
5*0.0   3.738670050260e-05  -1.496953365980e-06 0.0  -4.085237567700e-05  -3.181316945150e-05 5*0.0  -8.990622470710e-05  -4.820173195350e-06 0.0   1.424139895770e-04   4.596736209760e-05 
5*0.0   3.659826700490e-05  -1.417434470680e-06 0.0  -4.051456561500e-05  -3.101121449500e-05 5*0.0  -8.751604783940e-05  -4.993499378230e-06 0.0   1.402016212180e-04   4.148877564080e-05 
5*0.0   3.583643404470e-05  -1.339841388160e-06 0.0  -4.018262201130e-05  -3.020956367610e-05 5*0.0  -8.513911146240e-05  -5.161196211090e-06 0.0   1.379806192930e-04   3.704432589840e-05 
5*0.0   3.509966412140e-05  -1.264109006280e-06 0.0  -3.985576182780e-05  -2.940805983320e-05 5*0.0  -8.277573101410e-05  -5.323326009290e-06 0.0   1.357517747400e-04   3.263489158620e-05 
5*0.0   3.438651797140e-05  -1.190176156030e-06 0.0  -3.953322261090e-05  -2.860653349830e-05 5*0.0  -8.042623232470e-05  -5.479951235230e-06 0.0   1.335158773970e-04   2.826133090700e-05 
5*0.0   3.369559905050e-05  -1.117984667400e-06 0.0  -3.921431254220e-05  -2.780487665230e-05 5*0.0  -7.809095014500e-05  -5.631134516240e-06 0.0   1.312737150510e-04   2.392448124430e-05 
5*0.0   3.302558725500e-05  -1.047479800570e-06 0.0  -3.889837388340e-05  -2.700299057620e-05 5*0.0  -7.577022674720e-05  -5.776938659960e-06 0.0   1.290260725300e-04   1.962515887440e-05 
5*0.0   3.237522742610e-05  -9.786097931870e-07 0.0  -3.858479021780e-05  -2.620079770290e-05 5*0.0  -7.346441059740e-05  -5.917426666240e-06 0.0   1.267737308490e-04   1.536415872070e-05 
5*0.0   3.174332702120e-05  -9.113258816890e-07 0.0  -3.827298458940e-05  -2.539824063410e-05 5*0.0  -7.117385509690e-05  -6.052661736760e-06 0.0   1.245174663960e-04   1.114225413160e-05 
5*0.0   3.112875367020e-05  -8.455820961330e-07 0.0  -3.796241819470e-05  -2.459528151920e-05 5*0.0  -6.889891738900e-05  -6.182707281620e-06 0.0   1.222580501730e-04   6.960196690600e-06 
5*0.0   3.053043246740e-05  -7.813348864030e-07 0.0  -3.765258909700e-05  -2.379190052640e-05 5*0.0  -6.663995722980e-05  -6.307626923650e-06 0.0   1.199962470720e-04   2.818716050450e-06 
5*0.0   2.994734460040e-05  -7.185434007380e-07 0.0  -3.734302978650e-05  -2.298809443950e-05 5*0.0  -6.439733592040e-05  -6.427484500580e-06 0.0   1.177328151960e-04  -1.281480201070e-06 
5*0.0   2.937852443530e-05  -6.571689520910e-07 0.0  -3.703330678590e-05  -2.218387694880e-05 5*0.0  -6.217141529960e-05  -6.542344064860e-06 0.0   1.154685052230e-04  -5.339706656840e-06 
5*0.0   2.882305858480e-05  -5.971752547740e-07 0.0  -3.672301901970e-05  -2.137927697530e-05 5*0.0  -5.996255679250e-05  -6.652269881580e-06 0.0   1.132040598050e-04  -9.355300175710e-06 
5*0.0   2.828008527220e-05  -5.385279487170e-07 0.0  -3.641179342680e-05  -2.057433392770e-05 5*0.0  -5.777112051400e-05  -6.757326424810e-06 0.0   1.109402130090e-04  -1.332761994720e-05 
5*0.0   2.774878233010e-05  -4.811945867700e-07 0.0  -3.609929473480e-05  -1.976911255920e-05 5*0.0  -5.559746442780e-05  -6.857578371580e-06 0.0   1.086776897890e-04  -1.725604753080e-05 
5*0.0   2.722838155910e-05  -4.251446866350e-07 0.0  -3.578520753700e-05  -1.896367817650e-05 5*0.0  -5.344194355410e-05  -6.953090595350e-06 0.0   1.064172054980e-04  -2.113998688180e-05 
