0.02, 500,
0.0, +0.082090, -0.008619, -0.202760, +0.266137, -0.11655, +0.018196, +0.000244, 0.0, 4.0, 3.6, 9*0.0,
20*0.0
20*0.0
20*0.0
20*0.0
20*0.0
20*0.0
20*0.0
20*0.0
20*0.0
20*0.0
20*0.0
20*0.0
20*0.0
20*0.0
20*0.0
20*0.0
20*0.0
20*0.0
20*0.0
5*0.0   8.862675351100e-01   1.139548688380e+00 0.0  -4.501811900460e-01   1.020028614370e+00 5*0.0  -8.494840023190e-01  -9.427824159780e-01 0.0  -5.647848011180e-02  -9.082492938990e-01 
5*0.0   8.549197583680e-01   1.126742253640e+00 0.0  -4.456245200870e-01   9.768810429260e-01 5*0.0  -8.360162332410e-01  -9.380208540750e-01 0.0  -6.123382738360e-02  -9.028597719110e-01 
5*0.0   8.233778980230e-01   1.113670393630e+00 0.0  -4.393813418540e-01   9.365737877660e-01 5*0.0  -8.220855798710e-01  -9.330693858730e-01 0.0  -6.618158252590e-02  -8.974403885280e-01 
5*0.0   7.917276727910e-01   1.100361176920e+00 0.0  -4.315967982780e-01   8.990243877400e-01 5*0.0  -8.077143378960e-01  -9.279331404810e-01 0.0  -7.131614339880e-02  -8.920028843410e-01 
5*0.0   7.600486140290e-01   1.086841435890e+00 0.0  -4.224107930850e-01   8.641367819730e-01 5*0.0  -7.929249284250e-01  -9.226173239620e-01 0.0  -7.663115099430e-02  -8.865576384450e-01 
5*0.0   7.284142784800e-01   1.073136770750e+00 0.0  -4.119574991170e-01   8.318048343620e-01 5*0.0  -7.777398408240e-01  -9.171272078020e-01 0.0  -8.211957018950e-02  -8.811137445780e-01 
5*0.0   6.968924806240e-01   1.059271561230e+00 0.0  -4.003650243080e-01   8.019152754180e-01 5*0.0  -7.621815791860e-01  -9.114681179150e-01 0.0  -8.777376673420e-02  -8.756790896830e-01 
5*0.0   6.655455379890e-01   1.045268984220e+00 0.0  -3.877552079510e-01   7.743501484880e-01 5*0.0  -7.462726122990e-01  -9.056454241690e-01 0.0  -9.358558026030e-02  -8.702604334430e-01 
5*0.0   6.344305234230e-01   1.031151036890e+00 0.0  -3.742435229680e-01   7.489888316080e-01 5*0.0  -7.300353271120e-01  -8.996645304400e-01 0.0  -9.954639335420e-02  -8.648634877340e-01 
5*0.0   6.035995223350e-01   1.016938563600e+00 0.0  -3.599390623620e-01   7.257096985210e-01 5*0.0  -7.134919853600e-01  -8.935308651640e-01 0.0  -1.056471966260e-01  -8.594929949200e-01 
5*0.0   5.730998892860e-01   1.002651286110e+00 0.0  -3.449445934240e-01   7.043914720010e-01 5*0.0  -6.966646835000e-01  -8.872498723970e-01 0.0  -1.118786499090e-01  -8.541528044840e-01 
5*0.0   5.429745023390e-01   9.883078360640e-01 0.0  -3.293566647030e-01   6.849143163410e-01 5*0.0  -6.795753156760e-01  -8.808270033600e-01 0.0  -1.182311396320e-01  -8.488459473060e-01 
5*0.0   5.132620132880e-01   9.739257895080e-01 0.0  -3.132657535870e-01   6.671607102070e-01 5*0.0  -6.622455394570e-01  -8.742677084440e-01 0.0  -1.246948324100e-01  -8.435747072710e-01 
5*0.0   4.839970911390e-01   9.595217022560e-01 0.0  -2.967564438180e-01   6.510161312900e-01 5*0.0  -6.446967446910e-01  -8.675774297030e-01 0.0  -1.312597251740e-01  -8.383406897110e-01 
5*0.0   4.552106590440e-01   9.451111465280e-01 0.0  -2.799076255270e-01   6.363695848730e-01 5*0.0  -6.269500247280e-01  -8.607615937680e-01 0.0  -1.379156916850e-01  -8.331448867550e-01 
5*0.0   4.269301229140e-01   9.307087474780e-01 0.0  -2.627927100580e-01   6.231140034520e-01 5*0.0  -6.090261503380e-01  -8.538256052010e-01 0.0  -1.446525258730e-01  -8.279877392030e-01 
5*0.0   3.991795913550e-01   9.163282202950e-01 0.0  -2.454798552800e-01   6.111465330510e-01 5*0.0  -5.909455460230e-01  -8.467748402660e-01 0.0  -1.514599818820e-01  -8.228691949920e-01 
5*0.0   3.719800872440e-01   9.019824068300e-01 0.0  -2.280321956050e-01   6.003687307910e-01 5*0.0  -5.727282685860e-01  -8.396146410990e-01 0.0  -1.583278111970e-01  -8.177887641950e-01 
5*0.0   3.453497492830e-01   8.876833120340e-01 0.0  -2.105080744130e-01   5.906866859200e-01 5*0.0  -5.543939879150e-01  -8.323503102670e-01 0.0  -1.652457967980e-01  -8.127455705600e-01 
5*0.0   3.193040254170e-01   8.734421397490e-01 0.0  -1.929612758630e-01   5.820110791090e-01 5*0.0  -5.359619697940e-01  -8.249871056920e-01 0.0  -1.722037846690e-01  -8.077383996720e-01 
5*0.0   2.938558565660e-01   8.592693279770e-01 0.0  -1.754412536990e-01   5.742571906430e-01 5*0.0  -5.174510606350e-01  -8.175302359380e-01 0.0  -1.791917126080e-01  -8.027657438100e-01 
5*0.0   2.690158521920e-01   8.451745831370e-01 0.0  -1.579933568130e-01   5.673448678630e-01 5*0.0  -4.988796740560e-01  -8.099848558310e-01 0.0  -1.861996366930e-01  -7.978258435930e-01 
5*0.0   2.447924559010e-01   8.311669138500e-01 0.0  -1.406590475360e-01   5.611984586860e-01 5*0.0  -4.802657791380e-01  -8.023560624110e-01 0.0  -1.932177553050e-01  -7.929167265450e-01 
5*0.0   2.211921044180e-01   8.172546633460e-01 0.0  -1.234761152300e-01   5.557467192720e-01 5*0.0  -4.616268903180e-01  -7.946488911910e-01 0.0  -2.002364310490e-01  -7.880362426870e-01 
5*0.0   1.982193766000e-01   8.034455412750e-01 0.0  -1.064788828680e-01   5.509227011430e-01 5*0.0  -4.429800587390e-01  -7.868683127150e-01 0.0  -2.072462105250e-01  -7.831820973200e-01 
5*0.0   1.758771353990e-01   7.897466545870e-01 0.0  -8.969840534950e-02   5.466636213580e-01 5*0.0  -4.243418650280e-01  -7.790192294060e-01 0.0  -2.142378421780e-01  -7.783518811080e-01 
5*0.0   1.541666626760e-01   7.761645368050e-01 0.0  -7.316266220250e-02   5.429107220530e-01 5*0.0  -4.057284134210e-01  -7.711064726580e-01 0.0  -2.212022922710e-01  -7.735430976160e-01 
5*0.0   1.330877858770e-01   7.627051771810e-01 0.0  -5.689674089760e-02   5.396091202370e-01 5*0.0  -3.871553270170e-01  -7.631348002240e-01 0.0  -2.281307591410e-01  -7.687531884460e-01 
5*0.0   1.126389975560e-01   7.493740480760e-01 0.0  -4.092301435560e-02   5.367076527310e-01 5*0.0  -3.686377442540e-01  -7.551088938100e-01 0.0  -2.350146857930e-01  -7.639795561060e-01 
5*0.0   9.281756905810e-02   7.361761317320e-01 0.0  -2.526130993300e-02   5.341587165850e-01 5*0.0  -3.501903163700e-01  -7.470333569270e-01 0.0  -2.418457709560e-01  -7.592195847400e-01 
5*0.0   7.361965697360e-02   7.231159459200e-01 0.0  -9.929071123920e-03   5.319181084270e-01 5*0.0  -3.318272059380e-01  -7.389127129400e-01 0.0  -2.486159786970e-01  -7.544706588830e-01 
5*0.0   5.504040362630e-02   7.101975686120e-01 0.0   5.058487172580e-03   5.299448632600e-01 5*0.0  -3.135620861940e-01  -7.307514033410e-01 0.0  -2.553175466540e-01  -7.497301803260e-01 
5*0.0   3.707403181780e-02   6.974246616520e-01 0.0   1.968823106940e-02   5.282010947850e-01 5*0.0  -2.954081412980e-01  -7.225537862100e-01 0.0  -2.619429930150e-01  -7.449955832560e-01 
5*0.0   1.971393333270e-02   6.848004936010e-01 0.0   3.394896706110e-02   5.266518372750e-01 5*0.0  -2.773780672610e-01  -7.143241348780e-01 0.0  -2.684851222890e-01  -7.402643477140e-01 
5*0.0   2.952752894210e-03   6.723279614780e-01 0.0   4.783130711310e-02   5.252648914170e-01 5*0.0  -2.594840737670e-01  -7.060666367240e-01 0.0  -2.749370299470e-01  -7.355340117790e-01 
5*0.0  -1.321753361500e-02   6.600096115760e-01 0.0   6.132754163350e-02   5.240106721790e-01 5*0.0  -2.417378864530e-01  -6.977853921870e-01 0.0  -2.812921060400e-01  -7.308021818260e-01 
5*0.0  -2.880554685600e-02   6.478476598280e-01 0.0   7.443151746290e-02   5.228620623990e-01 5*0.0  -2.241507499420e-01  -6.894844139000e-01 0.0  -2.875440378190e-01  -7.260665421350e-01 
5*0.0  -4.382043336010e-02   6.358440104020e-01 0.0   8.713852337160e-02   5.217942697320e-01 5*0.0  -2.067334313850e-01  -6.811676259910e-01 0.0  -2.936868114470e-01  -7.213248628400e-01 
5*0.0  -5.827180359730e-02   6.240002745730e-01 0.0   9.944517914790e-02   5.207846892740e-01 5*0.0  -1.894962244010e-01  -6.728388635100e-01 0.0  -2.997147128910e-01  -7.165750069090e-01 
5*0.0  -7.216967119050e-02   6.123177879810e-01 0.0   1.113493327370e-01   5.198127706050e-01 5*0.0  -1.724489537710e-01  -6.645018719900e-01 0.0  -3.056223279800e-01  -7.118149361130e-01 
5*0.0  -8.552439658950e-02   6.007976272400e-01 0.0   1.228499622250e-01   5.188598899970e-01 5*0.0  -1.556009802600e-01  -6.561603071420e-01 0.0  -3.114045417820e-01  -7.070427160290e-01 
5*0.0  -9.834663637500e-02   5.894406261310e-01 0.0   1.339470819870e-01   5.179092285340e-01 5*0.0  -1.389612060380e-01  -6.478177346350e-01 0.0  -3.170565372610e-01  -7.022565201650e-01 
5*0.0  -1.106472950130e-01   5.782473907450e-01 0.0   1.446416558640e-01   5.169456542770e-01 5*0.0  -1.225380803180e-01  -6.394776300290e-01 0.0  -3.225737933500e-01  -6.974546332970e-01 
5*0.0  -1.224374790800e-01   5.672183137750e-01 0.0   1.549355135190e-01   5.159556114290e-01 5*0.0  -1.063396054610e-01  -6.311433787610e-01 0.0  -3.279520824170e-01  -6.926354540440e-01 
5*0.0  -1.337284569530e-01   5.563535885960e-01 0.0   1.648312728830e-01   5.149270129790e-01 5*0.0  -9.037334323700e-02  -6.228182762760e-01 0.0  -3.331874672320e-01  -6.877974968290e-01 
5*0.0  -1.445316211910e-01   5.456532223870e-01 0.0   1.743322663580e-01   5.138491392710e-01 5*0.0  -7.464642146580e-02  -6.145055282050e-01 0.0  -3.382762974410e-01  -6.829393930840e-01 
5*0.0  -1.548584519800e-01   5.351170485730e-01 0.0   1.834424718140e-01   5.127125425220e-01 5*0.0  -5.916554088290e-02  -6.062082506520e-01 0.0  -3.432152055330e-01  -6.780598922600e-01 
5*0.0  -1.647204857570e-01   5.247447385980e-01 0.0   1.921664480150e-01   5.115089543620e-01 5*0.0  -4.393698217310e-02  -5.979294705520e-01 0.0  -3.480011025620e-01  -6.731578617050e-01 
5*0.0  -1.741292851740e-01   5.145358134310e-01 0.0   2.005092737920e-01   5.102311999280e-01 5*0.0  -2.896661327120e-02  -5.896721261050e-01 0.0  -3.526311733430e-01  -6.682322866500e-01 
5*0.0  -1.830964120240e-01   5.044896541570e-01 0.0   2.084764909020e-01   5.088731159530e-01 5*0.0  -1.425989680110e-02  -5.814390672810e-01 0.0  -3.571028714160e-01  -6.632822695110e-01 
5*0.0  -1.916334031860e-01   4.946055123930e-01 0.0   2.160740511780e-01   5.074294731790e-01 5*0.0   1.781022415550e-04  -5.732330563660e-01 0.0  -3.614139136170e-01  -6.583070288400e-01 
5*0.0  -1.997517461560e-01   4.848825194520e-01 0.0   2.233082672160e-01   5.058959037510e-01 5*0.0   1.434270884740e-02  -5.650567686290e-01 0.0  -3.655622745910e-01  -6.533058979400e-01 
5*0.0  -2.074628608510e-01   4.753196960790e-01 0.0   2.301857656460e-01   5.042688325080e-01 5*0.0   2.822962997110e-02  -5.569127929680e-01 0.0  -3.695461807640e-01  -6.482783231860e-01 
5*0.0  -2.147780791550e-01   4.659159606170e-01 0.0   2.367134446320e-01   5.025454123780e-01 5*0.0   4.183494660080e-02  -5.488036326690e-01 0.0  -3.733641044340e-01  -6.432238620340e-01 
5*0.0  -2.217086296490e-01   4.566701375430e-01 0.0   2.428984339350e-01   5.007234635390e-01 5*0.0   5.515510558820e-02  -5.407317061770e-01 0.0  -3.770147573730e-01  -6.381421808030e-01 
5*0.0  -2.282656219480e-01   4.475809651200e-01 0.0   2.487480579430e-01   4.988014168390e-01 5*0.0   6.818691149080e-02  -5.326993479380e-01 0.0  -3.804970845800e-01  -6.330330522340e-01 
5*0.0  -2.344600329730e-01   4.386471025310e-01 0.0   2.542698018270e-01   4.967782602370e-01 5*0.0   8.092751826570e-02  -5.247088092680e-01 0.0  -3.838102576500e-01  -6.278963528520e-01 
5*0.0  -2.403026961970e-01   4.298671372030e-01 0.0   2.594712795750e-01   4.946534889170e-01 5*0.0   9.337442094660e-02  -5.167622592710e-01 0.0  -3.869536681580e-01  -6.227320601420e-01 
5*0.0  -2.458042897650e-01   4.212395908800e-01 0.0   2.643602053660e-01   4.924270587540e-01 5*0.0   1.055254472470e-01  -5.088617857880e-01 0.0  -3.899269209900e-01  -6.175402495970e-01 
5*0.0  -2.509753282630e-01   4.127629261680e-01 0.0   2.689443669320e-01   4.900993425450e-01 5*0.0   1.173787490990e-01  -5.010093963840e-01 0.0  -3.927298275010e-01  -6.123210916230e-01 
5*0.0  -2.558261543300e-01   4.044355520860e-01 0.0   2.732316007380e-01   4.876710896330e-01 5*0.0   1.289327942030e-01  -4.932070193620e-01 0.0  -3.953623986600e-01  -6.070748483340e-01 
5*0.0  -2.603669318480e-01   3.962558296960e-01 0.0   2.772297701240e-01   4.851433878850e-01 5*0.0   1.401863575150e-01  -4.854565048140e-01 0.0  -3.978248382020e-01  -6.018018702570e-01 
5*0.0  -2.646076397300e-01   3.882220771200e-01 0.0   2.809467445040e-01   4.825176286890e-01 5*0.0   1.511385127270e-01  -4.777596256890e-01 0.0  -4.001175357430e-01  -5.965025929500e-01 
5*0.0  -2.685580675370e-01   3.803325745250e-01 0.0   2.843903810290e-01   4.797954741180e-01 5*0.0   1.617886237720e-01  -4.701180789030e-01 0.0  -4.022410598530e-01  -5.911775335790e-01 
5*0.0  -2.722278105550e-01   3.725855684720e-01 0.0   2.875685076460e-01   4.769788267680e-01 5*0.0   1.721363362490e-01  -4.625334864470e-01 0.0  -4.041961512030e-01  -5.858272874210e-01 
5*0.0  -2.756262673430e-01   3.649792763630e-01 0.0   2.904889082310e-01   4.740698013890e-01 5*0.0   1.821815689570e-01  -4.550073965410e-01 0.0  -4.059837156560e-01  -5.804525243520e-01 
5*0.0  -2.787626366740e-01   3.575118904020e-01 0.0   2.931593083080e-01   4.710706992930e-01 5*0.0   1.919245053650e-01  -4.475412847900e-01 0.0  -4.076048174820e-01  -5.750539852950e-01 
5*0.0  -2.816459162600e-01   3.501815813890e-01 0.0   2.955873628590e-01   4.679839839940e-01 5*0.0   2.013655851400e-01  -4.401365553660e-01 0.0  -4.090606725400e-01  -5.696324786670e-01 
5*0.0  -2.842848999720e-01   3.429865019570e-01 0.0   2.977806460620e-01   4.648122591450e-01 5*0.0   2.105054956940e-01  -4.327945422050e-01 0.0  -4.103526415890e-01  -5.641888768260e-01 
5*0.0  -2.866881793860e-01   3.359247903850e-01 0.0   2.997466403750e-01   4.615582481300e-01 5*0.0   2.193451637640e-01  -4.255165102120e-01 0.0  -4.114822235460e-01  -5.587241125070e-01 
5*0.0  -2.888641413940e-01   3.289945731690e-01 0.0   3.014927290130e-01   4.582247752150e-01 5*0.0   2.278857470420e-01  -4.183036564880e-01 0.0  -4.124510489980e-01  -5.532391752930e-01 
5*0.0  -2.908209698810e-01   3.221939681720e-01 0.0   3.030261872690e-01   4.548147483580e-01 5*0.0   2.361286258450e-01  -4.111571115600e-01 0.0  -4.132608736170e-01  -5.477351080980e-01 
5*0.0  -2.925666457150e-01   3.155210872510e-01 0.0   3.043541768860e-01   4.513311431820e-01 5*0.0   2.440753948440e-01  -4.040779406270e-01 0.0  -4.139135717520e-01  -5.422130036830e-01 
5*0.0  -2.941089479330e-01   3.089740387160e-01 0.0   3.054837396300e-01   4.477769886560e-01 5*0.0   2.517278548450e-01  -3.970671448120e-01 0.0  -4.144111301210e-01  -5.366740012130e-01 
5*0.0  -2.954554553900e-01   3.025509297220e-01 0.0   3.064217924180e-01   4.441553536980e-01 5*0.0   2.590880046340e-01  -3.901256624170e-01 0.0  -4.147556415420e-01  -5.311192828500e-01 
5*0.0  -2.966135480120e-01   2.962498683610e-01 0.0   3.071751236910e-01   4.404693350930e-01 5*0.0   2.661580328980e-01  -3.832543701830e-01 0.0  -4.149492988380e-01  -5.255500704020e-01 
5*0.0  -2.975904087170e-01   2.900689656770e-01 0.0   3.077503893740e-01   4.367220465410e-01 5*0.0   2.729403102470e-01  -3.764540845820e-01 0.0  -4.149943888340e-01  -5.199676220260e-01 
5*0.0  -2.983930262830e-01   2.840063376760e-01 0.0   3.081541104010e-01   4.329166084790e-01 5*0.0   2.794373812440e-01  -3.697255630670e-01 0.0  -4.148932864100e-01  -5.143732289780e-01 
5*0.0  -2.990281968360e-01   2.780601067860e-01 0.0   3.083926701050e-01   4.290561391610e-01 5*0.0   2.856519565840e-01  -3.630695053500e-01 0.0  -4.146484487590e-01  -5.087682124450e-01 
5*0.0  -2.995025273070e-01   2.722284037610e-01 0.0   3.084723129900e-01   4.251437462970e-01 5*0.0   2.915869054000e-01  -3.564865546960e-01 0.0  -4.142624097080e-01  -5.031539204230e-01 
5*0.0  -2.998224372720e-01   2.665093688320e-01 0.0   3.083991431500e-01   4.211825197460e-01 5*0.0   2.972452474900e-01  -3.499772991770e-01 0.0  -4.137377741810e-01  -4.975317246810e-01 
5*0.0  -2.999941626290e-01   2.609011533870e-01 0.0   3.081791236530e-01   4.171755247650e-01 5*0.0   3.026301458540e-01  -3.435422729650e-01 0.0  -4.130772127970e-01  -4.919030177940e-01 
5*0.0  -3.000237580410e-01   2.554019209310e-01 0.0   3.078180761190e-01   4.131257960950e-01 5*0.0   3.077448992450e-01  -3.371819576090e-01 0.0  -4.122834565740e-01  -4.862692102360e-01 
5*0.0  -2.999171004010e-01   2.500098484290e-01 0.0   3.073216806530e-01   4.090363325650e-01 5*0.0   3.125929347180e-01  -3.308967832820e-01 0.0  -4.113592917890e-01  -4.806317275810e-01 
5*0.0  -2.996798922860e-01   2.447231273770e-01 0.0   3.066954760690e-01   4.049100923940e-01 5*0.0   3.171778005910e-01  -3.246871301030e-01 0.0  -4.103075549500e-01  -4.749920077510e-01 
5*0.0  -2.993176642810e-01   2.395399645490e-01 0.0   3.059448608210e-01   4.007499889590e-01 5*0.0   3.215031591060e-01  -3.185533293410e-01 0.0  -4.091311279220e-01  -4.693514983720e-01 
5*0.0  -2.988357791310e-01   2.344585830490e-01 0.0   3.050750934760e-01   3.965588871230e-01 5*0.0   3.255727795360e-01  -3.124956647100e-01 0.0  -4.078329331580e-01  -4.637116541950e-01 
5*0.0  -2.982394349850e-01   2.294772230820e-01 0.0   3.040912941620e-01   3.923395998790e-01 5*0.0   3.293905313720e-01  -3.065143736330e-01 0.0  -4.064159291030e-01  -4.580739346110e-01 
5*0.0  -2.975336686410e-01   2.245941426380e-01 0.0   3.029984454180e-01   3.880948856490e-01 5*0.0   3.329603774000e-01  -3.006096484550e-01 0.0  -4.048831056930e-01  -4.524398012450e-01 
5*0.0  -2.967233590390e-01   2.198076181390e-01 0.0   3.018013940210e-01   3.838274458980e-01 5*0.0   3.362863672000e-01  -2.947816377090e-01 0.0  -4.032374800200e-01  -4.468107156390e-01 
5*0.0  -2.958132308830e-01   2.151159450770e-01 0.0   3.005048527500e-01   3.795399229570e-01 5*0.0   3.393726306290e-01  -2.890304473500e-01 0.0  -4.014820921250e-01  -4.411881370250e-01 
5*0.0  -2.948078576370e-01   2.105174384090e-01 0.0   2.991134016290e-01   3.752348983670e-01 5*0.0   3.422233713780e-01  -2.833561419580e-01 0.0  -3.996200009070e-01  -4.355735201720e-01 
5*0.0  -2.937116655210e-01   2.060104331540e-01 0.0   2.976314905280e-01   3.709148913540e-01 5*0.0   3.448428608510e-01  -2.777587459810e-01 0.0  -3.976542802060e-01  -4.299683133320e-01 
5*0.0  -2.925289368470e-01   2.015932847440e-01 0.0   2.960634406190e-01   3.665823577840e-01 5*0.0   3.472354319960e-01  -2.722382449170e-01 0.0  -3.955880149710e-01  -4.243739562660e-01 
5*0.0  -2.912638131190e-01   1.972643693240e-01 0.0   2.944134467530e-01   3.622396891510e-01 5*0.0   3.494054733660e-01  -2.667945865180e-01 0.0  -3.934242976090e-01  -4.187918783570e-01 
5*0.0  -2.899202988190e-01   1.930220841590e-01 0.0   2.926855795670e-01   3.578892119840e-01 5*0.0   3.513574233200e-01  -2.614276819720e-01 0.0  -3.911662244350e-01  -4.132234968200e-01 
5*0.0  -2.885022646850e-01   1.888648477940e-01 0.0   2.908837878100e-01   3.535331873080e-01 5*0.0   3.530957643100e-01  -2.561374070670e-01 0.0  -3.888168922620e-01  -4.076702149680e-01 
5*0.0  -2.870134510770e-01   1.847911003520e-01 0.0   2.890119006320e-01   3.491738104100e-01 5*0.0   3.546250174190e-01  -2.509236033700e-01 0.0  -3.863793951190e-01  -4.021334205920e-01 
5*0.0  -2.854574712850e-01   1.807993036410e-01 0.0   2.870736298290e-01   3.448132107170e-01 5*0.0   3.559497369130e-01  -2.457860793490e-01 0.0  -3.838568211160e-01  -3.966144844130e-01 
5*0.0  -2.838378150110e-01   1.768879413660e-01 0.0   2.850725722080e-01   3.404534518460e-01 5*0.0   3.570745050460e-01  -2.407246115230e-01 0.0  -3.812522494040e-01  -3.911147586180e-01 
5*0.0  -2.821578512460e-01   1.730555191470e-01 0.0   2.830122121870e-01   3.360965317830e-01 5*0.0   3.580039269230e-01  -2.357389455730e-01 0.0  -3.785687472860e-01  -3.856355754720e-01 
5*0.0  -2.804208320270e-01   1.693005647310e-01 0.0   2.808959240240e-01   3.317443832410e-01 5*0.0   3.587426256050e-01  -2.308287974520e-01 0.0  -3.758093674450e-01  -3.801782460160e-01 
5*0.0  -2.786298955530e-01   1.656216279290e-01 0.0   2.787269743010e-01   3.273988740520e-01 5*0.0   3.592952372940e-01  -2.259938544790e-01 0.0  -3.729771452920e-01  -3.747440588550e-01 
5*0.0  -2.767880681390e-01   1.620172805190e-01 0.0   2.765085243580e-01   3.230618076970e-01 5*0.0   3.596664066460e-01  -2.212337764050e-01 0.0  -3.700750964360e-01  -3.693342789910e-01 
5*0.0  -2.748982697840e-01   1.584861166280e-01 0.0   2.742436325290e-01   3.187349239900e-01 5*0.0   3.598607823710e-01  -2.165481964910e-01 0.0  -3.671062142750e-01  -3.639501467730e-01 
5*0.0  -2.729633142800e-01   1.550267521590e-01 0.0   2.719352571020e-01   3.144198997470e-01 5*0.0   3.598830127010e-01  -2.119367225220e-01 0.0  -3.640734676950e-01  -3.585928768870e-01 
5*0.0  -2.709859148890e-01   1.516378252480e-01 0.0   2.695862577910e-01   3.101183495420e-01 5*0.0   3.597377413900e-01  -2.073989378820e-01 0.0  -3.609797989020e-01  -3.532636574470e-01 
5*0.0  -2.689686849800e-01   1.483179958060e-01 0.0   2.671993993450e-01   3.058318266520e-01 5*0.0   3.594296035100e-01  -2.029344025290e-01 0.0  -3.578281213420e-01  -3.479636491350e-01 
5*0.0  -2.669141428180e-01   1.450659456660e-01 0.0   2.647773525860e-01   3.015618238430e-01 5*0.0   3.589632215990e-01  -1.985426540120e-01 0.0  -3.546213177500e-01  -3.426939844350e-01 
5*0.0  -2.648247133100e-01   1.418803783510e-01 0.0   2.623226977250e-01   2.973097743620e-01 5*0.0   3.583432019150e-01  -1.942232084510e-01 0.0  -3.513622383040e-01  -3.374557669030e-01 
5*0.0  -2.627027311950e-01   1.387600189910e-01 0.0   2.598379262370e-01   2.930770531270e-01 5*0.0   3.575741307280e-01  -1.899755614890e-01 0.0  -3.480536988780e-01  -3.322500705410e-01 
5*0.0  -2.605504434480e-01   1.357036141030e-01 0.0   2.573254433690e-01   2.888649774060e-01 5*0.0   3.566605708960e-01  -1.857991892470e-01 0.0  -3.446984794030e-01  -3.270779391970e-01 
5*0.0  -2.583700122470e-01   1.327099315270e-01 0.0   2.547875701400e-01   2.846748081490e-01 5*0.0   3.556070585750e-01  -1.816935492600e-01 0.0  -3.412993223320e-01  -3.219403860700e-01 
5*0.0  -2.561635178860e-01   1.297777602310e-01 0.0   2.522265456030e-01   2.805077509770e-01 5*0.0   3.544180999260e-01  -1.776580813730e-01 0.0  -3.378589312010e-01  -3.168383932360e-01 
5*0.0  -2.539329604430e-01   1.269059100470e-01 0.0   2.496445293850e-01   2.763649573480e-01 5*0.0   3.530981681400e-01  -1.736922086530e-01 0.0  -3.343799692860e-01  -3.117729112630e-01 
5*0.0  -2.516802633460e-01   1.240932116060e-01 0.0   2.470436032050e-01   2.722475256550e-01 5*0.0   3.516517004870e-01  -1.697953382550e-01 0.0  -3.308650583530e-01  -3.067448588670e-01 
5*0.0  -2.494072751600e-01   1.213385160430e-01 0.0   2.444257736170e-01   2.681565024090e-01 5*0.0   3.500830955440e-01  -1.659668622830e-01 0.0  -3.273167775120e-01  -3.017551226200e-01 
5*0.0  -2.471157722600e-01   1.186406948100e-01 0.0   2.417929736360e-01   2.640928833540e-01 5*0.0   3.483967105700e-01  -1.622061586360e-01 0.0  -3.237376621390e-01  -2.968045567400e-01 
5*0.0  -2.448074607740e-01   1.159986394050e-01 0.0   2.391470651230e-01   2.600576146880e-01 5*0.0   3.465968589090e-01  -1.585125918200e-01 0.0  -3.201302029050e-01  -2.918939828950e-01 
5*0.0  -2.424839801490e-01   1.134112613210e-01 0.0   2.364898403230e-01   2.560515941570e-01 5*0.0   3.446878077570e-01  -1.548855137740e-01 0.0  -3.164968448810e-01  -2.870241900780e-01 
5*0.0  -2.401469032740e-01   1.108774915200e-01 0.0   2.338230243670e-01   2.520756723250e-01 5*0.0   3.426737757580e-01  -1.513242646330e-01 0.0  -3.128399867280e-01  -2.821959345320e-01 
5*0.0  -2.377977406590e-01   1.083962804470e-01 0.0   2.311482767950e-01   2.481306536720e-01 5*0.0   3.405589310250e-01  -1.478281735220e-01 0.0  -3.091619799590e-01  -2.774099397170e-01 
5*0.0  -2.354379417780e-01   1.059665977250e-01 0.0   2.284671935250e-01   2.442172977830e-01 5*0.0   3.383473889980e-01  -1.443965592850e-01 0.0  -3.054651282950e-01  -2.726668963060e-01 
5*0.0  -2.330688968900e-01   1.035874317650e-01 0.0   2.257813087990e-01   2.403363205240e-01 5*0.0   3.360432106740e-01  -1.410287312360e-01 0.0  -3.017516870780e-01  -2.679674622490e-01 
5*0.0  -2.306919394280e-01   1.012577897090e-01 0.0   2.230920969090e-01   2.364883952020e-01 5*0.0   3.336504007990e-01  -1.377239898640e-01 0.0  -2.980238627700e-01  -2.633122628630e-01 
5*0.0  -2.283083480400e-01   9.897669703670e-02 0.0   2.204009738900e-01   2.326741536870e-01 5*0.0   3.311729062440e-01  -1.344816275360e-01 0.0  -2.942838125190e-01  -2.587018909660e-01 
5*0.0  -2.259193485010e-01   9.674319742950e-02 0.0   2.177092992980e-01   2.288941875880e-01 5*0.0   3.286146144730e-01  -1.313009291760e-01 0.0  -2.905336437850e-01  -2.541369070360e-01 
5*0.0  -2.235261150500e-01   9.455635229860e-02 0.0   2.150183779640e-01   2.251490493650e-01 5*0.0   3.259793521310e-01  -1.281811729240e-01 0.0  -2.867754140470e-01  -2.496178394270e-01 
5*0.0  -2.211297730060e-01   9.241524074640e-02 0.0   2.123294614930e-01   2.214392534440e-01 5*0.0   3.232708837670e-01  -1.251216307880e-01 0.0  -2.830111305610e-01  -2.451451845960e-01 
5*0.0  -2.187313999350e-01   9.031895917300e-02 0.0   2.096437499890e-01   2.177652773330e-01 5*0.0   3.204929106010e-01  -1.221215692610e-01 0.0  -2.792427501840e-01  -2.407194073760e-01 
5*0.0  -2.163320279760e-01   8.826662108410e-02 0.0   2.069623934710e-01   2.141275627040e-01 5*0.0   3.176490694640e-01  -1.191802499380e-01 0.0  -2.754721792590e-01  -2.363409412700e-01 
5*0.0  -2.139326447920e-01   8.625735672750e-02 0.0   2.042864935730e-01   2.105265164730e-01 5*0.0   3.147429317900e-01  -1.162969301040e-01 0.0  -2.717012735490e-01  -2.320101887910e-01 
5*0.0  -2.115341956940e-01   8.429031289870e-02 0.0   2.016171048850e-01   2.069625118550e-01 5*0.0   3.117780027490e-01  -1.134708633120e-01 0.0  -2.679318382360e-01  -2.277275217950e-01 
5*0.0  -2.091375851530e-01   8.236465267650e-02 0.0   1.989552364850e-01   2.034358894170e-01 5*0.0   3.087577204450e-01  -1.107012999390e-01 0.0  -2.641656279670e-01  -2.234932818780e-01 
5*0.0  -2.067436782170e-01   8.047955511930e-02 0.0   1.963018533170e-01   1.999469580980e-01 5*0.0   3.056854552080e-01  -1.079874877240e-01 0.0  -2.604043469450e-01  -2.193077807700e-01 
5*0.0  -2.043533020410e-01   7.863421500630e-02 0.0   1.936578775990e-01   1.964959962300e-01 5*0.0   3.025645090200e-01  -1.053286723000e-01 0.0  -2.566496490800e-01  -2.151713007600e-01 
5*0.0  -2.019672473160e-01   7.682784259260e-02 0.0   1.910241900920e-01   1.930832525120e-01 5*0.0   2.993981149530e-01  -1.027240976920e-01 0.0  -2.529031381760e-01  -2.110840951390e-01 
5*0.0  -1.995862695970e-01   7.505966330230e-02 0.0   1.884016315020e-01   1.897089470040e-01 5*0.0   2.961894367930e-01  -1.001730068180e-01 0.0  -2.491663681640e-01  -2.070463886730e-01 
5*0.0  -1.972110910210e-01   7.332891754750e-02 0.0   1.857910036340e-01   1.863732720700e-01 5*0.0   2.929415686330e-01  -9.767464195530e-02 0.0  -2.454408433830e-01  -2.030583780750e-01 
5*0.0  -1.948424008650e-01   7.163486034020e-02 0.0   1.831930707840e-01   1.830763933310e-01 5*0.0   2.896575346540e-01  -9.522824520590e-02 0.0  -2.417280188910e-01  -1.991202325050e-01 
5*0.0  -1.924808576070e-01   6.997676117080e-02 0.0   1.806085608090e-01   1.798184505680e-01 5*0.0   2.863402888960e-01  -9.283305893420e-02 0.0  -2.380293008210e-01  -1.952320940890e-01 
5*0.0  -1.901270896270e-01   6.835390364690e-02 0.0   1.780381663210e-01   1.765995586360e-01 5*0.0   2.829927151800e-01  -9.048832620140e-02 0.0  -2.343460467750e-01  -1.913940784380e-01 
5*0.0  -1.877816965380e-01   6.676558527950e-02 0.0   1.754825458900e-01   1.734198083400e-01 5*0.0   2.796176270280e-01  -8.819329117150e-02 0.0  -2.306795662420e-01  -1.876062751940e-01 
5*0.0  -1.854452505010e-01   6.521111724920e-02 0.0   1.729423251030e-01   1.702792672990e-01 5*0.0   2.762177677190e-01  -8.594719951290e-02 0.0  -2.270311210590e-01  -1.838687485740e-01 
5*0.0  -1.831182967950e-01   6.368982408070e-02 0.0   1.704180976260e-01   1.671779807930e-01 5*0.0   2.727958103590e-01  -8.374929877820e-02 0.0  -2.234019258970e-01  -1.801815379390e-01 
5*0.0  -1.808013556870e-01   6.220104352740e-02 0.0   1.679104262790e-01   1.641159725870e-01 5*0.0   2.693543580530e-01  -8.159883877250e-02 0.0  -2.197931487770e-01  -1.765446583520e-01 
5*0.0  -1.784949223880e-01   6.074412611310e-02 0.0   1.654198440700e-01   1.610932457450e-01 5*0.0   2.658959441150e-01  -7.949507190720e-02 0.0  -2.162059116130e-01  -1.729581011680e-01 
5*0.0  -1.761994693910e-01   5.931843518920e-02 0.0   1.629468551000e-01   1.581097833940e-01 5*0.0   2.624230323540e-01  -7.743725353940e-02 0.0  -2.126412907840e-01  -1.694218346090e-01 
5*0.0  -1.739154456800e-01   5.792334635580e-02 0.0   1.604919356690e-01   1.551655495480e-01 5*0.0   2.589380173950e-01  -7.542464229490e-02 0.0  -2.091003177200e-01  -1.659358043510e-01 
5*0.0  -1.716432795190e-01   5.655824751120e-02 0.0   1.580555350060e-01   1.522604897700e-01 5*0.0   2.554432250800e-01  -7.345650038240e-02 0.0  -2.055839795230e-01  -1.624999341320e-01 
5*0.0  -1.693833779500e-01   5.522253847150e-02 0.0   1.556380763780e-01   1.493945320260e-01 5*0.0   2.519409129020e-01  -7.153209388960e-02 0.0  -2.020932195980e-01  -1.591141263380e-01 
5*0.0  -1.671361279940e-01   5.391563073370e-02 0.0   1.532399578190e-01   1.465675872630e-01 5*0.0   2.484332704900e-01  -6.965069306920e-02 0.0  -1.986289383100e-01  -1.557782626060e-01 
5*0.0  -1.649018979120e-01   5.263694734330e-02 0.0   1.508615530670e-01   1.437795502360e-01 5*0.0   2.449224201450e-01  -6.781157260940e-02 0.0  -1.951919936530e-01  -1.524922044310e-01 
5*0.0  -1.626810373340e-01   5.138592256650e-02 0.0   1.485032123280e-01   1.410303000820e-01 5*0.0   2.414104174250e-01  -6.601401189550e-02 0.0  -1.917832019440e-01  -1.492557937650e-01 
5*0.0  -1.604738783560e-01   5.016200174250e-02 0.0   1.461652631710e-01   1.383197010670e-01 5*0.0   2.378992517580e-01  -6.425729525420e-02 0.0  -1.884033385180e-01  -1.460688536240e-01 
5*0.0  -1.582807360930e-01   4.896464099920e-02 0.0   1.438480111740e-01   1.356476031630e-01 5*0.0   2.343908471060e-01  -6.254071219060e-02 0.0  -1.850531384530e-01  -1.429311886980e-01 
5*0.0  -1.561019096200e-01   4.779330714600e-02 0.0   1.415517408040e-01   1.330138427160e-01 5*0.0   2.308870626620e-01  -6.086355760940e-02 0.0  -1.817332972910e-01  -1.398425859390e-01 
5*0.0  -1.539376822890e-01   4.664747733860e-02 0.0   1.392767160580e-01   1.304182430400e-01 5*0.0   2.273896935850e-01  -5.922513202740e-02 0.0  -1.784444717840e-01  -1.368028151760e-01 
5*0.0  -1.517883225970e-01   4.552663896660e-02 0.0   1.370231812340e-01   1.278606150230e-01 5*0.0   2.239004717630e-01  -5.762474177330e-02 0.0  -1.751872806410e-01  -1.338116297080e-01 
5*0.0  -1.496540846470e-01   4.443028940530e-02 0.0   1.347913615940e-01   1.253407576950e-01 5*0.0   2.204210666110e-01  -5.606169917560e-02 0.0  -1.719623052840e-01  -1.308687668950e-01 
5*0.0  -1.475352087710e-01   4.335793581420e-02 0.0   1.325814640030e-01   1.228584587780e-01 5*0.0   2.169530858970e-01  -5.453532274230e-02 0.0  -1.687700906160e-01  -1.279739487620e-01 
5*0.0  -1.454319220850e-01   4.230909496100e-02 0.0   1.303936776480e-01   1.204134952830e-01 5*0.0   2.134980765980e-01  -5.304493732690e-02 0.0  -1.656111457930e-01  -1.251268825730e-01 
5*0.0  -1.433444390740e-01   4.128329304380e-02 0.0   1.282281745740e-01   1.180056339720e-01 5*0.0   2.100575257710e-01  -5.158987428700e-02 0.0  -1.624859449970e-01  -1.223272614190e-01 
5*0.0  -1.412729618250e-01   4.028006544520e-02 0.0   1.260851103840e-01   1.156346319110e-01 5*0.0   2.066328614610e-01  -5.016947163100e-02 0.0  -1.593949282220e-01  -1.195747647960e-01 
5*0.0  -1.392176808620e-01   3.929895658880e-02 0.0   1.239646247350e-01   1.133002369790e-01 5*0.0   2.032254536180e-01  -4.878307415510e-02 0.0  -1.563385020540e-01  -1.168690591760e-01 
5*0.0  -1.371787753160e-01   3.833951976090e-02 0.0   1.218668419840e-01   1.110021883300e-01 5*0.0   1.998366150410e-01  -4.743003357220e-02 0.0  -1.533170404580e-01  -1.142097985720e-01 
5*0.0  -1.351564135400e-01   3.740131692140e-02 0.0   1.197918717070e-01   1.087402168860e-01 5*0.0   1.964676023380e-01  -4.610970863020e-02 0.0  -1.503308855690e-01  -1.115966250930e-01 
5*0.0  -1.331507534320e-01   3.648391851020e-02 0.0   1.177398092200e-01   1.065140457660e-01 5*0.0   1.931196168970e-01  -4.482146522180e-02 0.0  -1.473803484750e-01  -1.090291695000e-01 
5*0.0  -1.311619428210e-01   3.558690330790e-02 0.0   1.157107361320e-01   1.043233907630e-01 5*0.0   1.897938058860e-01  -4.356467648590e-02 0.0  -1.444657100110e-01  -1.065070517480e-01 
5*0.0  -1.291901200090e-01   3.470985826890e-02 0.0   1.137047208070e-01   1.021679607500e-01 5*0.0   1.864912632410e-01  -4.233872289960e-02 0.0  -1.415872215380e-01  -1.040298815220e-01 
5*0.0  -1.272354137650e-01   3.385237830060e-02 0.0   1.117218189030e-01   1.000474581140e-01 5*0.0   1.832130306920e-01  -4.114299236280e-02 0.0  -1.387451057350e-01  -1.015972587660e-01 
5*0.0  -1.252979440460e-01   3.301406618010e-02 0.0   1.097620737780e-01   9.796157913200e-02 5*0.0   1.799600987820e-01  -3.997688027490e-02 0.0  -1.359395573750e-01  -9.920877419930e-02 
5*0.0  -1.233778220330e-01   3.219453232650e-02 0.0   1.078255170100e-01   9.591001440650e-02 5*0.0   1.767334078980e-01  -3.883978960320e-02 0.0  -1.331707441070e-01  -9.686400983480e-02 
5*0.0  -1.214751506110e-01   3.139339470070e-02 0.0   1.059121687930e-01   9.389244919680e-02 5*0.0   1.735338493100e-01  -3.773113094350e-02 0.0  -1.304388072300e-01  -9.456253947360e-02 
5*0.0  -1.195900248020e-01   3.061027864160e-02 0.0   1.040220383780e-01   9.190856382950e-02 5*0.0   1.703622662200e-01  -3.665032257480e-02 0.0  -1.277438624620e-01  -9.230392920370e-02 
5*0.0  -1.177225315570e-01   2.984481667390e-02 0.0   1.021551244950e-01   8.995803400830e-02 5*0.0   1.672194548050e-01  -3.559679050560e-02 0.0  -1.250860007030e-01  -9.008773788140e-02 
5*0.0  -1.158727504250e-01   2.909664841270e-02 0.0   1.003114157600e-01   8.804053120430e-02 5*0.0   1.641061652710e-01  -3.456996851420e-02 0.0  -1.224652887970e-01  -8.791351760560e-02 
5*0.0  -1.140407537900e-01   2.836542041620e-02 0.0   9.849089103860e-02   8.615572295480e-02 5*0.0   1.610231029080e-01  -3.356929818190e-02 0.0  -1.198817702820e-01  -8.578081418450e-02 
5*0.0  -1.122266069240e-01   2.765078601850e-02 0.0   9.669351984640e-02   8.430327319510e-02 5*0.0   1.579709291470e-01  -3.259422892070e-02 0.0  -1.173354661350e-01  -8.368916758940e-02 
5*0.0  -1.104303683010e-01   2.695240522070e-02 0.0   9.491926269970e-02   8.248284256660e-02 5*0.0   1.549502626050e-01  -3.164421799340e-02 0.0  -1.148263755100e-01  -8.163811240370e-02 
5*0.0  -1.086520898560e-01   2.626994454120e-02 0.0   9.316807148140e-02   8.069408872840e-02 5*0.0   1.519616801490e-01  -3.071873052960e-02 0.0  -1.123544764700e-01  -7.962717824990e-02 
5*0.0  -1.068918171350e-01   2.560307690100e-02 0.0   9.143988976880e-02   7.893666662970e-02 5*0.0   1.490057179390e-01  -2.981723953490e-02 0.0  -1.099197267050e-01  -7.765589022520e-02 
5*0.0  -1.051495894840e-01   2.495148147930e-02 0.0   8.973465317780e-02   7.721022879960e-02 5*0.0   1.460828724800e-01  -2.893922589450e-02 0.0  -1.075220642500e-01  -7.572376931020e-02 
5*0.0  -1.034254403440e-01   2.431484360830e-02 0.0   8.805228967710e-02   7.551442561820e-02 5*0.0   1.431936016610e-01  -2.808417837240e-02 0.0  -1.051614081830e-01  -7.383033277770e-02 
5*0.0  -1.017193972280e-01   2.369285462200e-02 0.0   8.639271990180e-02   7.384890556900e-02 5*0.0   1.403383257920e-01  -2.725159360450e-02 0.0  -1.028376593240e-01  -7.197509458350e-02 
5*0.0  -1.000314820350e-01   2.308521178110e-02 0.0   8.475585745700e-02   7.221331549690e-02 5*0.0   1.375174286420e-01  -2.644097608800e-02 0.0  -1.005507009200e-01  -7.015756575670e-02 
5*0.0  -9.836171125080e-02   2.249161811100e-02 0.0   8.314160920520e-02   7.060730085430e-02 5*0.0   1.347312584570e-01  -2.565183816500e-02 0.0  -9.830039931620e-02  -6.837725477180e-02 
5*0.0  -9.671009593190e-02   2.191178232110e-02 0.0   8.154987555470e-02   6.903050592240e-02 5*0.0   1.319801289810e-01  -2.488370000250e-02 0.0  -9.608660462450e-02  -6.663366790920e-02 
5*0.0  -9.507664198500e-02   2.134541867730e-02 0.0   7.998055073150e-02   6.748257404530e-02 5*0.0   1.292643204620e-01  -2.413608956740e-02 0.0  -9.390915137480e-02  -6.492630961820e-02 
5*0.0  -9.346135030730e-02   2.079224690100e-02 0.0   7.843352304350e-02   6.596314784580e-02 5*0.0   1.265840806580e-01  -2.340854259810e-02 0.0  -9.176785916060e-02  -6.325468285320e-02 
5*0.0  -9.186421682080e-02   2.025199205670e-02 0.0   7.690867514440e-02   6.447186943170e-02 5*0.0   1.239396258220e-01  -2.270060257170e-02 0.0  -8.966253327000e-02  -6.161828940890e-02 
5*0.0  -9.028523267620e-02   1.972438445140e-02 0.0   7.540588427790e-02   6.300838059860e-02 5*0.0   1.213311416820e-01  -2.201182066730e-02 0.0  -8.759296530690e-02  -6.001663025030e-02 
5*0.0  -8.872438437370e-02   1.920915953090e-02 0.0   7.392502252550e-02   6.157232302630e-02 5*0.0   1.187587844180e-01  -2.134175572680e-02 0.0  -8.555893380310e-02  -5.844920584270e-02 
5*0.0  -8.718165387310e-02   1.870605779680e-02 0.0   7.246595703280e-02   6.016333843930e-02 5*0.0   1.162226816120e-01  -2.068997421050e-02 0.0  -8.356020480970e-02  -5.691551636330e-02 
5*0.0  -8.565701868210e-02   1.821482468050e-02 0.0   7.102855024950e-02   5.878106883120e-02 5*0.0   1.137229332000e-01  -2.005605015150e-02 0.0  -8.159653249380e-02  -5.541506213910e-02 
5*0.0  -8.415045196360e-02   1.773521046760e-02 0.0   6.961266014420e-02   5.742515659860e-02 5*0.0   1.112596124060e-01  -1.943956510550e-02 0.0  -7.966765971130e-02  -5.394734383930e-02 
5*0.0  -8.266192269020e-02   1.726697021140e-02 0.0   6.821814041450e-02   5.609524471570e-02 5*0.0   1.088327666590e-01  -1.884010809710e-02 0.0  -7.777331855810e-02  -5.251186275460e-02 
5*0.0  -8.119139571590e-02   1.680986361610e-02 0.0   6.684484070760e-02   5.479097690080e-02 5*0.0   1.064424185130e-01  -1.825727556760e-02 0.0  -7.591323094160e-02  -5.110812109940e-02 
5*0.0  -7.973883181750e-02   1.636365498150e-02 0.0   6.549260680440e-02   5.351199775270e-02 5*0.0   1.040885665290e-01  -1.769067131350e-02 0.0  -7.408710910650e-02  -4.973562222510e-02 
5*0.0  -7.830418792580e-02   1.592811309310e-02 0.0   6.416128083460e-02   5.225795290930e-02 5*0.0   1.017711861690e-01  -1.713990642780e-02 0.0  -7.229465616610e-02  -4.839387090090e-02 
5*0.0  -7.688741703470e-02   1.550301114540e-02 0.0   6.285070145630e-02   5.102848917760e-02 5*0.0   9.949023065420e-02  -1.660459923700e-02 0.0  -7.053556661720e-02  -4.708237352530e-02 
5*0.0  -7.548846845810e-02   1.508812666440e-02 0.0   6.156070403470e-02   4.982325466770e-02 5*0.0   9.724563182600e-02  -1.608437523630e-02 0.0  -6.880952684550e-02  -4.580063836550e-02 
5*0.0  -7.410728780250e-02   1.468324140910e-02 0.0   6.029112083820e-02   4.864189892540e-02 5*0.0   9.503730098130e-02  -1.557886702220e-02 0.0  -6.711621561730e-02  -4.454817578300e-02 
5*0.0  -7.274381711010e-02   1.428814131440e-02 0.0   5.904178119320e-02   4.748407304590e-02 5*0.0   9.286512969770e-02  -1.508771422360e-02 0.0  -6.545530455570e-02  -4.332449842520e-02 
5*0.0  -7.139799495030e-02   1.390261641100e-02 0.0   5.781251166730e-02   4.634942979650e-02 5*0.0   9.072899064200e-02  -1.461056343120e-02 0.0  -6.382645861240e-02  -4.212912144940e-02 
5*0.0  -7.006975638890e-02   1.352646072310e-02 0.0   5.660313622560e-02   4.523762371910e-02 5*0.0   8.862873836640e-02  -1.414706812500e-02 0.0  -6.222933651920e-02  -4.096156268720e-02 
5*0.0  -6.875903325190e-02   1.315947223270e-02 0.0   5.541347639230e-02   4.414831124700e-02 5*0.0   8.656421008590e-02  -1.369688860030e-02 0.0  -6.066359123840e-02  -3.982134285650e-02 
5*0.0  -6.746575404510e-02   1.280145278360e-02 0.0   5.424335140390e-02   4.308115079650e-02 5*0.0   8.453522644220e-02  -1.325969189240e-02 0.0  -5.912887038740e-02  -3.870798571480e-02 
5*0.0  -6.618984405780e-02   1.245220801000e-02 0.0   5.309257835660e-02   4.203580286220e-02 5*0.0   8.254159225210e-02  -1.283515169940e-02 0.0  -5.762481666130e-02  -3.762101824870e-02 
5*0.0  -6.493122555440e-02   1.211154728730e-02 0.0   5.196097235780e-02   4.101193011440e-02 5*0.0   8.058309723870e-02  -1.242294830490e-02 0.0  -5.615106824390e-02  -3.655997081410e-02 
5*0.0  -6.368981769140e-02   1.177928364560e-02 0.0   5.084834666400e-02   4.000919748390e-02 5*0.0   7.865951675130e-02  -1.202276849850e-02 0.0  -5.470725920650e-02  -3.552437730190e-02 
5*0.0  -6.246553666360e-02   1.145523370370e-02 0.0   4.975451281330e-02   3.902727223550e-02 5*0.0   7.677061246190e-02  -1.163430549560e-02 0.0  -5.329301988120e-02  -3.451377526730e-02 
5*0.0  -6.125829574030e-02   1.113921760770e-02 0.0   4.867928076790e-02   3.806582405590e-02 5*0.0   7.491613305360e-02  -1.125725885620e-02 0.0  -5.190797725070e-02  -3.352770608270e-02 
5*0.0  -6.006800547460e-02   1.083105898430e-02 0.0   4.762245903510e-02   3.712452512510e-02 5*0.0   7.309581489050e-02  -1.089133440410e-02 0.0  -5.055175530060e-02  -3.256571506120e-02 
5*0.0  -5.889457353010e-02   1.053058484790e-02 0.0   4.658385479680e-02   3.620305017980e-02 5*0.0   7.130938266860e-02  -1.053624414290e-02 0.0  -4.922397537300e-02  -3.162735157460e-02 
5*0.0  -5.773790498570e-02   1.023762556740e-02 0.0   4.556327403290e-02   3.530107658730e-02 5*0.0   6.955655005800e-02  -1.019170617380e-02 0.0  -4.792425651070e-02  -3.071216917100e-02 
5*0.0  -5.659790224790e-02   9.952014785310e-03 0.0   4.456052163270e-02   3.441828439720e-02 5*0.0   6.783702031980e-02  -9.857444611140e-03 0.0  -4.665221577960e-02  -2.981972568500e-02 
5*0.0  -5.547446519250e-02   9.673589373330e-03 0.0   4.357540152030e-02   3.355435641130e-02 5*0.0   6.615048692050e-02  -9.533189499120e-03 0.0  -4.540746859770e-02  -2.894958334080e-02 
5*0.0  -5.436749125480e-02   9.402189376020e-03 0.0   4.260771675410e-02   3.270897822750e-02 5*0.0   6.449663411520e-02  -9.218676726040e-03 0.0  -4.418962903120e-02  -2.810130884050e-02 
5*0.0  -5.327687537830e-02   9.137657935550e-03 0.0   4.165726964470e-02   3.188183829690e-02 5*0.0   6.287513752790e-02  -8.913647939570e-03 0.0  -4.299831010020e-02  -2.727447345810e-02 
5*0.0  -5.220251023380e-02   8.879841263340e-03 0.0   4.072386185650e-02   3.107262797130e-02 5*0.0   6.128566471270e-02  -8.617850462740e-03 0.0  -4.183312406470e-02  -2.646865312550e-02 
5*0.0  -5.114428620470e-02   8.628588571040e-03 0.0   3.980729450430e-02   3.028104153680e-02 5*0.0   5.972787569450e-02  -8.331037206660e-03 0.0  -4.069368269900e-02  -2.568342850020e-02 
5*0.0  -5.010209143570e-02   8.383752015310e-03 0.0   3.890736826650e-02   2.950677627890e-02 5*0.0   5.820142350340e-02  -8.052966586630e-03 0.0  -3.957959756000e-02  -2.491838503800e-02 
5*0.0  -4.907581198950e-02   8.145186656530e-03 0.0   3.802388345780e-02   2.874953249100e-02 5*0.0   5.670595468770e-02  -7.783402436090e-03 0.0  -3.849048024580e-02  -2.417311306940e-02 
5*0.0  -4.806533181330e-02   7.912750398960e-03 0.0   3.715664015230e-02   2.800901353640e-02 5*0.0   5.524110981210e-02  -7.522113920410e-03 0.0  -3.742594263810e-02  -2.344720783840e-02 
5*0.0  -4.707053286990e-02   7.686303948200e-03 0.0   3.630543824850e-02   2.728492585680e-02 5*0.0   5.380652394660e-02  -7.268875452720e-03 0.0  -3.638559714820e-02  -2.274026958020e-02 
5*0.0  -4.609129516030e-02   7.465710749640e-03 0.0   3.547007756260e-02   2.657697902440e-02 5*0.0   5.240182713530e-02  -7.023466608230e-03 0.0  -3.536905693800e-02  -2.205190354800e-02 
5*0.0  -4.512749685600e-02   7.250836962720e-03 0.0   3.465035792380e-02   2.588488575430e-02 5*0.0   5.102664485060e-02  -6.785672038140e-03 0.0  -3.437593614120e-02  -2.138172007120e-02 
5*0.0  -4.417901432260e-02   7.041551393320e-03 0.0   3.384607924770e-02   2.520836193300e-02 5*0.0   4.968059843940e-02  -6.555281386580e-03 0.0  -3.340585007640e-02  -2.072933459040e-02 
5*0.0  -4.324572213370e-02   6.837725455200e-03 0.0   3.305704161390e-02   2.454712662890e-02 5*0.0   4.836330554720e-02  -6.332089204850e-03 0.0  -3.245841544420e-02  -2.009436768820e-02 
5*0.0  -4.232749325950e-02   6.639233120910e-03 0.0   3.228304535240e-02   2.390090214770e-02 5*0.0   4.707438053380e-02  -6.115894867220e-03 0.0  -3.153325052240e-02  -1.947644512220e-02 
5*0.0  -4.142419904170e-02   6.445950890790e-03 0.0   3.152389110660e-02   2.326941400340e-02 5*0.0   4.581343487370e-02  -5.906502488020e-03 0.0  -3.062997535090e-02  -1.887519784940e-02 
5*0.0  -4.053570927750e-02   6.257757727050e-03 0.0   3.077937991310e-02   2.265239095540e-02 5*0.0   4.458007754090e-02  -5.703720837090e-03 0.0  -2.974821190360e-02  -1.829026204290e-02 
5*0.0  -3.966189231140e-02   6.074535035450e-03 0.0   3.004931327480e-02   2.204956503320e-02 5*0.0   4.337391538550e-02  -5.507363258140e-03 0.0  -2.888758426160e-02  -1.772127911780e-02 
5*0.0  -3.880261508080e-02   5.896166600300e-03 0.0   2.933349321950e-02   2.146067152720e-02 5*0.0   4.219455349180e-02  -5.317247585610e-03 0.0  -2.804771876820e-02  -1.716789573380e-02 
5*0.0  -3.795774316620e-02   5.722538557390e-03 0.0   2.863172236880e-02   2.088544899790e-02 5*0.0   4.104159552550e-02  -5.133196062780e-03 0.0  -2.722824418230e-02  -1.662976380400e-02 
5*0.0  -3.712714090240e-02   5.553539349490e-03 0.0   2.794380400510e-02   2.032363930300e-02 5*0.0   3.991464407060e-02  -4.955035261110e-03 0.0  -2.642879182660e-02  -1.610654051500e-02 
5*0.0  -3.631067140310e-02   5.389059686320e-03 0.0   2.726954213000e-02   1.977498757340e-02 5*0.0   3.881330094930e-02  -4.782595999100e-03 0.0  -2.564899571720e-02  -1.559788830250e-02 
5*0.0  -3.550819663590e-02   5.228992501960e-03 0.0   2.660874151870e-02   1.923924223800e-02 5*0.0   3.773716753280e-02  -4.615713262280e-03 0.0  -2.488849269880e-02  -1.510347487230e-02 
5*0.0  -3.471957750610e-02   5.073232923830e-03 0.0   2.596120778580e-02   1.871615502090e-02 5*0.0   3.668584504210e-02  -4.454226124900e-03 0.0  -2.414692256750e-02  -1.462297318390e-02 
5*0.0  -3.394467390620e-02   4.921678226330e-03 0.0   2.532674743290e-02   1.820548092950e-02 5*0.0   3.565893483010e-02  -4.297977669990e-03 0.0  -2.342392818570e-02  -1.415606144280e-02 
5*0.0  -3.318334475750e-02   4.774227795230e-03 0.0   2.470516790550e-02   1.770697826620e-02 5*0.0   3.465603865830e-02  -4.146814912110e-03 0.0  -2.271915558650e-02  -1.370242308890e-02 
5*0.0  -3.243544811960e-02   4.630783097610e-03 0.0   2.409627763970e-02   1.722040861480e-02 5*0.0   3.367675896000e-02  -4.000588720320e-03 0.0  -2.203225408190e-02  -1.326174677920e-02 
5*0.0  -3.170084122750e-02   4.491247637280e-03 0.0   2.349988611960e-02   1.674553685090e-02 5*0.0   3.272069909490e-02  -3.859153742160e-03 0.0  -2.136287636180e-02  -1.283372638120e-02 
5*0.0  -3.097938054420e-02   4.355526921290e-03 0.0   2.291580390960e-02   1.628213110670e-02 5*0.0   3.178746358660e-02  -3.722368327400e-03 0.0  -2.071067857440e-02  -1.241806093660e-02 
5*0.0  -3.027092184370e-02   4.223528427350e-03 0.0   2.234384271430e-02   1.582996279460e-02 5*0.0   3.087665835630e-02  -3.590094453770e-03 0.0  -2.007532041970e-02  -1.201445465230e-02 
5*0.0  -2.957532028980e-02   4.095161571140e-03 0.0   2.178381542000e-02   1.538880657790e-02 5*0.0   2.998789094330e-02  -3.462197653340e-03 0.0  -1.945646522310e-02  -1.162261686630e-02 
5*0.0  -2.889243042370e-02   3.970337662300e-03 0.0   2.123553612190e-02   1.495844036590e-02 5*0.0   2.912077071360e-02  -3.338546938890e-03 0.0  -1.885378000680e-02  -1.124226202190e-02 
5*0.0  -2.822210631410e-02   3.848969882190e-03 0.0   2.069882018950e-02   1.453864530880e-02 5*0.0   2.827490906210e-02  -3.219014732140e-03 0.0  -1.826693556290e-02  -1.087310964390e-02 
5*0.0  -2.756420156700e-02   3.730973246660e-03 0.0   2.017348427730e-02   1.412920576520e-02 5*0.0   2.744991960200e-02  -3.103476792490e-03 0.0  -1.769560650730e-02  -1.051488429490e-02 
5*0.0  -2.691856938410e-02   3.616264571660e-03 0.0   1.965934637620e-02   1.372990931220e-02 5*0.0   2.664541834810e-02  -2.991812146780e-03 0.0  -1.713947134380e-02  -1.016731555260e-02 
5*0.0  -2.628506265050e-02   3.504762445490e-03 0.0   1.915622585650e-02   1.334054671810e-02 5*0.0   2.586102388700e-02  -2.883903019380e-03 0.0  -1.659821251130e-02  -9.830137969140e-03 
5*0.0  -2.566353397020e-02   3.396387192620e-03 0.0   1.866394347860e-02   1.296091191940e-02 5*0.0   2.509635754090e-02  -2.779634764140e-03 0.0  -1.607151643140e-02  -9.503091031260e-03 
5*0.0  -2.505383571630e-02   3.291060846870e-03 0.0   1.818232144700e-02   1.259080202050e-02 5*0.0   2.435104352250e-02  -2.678895796420e-03 0.0  -1.555907355200e-02  -9.185919123970e-03 
5*0.0  -2.445582011520e-02   3.188707119330e-03 0.0   1.771118342360e-02   1.223001726160e-02 5*0.0   2.362470908030e-02  -2.581577526630e-03 0.0  -1.506057838390e-02  -8.878371487760e-03 
5*0.0  -2.386933928000e-02   3.089251367210e-03 0.0   1.725035456990e-02   1.187836100460e-02 5*0.0   2.291698463680e-02  -2.487574294490e-03 0.0  -1.457572953460e-02  -8.580202177350e-03 
5*0.0  -2.329424527910e-02   2.992620567430e-03 0.0   1.679966156290e-02   1.153563971470e-02 5*0.0   2.222750391620e-02  -2.396783303750e-03 0.0  -1.410422973450e-02  -8.291170012790e-03 
5*0.0  -2.273039017130e-02   2.898743282780e-03 0.0   1.635893263190e-02   1.120166294090e-02 5*0.0   2.155590406950e-02  -2.309104559190e-03 0.0  -1.364578586900e-02  -8.011038547320e-03 
5*0.0  -2.217762608210e-02   2.807549637670e-03 0.0   1.592799757020e-02   1.087624328280e-02 5*0.0   2.090182578480e-02  -2.224440802930e-03 0.0  -1.320010899110e-02  -7.739575999480e-03 
5*0.0  -2.163580524690e-02   2.718971288130e-03 0.0   1.550668776790e-02   1.055919638500e-02 5*0.0   2.026491339690e-02  -2.142697453030e-03 0.0  -1.276691434390e-02  -7.476555225380e-03 
5*0.0  -2.110478005040e-02   2.632941393220e-03 0.0   1.509483623420e-02   1.025034090900e-02 5*0.0   1.964481498520e-02  -2.063782542190e-03 0.0  -1.234592137560e-02  -7.221753657720e-03 
5*0.0  -2.058440310420e-02   2.549394590450e-03 0.0   1.469227760780e-02   9.949498501450e-03 5*0.0   1.904118246620e-02  -1.987606657800e-03 0.0  -1.193685374320e-02  -6.974953259860e-03 
5*0.0  -2.007452726290e-02   2.468266963100e-03 0.0   1.429884818400e-02   9.656493778390e-03 5*0.0   1.845367168020e-02  -1.914082883050e-03 0.0  -1.153943932590e-02  -6.735940473500e-03 
5*0.0  -1.957500570790e-02   2.389496020780e-03 0.0   1.391438593190e-02   9.371154296060e-03 5*0.0   1.788194246930e-02  -1.843126738550e-03 0.0  -1.115341022440e-02  -6.504506168590e-03 
5*0.0  -1.908569196170e-02   2.313020667530e-03 0.0   1.353873050640e-02   9.093310529180e-03 5*0.0   1.732565875120e-02  -1.774656125410e-03 0.0  -1.077850276350e-02  -6.280445588400e-03 
5*0.0  -1.860643996150e-02   2.238781179180e-03 0.0   1.317172326850e-02   8.822795845350e-03 5*0.0   1.678448858560e-02  -1.708591269010e-03 0.0  -1.041445749000e-02  -6.063558297220e-03 
5*0.0  -1.813710408660e-02   2.166719176050e-03 0.0   1.281320729540e-02   8.559446475000e-03 5*0.0   1.625810423570e-02  -1.644854663960e-03 0.0  -1.006101916630e-02  -5.853648130980e-03 
5*0.0  -1.767753921160e-02   2.096777598790e-03 0.0   1.246302739490e-02   8.303101487600e-03 5*0.0   1.574618222040e-02  -1.583371019120e-03 0.0  -9.717936760720e-03  -5.650523130260e-03 
5*0.0  -1.722760075380e-02   2.028900684390e-03 0.0   1.212103011720e-02   8.053602760840e-03 5*0.0   1.524840336790e-02  -1.524067205270e-03 0.0  -9.384963439380e-03  -5.453995497900e-03 
5*0.0  -1.678714470030e-02   1.963033939760e-03 0.0   1.178706376410e-02   7.810794957710e-03 5*0.0   1.476445285660e-02  -1.466872201920e-03 0.0  -9.061856552670e-03  -5.263881537270e-03 
5*0.0  -1.635602766720e-02   1.899124119410e-03 0.0   1.146097840150e-02   7.574525498410e-03 5*0.0   1.429402025600e-02  -1.411717046480e-03 0.0  -8.748377618890e-03  -5.080001597080e-03 
5*0.0  -1.593410692890e-02   1.837119202030e-03 0.0   1.114262586430e-02   7.344644525660e-03 5*0.0   1.383679955930e-02  -1.358534783300e-03 0.0  -8.444292305290e-03  -4.902180013050e-03 
5*0.0  -1.552124046140e-02   1.776968365400e-03 0.0   1.083185976460e-02   7.121004882070e-03 5*0.0   1.339248921290e-02  -1.307260414180e-03 0.0  -8.149370409380e-03  -4.730245054790e-03 
5*0.0  -1.511728697760e-02   1.718621965620e-03 0.0   1.052853549970e-02   6.903462081970e-03 5*0.0   1.296079214310e-02  -1.257830850310e-03 0.0  -7.863385839390e-03  -4.564028869790e-03 
5*0.0  -1.472210596820e-02   1.662031512290e-03 0.0   1.023251025530e-02   6.691874277090e-03 5*0.0   1.254141577180e-02  -1.210184863320e-03 0.0  -7.586116583220e-03  -4.403367417520e-03 
5*0.0  -1.433555773310e-02   1.607149648660e-03 0.0   9.943643009870e-03   6.486102230880e-03 5*0.0   1.213407203680e-02  -1.164263039860e-03 0.0  -7.317344690000e-03  -4.248100422340e-03 
5*0.0  -1.395750342130e-02   1.553930128010e-03 0.0   9.661794543420e-03   6.286009288050e-03 5*0.0   1.173847740060e-02  -1.120007734570e-03 0.0  -7.056856237760e-03  -4.098071310740e-03 
5*0.0  -1.358780506060e-02   1.502327792060e-03 0.0   9.386827430800e-03   6.091461342730e-03 5*0.0   1.135435285970e-02  -1.077363025740e-03 0.0  -6.804441305520e-03  -3.953127152440e-03 
5*0.0  -1.322632558890e-02   1.452298550540e-03 0.0   9.118606049040e-03   5.902326813500e-03 5*0.0   1.098142394760e-02  -1.036274670740e-03 0.0  -6.559893942400e-03  -3.813118609590e-03 
5*0.0  -1.287292889280e-02   1.403799360550e-03 0.0   8.856996577790e-03   5.718476606200e-03 5*0.0   1.061942073630e-02  -9.966900631620e-04 0.0  -6.323012135640e-03  -3.677899870170e-03 
5*0.0  -1.252747982820e-02   1.356788203750e-03 0.0   8.601866999580e-03   5.539784091670e-03 5*0.0   1.026807783210e-02  -9.585581901300e-04 0.0  -6.093597775280e-03  -3.547328596470e-03 
5*0.0  -1.218984425900e-02   1.311224068650e-03 0.0   8.353087094810e-03   5.366125065090e-03 5*0.0   9.927134369240e-03  -9.218295906960e-04 0.0  -5.871456620330e-03  -3.421265869110e-03 
5*0.0  -1.185988907380e-02   1.267066928720e-03 0.0   8.110528446910e-03   5.197377727500e-03 5*0.0   9.596334001250e-03  -8.864563155750e-04 0.0  -5.656398262000e-03  -3.299576121550e-03 
5*0.0  -1.153748222830e-02   1.224277723990e-03 0.0   7.874064432390e-03   5.033422644280e-03 5*0.0   9.275424887590e-03  -8.523918869550e-04 0.0  -5.448236086310e-03  -3.182127093420e-03 
5*0.0  -1.122249275540e-02   1.182818340710e-03 0.0   7.643570224020e-03   4.874142722890e-03 5*0.0   8.964159678300e-03  -8.195912596900e-04 0.0  -5.246787235400e-03  -3.068789764710e-03 
5*0.0  -1.091479079990e-02   1.142651592750e-03 0.0   7.418922782730e-03   4.719423175430e-03 5*0.0   8.662295495320e-03  -7.880107828940e-04 0.0  -5.051872567460e-03  -2.959438306980e-03 
5*0.0  -1.061424763550e-02   1.103741201840e-03 0.0   7.200000853020e-03   4.569151492720e-03 5*0.0   8.369593911970e-03  -7.576081627330e-04 0.0  -4.863316616640e-03  -2.853950018680e-03 
5*0.0  -1.032073569570e-02   1.066051780840e-03 0.0   6.986684961990e-03   4.423217411490e-03 5*0.0   8.085820930070e-03  -7.283424260830e-04 0.0  -4.680947552110e-03  -2.752205274500e-03 
5*0.0  -1.003412858950e-02   1.029548814230e-03 0.0   6.778857407930e-03   4.281512883740e-03 5*0.0   7.810746952810e-03  -7.001738841390e-04 0.0  -4.504597135170e-03  -2.654087471610e-03 
5*0.0  -9.754301117850e-03   9.941986397710e-04 0.0   6.576402256270e-03   4.143932046810e-03 5*0.0   7.544146758380e-03  -6.730640982420e-04 0.0  -4.334100676740e-03  -2.559482968130e-03 
5*0.0  -9.481129302410e-03   9.599684322760e-04 0.0   6.379205333090e-03   4.010371192680e-03 5*0.0   7.285799468030e-03  -6.469758447960e-04 0.0  -4.169296993220e-03  -2.468281031000e-03 
5*0.0  -9.214490399140e-03   9.268261847400e-04 0.0   6.187154214710e-03   3.880728735640e-03 5*0.0   7.035488515760e-03  -6.218730825960e-04 0.0  -4.010028362490e-03  -2.380373780860e-03 
5*0.0  -8.954262912150e-03   8.947406924040e-04 0.0   6.000138222810e-03   3.754905184200e-03 5*0.0   6.793001612990e-03  -5.977209195410e-04 0.0  -3.856140480340e-03  -2.295656139960e-03 
5*0.0  -8.700326616190e-03   8.636815353240e-04 0.0   5.818048410900e-03   3.632803108750e-03 5*0.0   6.558130712980e-03  -5.744855809340e-04 0.0  -3.707482412830e-03  -2.214025775600e-03 
5*0.0  -8.452562568190e-03   8.336190617940e-04 0.0   5.640777560080e-03   3.514327111830e-03 5*0.0   6.330671974090e-03  -5.521343782820e-04 0.0  -3.563906554140e-03  -2.135383047290e-03 
5*0.0  -8.210853121720e-03   8.045243722400e-04 0.0   5.468220165010e-03   3.399383800100e-03 5*0.0   6.110425719720e-03  -5.306356786310e-04 0.0  -3.425268576750e-03  -2.059630955380e-03 
5*0.0  -7.975081938930e-03   7.763693030980e-04 0.0   5.300272424070e-03   3.287881748620e-03 5*0.0   5.897196398280e-03  -5.099588747200e-04 0.0  -3.291427388160e-03  -1.986675088090e-03 
5*0.0  -7.745134005630e-03   7.491264110610e-04 0.0   5.136832231780e-03   3.179731477760e-03 5*0.0   5.690792541060e-03  -4.900743560350e-04 0.0  -3.162245081910e-03  -1.916423565220e-03 
5*0.0  -7.520895643560e-03   7.227689578150e-04 0.0   4.977799161380e-03   3.074845417100e-03 5*0.0   5.491026719300e-03  -4.709534801870e-04 0.0  -3.037586892980e-03  -1.848786995360e-03 
5*0.0  -7.302254513500e-03   6.972708943050e-04 0.0   4.823074459070e-03   2.973137881130e-03 5*0.0   5.297715499310e-03  -4.525685452600e-04 0.0  -2.917321148280e-03  -1.783678417720e-03 
5*0.0  -7.089099634390e-03   6.726068463390e-04 0.0   4.672561029040e-03   2.874525034360e-03 5*0.0   5.110679397560e-03  -4.348927625920e-04 0.0  -2.801319222170e-03  -1.721013255430e-03 
5*0.0  -6.881321383130e-03   6.487520992050e-04 0.0   4.526163418780e-03   2.778924867130e-03 5*0.0   4.929742833930e-03  -4.179002305600e-04 0.0  -2.689455487230e-03  -1.660709264310e-03 
5*0.0  -6.678811505830e-03   6.256825837000e-04 0.0   4.383787810200e-03   2.686257161790e-03 5*0.0   4.754734083540e-03  -4.015659083090e-04 0.0  -2.581607266790e-03  -1.602686483980e-03 
5*0.0  -6.481463127390e-03   6.033748617180e-04 0.0   4.245342003870e-03   2.596443467410e-03 5*0.0   4.585485229730e-03  -3.858655910340e-04 0.0  -2.477654789280e-03  -1.546867190200e-03 
5*0.0  -6.289170751210e-03   5.818061123200e-04 0.0   4.110735405950e-03   2.509407069060e-03 5*0.0   4.421832114360e-03  -3.707758852250e-04 0.0  -2.377481140500e-03  -1.493175847230e-03 
5*0.0  -6.101830268330e-03   5.609541175880e-04 0.0   3.979879012460e-03   2.425072957150e-03 5*0.0   4.263614287110e-03  -3.562741845040e-04 0.0  -2.280972212720e-03  -1.441539054730e-03 
5*0.0  -5.919338962590e-03   5.407972499050e-04 0.0   3.852685398920e-03   2.343367803950e-03 5*0.0   4.110674956670e-03  -3.423386465520e-04 0.0  -2.188016663740e-03  -1.391885511840e-03 
5*0.0  -5.741595508980e-03   5.213144578580e-04 0.0   3.729068701700e-03   2.264219932180e-03 5*0.0   3.962860938750e-03  -3.289481701750e-04 0.0  -2.098505865090e-03  -1.344145960980e-03 
5*0.0  -5.568499980600e-03   5.024852536570e-04 0.0   3.608944605290e-03   2.187559286070e-03 5*0.0   3.820022604760e-03  -3.160823731090e-04 0.0  -2.012333856350e-03  -1.298253146960e-03 
5*0.0  -5.399953846050e-03   4.842897000490e-04 0.0   3.492230327330e-03   2.113317406540e-03 5*0.0   3.682013829660e-03  -3.037215702940e-04 0.0  -1.929397298520e-03  -1.254141771100e-03 
5*0.0  -5.235859978870e-03   4.667083981160e-04 0.0   3.378844601270e-03   2.041427400390e-03 5*0.0   3.548691940170e-03  -2.918467529000e-04 0.0  -1.849595427330e-03  -1.211748447230e-03 
5*0.0  -5.076122648170e-03   4.497224747280e-04 0.0   3.268707663390e-03   1.971823918010e-03 5*0.0   3.419917661930e-03  -2.804395677040e-04 0.0  -1.772830008000e-03  -1.171011659310e-03 
5*0.0  -4.920647522200e-03   4.333135701980e-04 0.0   3.161741234620e-03   1.904443118650e-03 5*0.0   3.295555066230e-03  -2.694822970140e-04 0.0  -1.699005286200e-03  -1.131871713300e-03 
5*0.0  -4.769341669660e-03   4.174638268940e-04 0.0   3.057868506720e-03   1.839222651240e-03 5*0.0   3.175471517640e-03  -2.589578392410e-04 0.0  -1.628027945900e-03  -1.094270702700e-03 
5*0.0  -4.622113554110e-03   4.021558766430e-04 0.0   2.957014125260e-03   1.776101623380e-03 5*0.0   3.059537620250e-03  -2.488496899210e-04 0.0  -1.559807061140e-03  -1.058152457840e-03 
5*0.0  -4.478873031640e-03   3.873728302880e-04 0.0   2.859104170540e-03   1.715020575720e-03 5*0.0   2.947627163660e-03  -2.391419228910e-04 0.0  -1.494254049150e-03  -1.023462513010e-03 
5*0.0  -4.339531350480e-03   3.730982652510e-04 0.0   2.764066148400e-03   1.655921460080e-03 5*0.0   2.839617072380e-03  -2.298191725750e-04 0.0  -1.431282637060e-03  -9.901480661970e-04 
5*0.0  -4.204001148430e-03   3.593162163880e-04 0.0   2.671828963310e-03   1.598747603520e-03 5*0.0   2.735387348190e-03  -2.208666168750e-04 0.0  -1.370808793240e-03  -9.581579234850e-04 
5*0.0  -4.072196439720e-03   3.460111627600e-04 0.0   2.582322912380e-03   1.543443695420e-03 5*0.0   2.634821020850e-03  -2.122699590200e-04 0.0  -1.312750714320e-03  -9.274424846840e-04 
5*0.0  -3.944032623770e-03   3.331680191070e-04 0.0   2.495479660400e-03   1.489955754440e-03 5*0.0   2.537804093310e-03  -2.040154124990e-04 0.0  -1.257028755340e-03  -8.979536854820e-04 
5*0.0  -3.819426465420e-03   3.207721233010e-04 0.0   2.411232226330e-03   1.438231103460e-03 5*0.0   2.444225484300e-03  -1.960896821140e-04 0.0  -1.203565398950e-03  -8.696449650280e-04 
5*0.0  -3.698296100720e-03   3.088092284230e-04 0.0   2.329514965870e-03   1.388218349200e-03 5*0.0   2.353976985590e-03  -1.884799524090e-04 0.0  -1.152285210300e-03  -8.424712375110e-04 
5*0.0  -3.580561024840e-03   2.972654911900e-04 0.0   2.250263555280e-03   1.339867354640e-03 5*0.0   2.266953198250e-03  -1.811738688050e-04 0.0  -1.103114795410e-03  -8.163888388300e-04 
5*0.0  -3.466142082090e-03   2.861274620410e-04 0.0   2.173414971380e-03   1.293129215920e-03 5*0.0   2.183051485480e-03  -1.741595239430e-04 0.0  -1.055982754640e-03  -7.913555047010e-04 
5*0.0  -3.354961468130e-03   2.753820766740e-04 0.0   2.098907477920e-03   1.247956238240e-03 5*0.0   2.102171921270e-03  -1.674254441000e-04 0.0  -1.010819648660e-03  -7.673303298750e-04 
5*0.0  -3.246942710020e-03   2.650166453410e-04 0.0   2.026680604630e-03   1.204301911820e-03 5*0.0   2.024217234690e-03  -1.609605738520e-04 0.0  -9.675579485860e-04  -7.442737313360e-04 
5*0.0  -3.142010668210e-03   2.550188440500e-04 0.0   1.956675133820e-03   1.162120891290e-03 5*0.0   1.949092761090e-03  -1.547542626950e-04 0.0  -9.261320038890e-04  -7.221474235760e-04 
5*0.0  -3.040091521000e-03   2.453767059770e-04 0.0   1.888833080830e-03   1.121368968970e-03 5*0.0   1.876706389830e-03  -1.487962528880e-04 0.0  -8.864779970630e-04  -7.009143704600e-04 
5*0.0  -2.941112758310e-03   2.360786118250e-04 0.0   1.823097675050e-03   1.082003054600e-03 5*0.0   1.806968513100e-03  -1.430766648520e-04 0.0  -8.485339038110e-04  -6.805387680760e-04 
5*0.0  -2.845003170080e-03   2.271132810910e-04 0.0   1.759413347090e-03   1.043981152800e-03 5*0.0   1.739791973880e-03  -1.375859856040e-04 0.0  -8.122394579500e-04  -6.609859963310e-04 
5*0.0  -2.751692838240e-03   2.184697642640e-04 0.0   1.697725705980e-03   1.007262338670e-03 5*0.0   1.675092018750e-03  -1.323150567540e-04 0.0  -7.775361042180e-04  -6.422226005020e-04 
5*0.0  -2.661113125980e-03   2.101374336510e-04 0.0   1.637981528790e-03   9.718067414680e-04 5*0.0   1.612786247680e-03  -1.272550623420e-04 0.0  -7.443669757720e-04  -6.242162605230e-04 
5*0.0  -2.573196665670e-03   2.021059758250e-04 0.0   1.580128734580e-03   9.375755158290e-04 5*0.0   1.552794561100e-03  -1.223975170570e-04 0.0  -7.126768359550e-04  -6.069357475060e-04 
5*0.0  -2.487877349140e-03   1.943653830060e-04 0.0   1.524116375420e-03   9.045308271080e-04 5*0.0   1.495039116680e-03  -1.177342559540e-04 0.0  -6.824120613120e-04  -5.903509105680e-04 
5*0.0  -2.405090315540e-03   1.869059456550e-04 0.0   1.469894614380e-03   8.726358266160e-04 5*0.0   1.439444276220e-03  -1.132574229020e-04 0.0  -6.535205902980e-04  -5.744326333570e-04 
5*0.0  -2.324771938250e-03   1.797182442910e-04 0.0   1.417414709640e-03   8.418546320950e-04 5*0.0   1.385936558290e-03  -1.089594596520e-04 0.0  -6.259518934050e-04  -5.591528095180e-04 
5*0.0  -2.246859818360e-03   1.727931426050e-04 0.0   1.366628997270e-03   8.121523070090e-04 5*0.0   1.334444594910e-03  -1.048330970890e-04 0.0  -5.996569394770e-04  -5.444843232440e-04 
5*0.0  -2.171292765570e-03   1.661217797830e-04 0.0   1.317490874750e-03   7.834948430390e-04 5*0.0   1.284899084030e-03  -1.008713448970e-04 0.0  -5.745881569470e-04  -5.304010187670e-04 
5*0.0  -2.098010789750e-03   1.596955629940e-04 0.0   1.269954784280e-03   7.558491353390e-04 5*0.0   1.237232737630e-03  -9.706748071640e-05 0.0  -5.506994038490e-04  -5.168776588660e-04 
5*0.0  -2.026955089150e-03   1.535061608560e-04 0.0   1.223976194270e-03   7.291829693760e-04 5*0.0   1.191380242360e-03  -9.341504208010e-05 0.0  -5.279459262560e-04  -5.038899182660e-04 
5*0.0  -1.958068032460e-03   1.475454959120e-04 0.0   1.179511583350e-03   7.034649951850e-04 5*0.0   1.147278211360e-03  -8.990781704060e-05 0.0  -5.062843317550e-04  -4.914143437070e-04 
5*0.0  -1.891293151690e-03   1.418057384990e-04 0.0   1.136518424030e-03   6.786647137600e-04 5*0.0   1.104865142060e-03  -8.653983549760e-05 0.0  -4.856725555310e-04  -4.794283400390e-04 
5*0.0  -1.826575125200e-03   1.362792999640e-04 0.0   1.094955166290e-03   6.547524564000e-04 5*0.0   1.064081372110e-03  -8.330536109900e-05 0.0  -4.660698279660e-04  -4.679101406190e-04 
5*0.0  -1.763859766430e-03   1.309588260110e-04 0.0   1.054781221510e-03   6.316993672660e-04 5*0.0   1.024869033460e-03  -8.019888198680e-05 0.0  -4.474366422460e-04  -4.568387787990e-04 
5*0.0  -1.703094006730e-03   1.258371901480e-04 0.0   1.015956942210e-03   6.094773828250e-04 5*0.0   9.871720117490e-04  -7.721510330270e-05 0.0  -4.297347203430e-04  -4.461940715260e-04 
5*0.0  -1.644225886630e-03   1.209074884070e-04 0.0   9.784436126470e-04   5.880592179430e-04 5*0.0   9.509359048870e-04  -7.434894018330e-05 0.0  -4.129269906520e-04  -4.359565882190e-04 
5*0.0  -1.587204538540e-03   1.161630324740e-04 0.0   9.422034259390e-04   5.674183466820e-04 5*0.0   9.161079821230e-04  -7.159550947550e-05 0.0  -3.969775484590e-04  -4.261076440180e-04 
5*0.0  -1.531980172980e-03   1.115973439810e-04 0.0   9.071994725100e-04   5.475289838390e-04 5*0.0   8.826371403110e-04  -6.895012244390e-05 0.0  -3.818516345910e-04  -4.166292564270e-04 
5*0.0  -1.478504065070e-03   1.072041488310e-04 0.0   8.733957214620e-04   5.283660700360e-04 5*0.0   8.504738653680e-04  -6.640827793360e-05 0.0  -3.675155977560e-04  -4.075041348050e-04 
5*0.0  -1.426728541860e-03   1.029773718780e-04 0.0   8.407570068000e-04   5.099052554380e-04 5*0.0   8.195701974570e-04  -6.396565655460e-05 0.0  -3.539368761050e-04  -3.987156710490e-04 
5*0.0  -1.376606965000e-03   9.891113081840e-05 0.0   8.092490109740e-04   4.921228815300e-04 5*0.0   7.898796835490e-04  -6.161811230150e-05 0.0  -3.410839617060e-04  -3.902478911250e-04 
5*0.0  -1.328093718560e-03   9.499973096700e-05 0.0   7.788382476200e-04   4.749959667200e-04 5*0.0   7.613573459690e-04  -5.936166715080e-05 0.0  -3.289263758050e-04  -3.820854638290e-04 
5*0.0  -1.281144193820e-03   9.123766056430e-05 0.0   7.494920496770e-04   4.585021899250e-04 5*0.0   7.339596434320e-04  -5.719250547480e-05 0.0  -3.174346425950e-04  -3.742136637870e-04 
5*0.0  -1.235714775120e-03   8.761958482830e-05 0.0   7.211785518300e-04   4.426198746610e-04 5*0.0   7.076444303810e-04  -5.510696640500e-05 0.0  -3.065802617010e-04  -3.666183513420e-04 
5*0.0  -1.191762824790e-03   8.414034145880e-05 0.0   6.938666752690e-04   4.273279760830e-04 5*0.0   6.823709275130e-04  -5.310153992770e-05 0.0  -2.963356826500e-04  -3.592859698370e-04 
5*0.0  -1.149246669790e-03   8.079493571510e-05 0.0   6.675261138240e-04   4.126060624840e-04 5*0.0   6.580996804150e-04  -5.117286002080e-05 0.0  -2.866742790960e-04  -3.522035103710e-04 
5*0.0  -1.108125585320e-03   7.757853546550e-05 0.0   6.421273196280e-04   3.984343043330e-04 5*0.0   6.347925281480e-04  -4.931769996710e-05 0.0  -2.775703275810e-04  -3.453585036380e-04 
5*0.0  -1.068359782710e-03   7.448646674550e-05 0.0   6.176414863620e-04   3.847934569830e-04 5*0.0   6.124125665470e-04  -4.753296651250e-05 0.0  -2.689989767690e-04  -3.387389982570e-04 
5*0.0  -1.029910392320e-03   7.151420895650e-05 0.0   5.940405371220e-04   3.716648482110e-04 5*0.0   5.909241167980e-04  -4.581569546180e-05 0.0  -2.609362292380e-04  -3.323335479840e-04 
5*0.0  -9.927394509270e-04   6.865739062720e-05 0.0   5.712971079300e-04   3.590303637340e-04 5*0.0   5.702926912460e-04  -4.416304626680e-05 0.0  -2.533589148120e-04  -3.261311935190e-04 
5*0.0  -9.568098863010e-04   6.591178505060e-05 0.0   5.493845366060e-04   3.468724336520e-04 5*0.0   5.504849597560e-04  -4.257229734560e-05 0.0  -2.462446702690e-04  -3.201214393620e-04 
5*0.0  -9.220855019510e-04   6.327330588230e-05 0.0   5.282768454820e-04   3.351740189130e-04 5*0.0   5.314687207270e-04  -4.104084185890e-05 0.0  -2.395719143690e-04  -3.142942521270e-04 
5*0.0  -8.885309654760e-04   6.073800361010e-05 0.0   5.079487302940e-04   3.239185995300e-04 5*0.0   5.132128695630e-04  -3.956618351870e-05 0.0  -2.333198301490e-04  -3.086400362480e-04 
5*0.0  -8.561117891630e-04   5.830206051210e-05 0.0   4.883755434790e-04   3.130901587860e-04 5*0.0   4.956873643780e-04  -3.814593106600e-05 0.0  -2.274683353460e-04  -3.031496161260e-04 
5*0.0  -8.247943226210e-04   5.596178786510e-05 0.0   4.695332858420e-04   3.026731738060e-04 5*0.0   4.788632023020e-04  -3.677779578580e-05 0.0  -2.219980723570e-04  -2.978142338900e-04 
5*0.0  -7.945457317520e-04   5.371362138800e-05 0.0   4.513985875730e-04   2.926526015070e-04 5*0.0   4.627123847450e-04  -3.545958629450e-05 0.0  -2.168903792270e-04  -2.926255221340e-04 
5*0.0  -7.653339877200e-04   5.155411779480e-05 0.0   4.339486985010e-04   2.830138662590e-04 5*0.0   4.472078923610e-04  -3.418920554600e-05 0.0  -2.121272732740e-04  -2.875754985950e-04 
5*0.0  -7.371278522370e-04   4.947995111640e-05 0.0   4.171614736360e-04   2.737428488050e-04 5*0.0   4.323236548730e-04  -3.296464656090e-05 0.0  -2.076914291400e-04  -2.826565486540e-04 
5*0.0  -7.098968639690e-04   4.748790913630e-05 0.0   4.010153624840e-04   2.648258750700e-04 5*0.0   4.180345252730e-04  -3.178398899560e-05 0.0  -2.035661654720e-04  -2.778614173990e-04 
5*0.0  -6.836113235880e-04   4.557489002880e-05 0.0   3.854893936830e-04   2.562497023430e-04 5*0.0   4.043162512940e-04  -3.064539574850e-05 0.0  -1.997354182590e-04  -2.731831902090e-04 
5*0.0  -6.582422803310e-04   4.373789893080e-05 0.0   3.705631651800e-04   2.480015106190e-04 5*0.0   3.911454495680e-04  -2.954710947550e-05 0.0  -1.961837275190e-04  -2.686152823890e-04 
5*0.0  -6.337615188630e-04   4.197404491300e-05 0.0   3.562168302600e-04   2.400688906330e-04 5*0.0   3.784995825300e-04  -2.848745016310e-05 0.0  -1.928962186190e-04  -2.641514332470e-04 
5*0.0  -6.101415432970e-04   4.028053732040e-05 0.0   3.424310852780e-04   2.324398326320e-04 5*0.0   3.663569295040e-04  -2.746481069040e-05 0.0  -1.898585834270e-04  -2.597856879850e-04 
5*0.0  -5.873555659780e-04   3.865468314470e-05 0.0   3.291871597690e-04   2.251027165440e-04 5*0.0   3.546965639430e-04  -2.647765489960e-05 0.0  -1.870570647840e-04  -2.555123858720e-04 
5*0.0  -5.653774931300e-04   3.709388376420e-05 0.0   3.164668029790e-04   2.180463018010e-04 5*0.0   3.434983307110e-04  -2.552451431020e-05 0.0  -1.844784404110e-04  -2.513261586360e-04 
5*0.0  -5.441819108580e-04   3.559563208690e-05 0.0   3.042522728540e-04   2.112597164950e-04 5*0.0   3.327428203190e-04  -2.460398527050e-05 0.0  -1.821100042340e-04  -2.472219083380e-04 
5*0.0  -5.237440859460e-04   3.415750995080e-05 0.0   2.925263272630e-04   2.047324350590e-04 5*0.0   3.224113470080e-04  -2.371472662030e-05 0.0  -1.799395526640e-04  -2.431947994890e-04 
5*0.0  -5.040398963390e-04   3.277718406340e-05 0.0   2.812722023960e-04   1.984543204890e-04 5*0.0   3.124859258040e-04  -2.285545627900e-05 0.0  -1.779553669190e-04  -2.392402544820e-04 
5*0.0  -4.850459061300e-04   3.145240559110e-05 0.0   2.704736187830e-04   1.924155358770e-04 5*0.0   3.029492543150e-04  -2.202495050760e-05 0.0  -1.761462035320e-04  -2.353539419830e-04 
5*0.0  -4.667392896040e-04   3.018100539580e-05 0.0   2.601147560280e-04   1.866065871580e-04 5*0.0   2.937846843340e-04  -2.122203909980e-05 0.0  -1.745012684530e-04  -2.315317596830e-04 
5*0.0  -4.490978384450e-04   2.896089276360e-05 0.0   2.501802498970e-04   1.810183041940e-04 5*0.0   2.849762096830e-04  -2.044560543280e-05 0.0  -1.730102166280e-04  -2.277698413940e-04 
5*0.0  -4.320999455620e-04   2.779005228400e-05 0.0   2.406551784880e-04   1.756418287880e-04 5*0.0   2.765084398030e-04  -1.969458267060e-05 0.0  -1.716631292510e-04  -2.240645344590e-04 
5*0.0  -4.157245936820e-04   2.666654161410e-05 0.0   2.315250526580e-04   1.704686055280e-04 5*0.0   2.683665801690e-04  -1.896795203210e-05 0.0  -1.704504989590e-04  -2.204123878530e-04 
5*0.0  -3.999513426610e-04   2.558848900970e-05 0.0   2.227758059050e-04   1.654903752600e-04 5*0.0   2.605364160320e-04  -1.826474080560e-05 0.0  -1.693632217330e-04  -2.168101579220e-04 
5*0.0  -3.847603139800e-04   2.455409136190e-05 0.0   2.143937847640e-04   1.606991719030e-04 5*0.0   2.530042942410e-04  -1.758402104160e-05 0.0  -1.683925843320e-04  -2.132547960660e-04 
5*0.0  -3.701321966050e-04   2.356161181750e-05 0.0   2.063657403570e-04   1.560872919670e-04 5*0.0   2.457570999280e-04  -1.692490628240e-05 0.0  -1.675302443600e-04  -2.097434303960e-04 
5*0.0  -3.560482046120e-04   2.260937723890e-05 0.0   1.986788148200e-04   1.516473191470e-04 5*0.0   2.387822428660e-04  -1.628655057380e-05 0.0  -1.667682253840e-04  -2.062733693140e-04 
5*0.0  -3.424900876320e-04   2.169577661540e-05 0.0   1.913205354830e-04   1.473720954420e-04 5*0.0   2.320676400420e-04  -1.566814690700e-05 0.0  -1.660989022140e-04  -2.028420927560e-04 
5*0.0  -3.294401126800e-04   2.081925886260e-05 0.0   1.842788043090e-04   1.432547180410e-04 5*0.0   2.256016965520e-04  -1.506892501910e-05 0.0  -1.655149891580e-04  -1.994472386640e-04 
5*0.0  -3.168810528480e-04   1.997833061890e-05 0.0   1.775418884120e-04   1.392885321650e-04 5*0.0   2.193732897710e-04  -1.448814968440e-05 0.0  -1.650095269170e-04  -1.960866002230e-04 
5*0.0  -3.047961768880e-04   1.917155473440e-05 0.0   1.710984122760e-04   1.354671257250e-04 5*0.0   2.133717564130e-04  -1.392511994830e-05 0.0  -1.645758774750e-04  -1.927581255340e-04 
5*0.0  -2.931692366740e-04   1.839754802460e-05 0.0   1.649373477280e-04   1.317843187980e-04 5*0.0   2.075868717930e-04  -1.337916669370e-05 0.0  -1.642077056620e-04  -1.894598963580e-04 
5*0.0  -2.819844570100e-04   1.765497959260e-05 0.0   1.590480058330e-04   1.282341594880e-04 5*0.0   2.020088385570e-04  -1.284965169510e-05 0.0  -1.638989738240e-04  -1.861901351340e-04 
5*0.0  -2.712265245060e-04   1.694256911590e-05 0.0   1.534200285530e-04   1.248109160590e-04 5*0.0   1.966282700700e-04  -1.233596612690e-05 0.0  -1.636439297620e-04  -1.829471913340e-04 
5*0.0  -2.608805770490e-04   1.625908505230e-05 0.0   1.480433802770e-04   1.215090706310e-04 5*0.0   1.914361771530e-04  -1.183752924920e-05 0.0  -1.634370973760e-04  -1.797295399940e-04 
5*0.0  -2.509321932210e-04   1.560334305500e-05 0.0   1.429083397430e-04   1.183233126270e-04 5*0.0   1.864239536720e-04  -1.135378723860e-05 0.0  -1.632732673260e-04  -1.765357734290e-04 
5*0.0  -2.413673817650e-04   1.497420428150e-05 0.0   1.380054920360e-04   1.152485326120e-04 5*0.0   1.815833626020e-04  -1.088421160280e-05 0.0  -1.631474869940e-04  -1.733645971410e-04 
5*0.0  -2.321725712960e-04   1.437057380260e-05 0.0   1.333257204420e-04   1.122798157350e-04 5*0.0   1.769065229740e-04  -1.042829830290e-05 0.0  -1.630550509150e-04  -1.702148220640e-04 
5*0.0  -2.233346006470e-04   1.379139926870e-05 0.0   1.288601992070e-04   1.094124362290e-04 5*0.0   1.723858979260e-04  -9.985566784890e-06 0.0  -1.629914930270e-04  -1.670853624020e-04 
5*0.0  -2.148407084940e-04   1.323566920120e-05 0.0   1.246003859630e-04   1.066418516140e-04 5*0.0   1.680142808700e-04  -9.555558368410e-06 0.0  -1.629525778520e-04  -1.639752286040e-04 
5*0.0  -2.066785238780e-04   1.270241169950e-05 0.0   1.205380140510e-04   1.039636963910e-04 5*0.0   1.637847845860e-04  -9.137835678590e-06 0.0  -1.629342917500e-04  -1.608835235350e-04 
5*0.0  -1.988360569050e-04   1.219069305000e-05 0.0   1.166650856440e-04   1.013737778250e-04 5*0.0   1.596908294420e-04  -8.731981458480e-06 0.0  -1.629328357080e-04  -1.578094401000e-04 
5*0.0  -1.913016885380e-04   1.169961635270e-05 0.0   1.129738640520e-04   9.886806842830e-05 5*0.0   1.557261308910e-04  -8.337597681520e-06 0.0  -1.629446152890e-04  -1.547522503380e-04 
5*0.0  -1.840641619820e-04   1.122832020930e-05 0.0   1.094568678220e-04   9.644270284530e-05 5*0.0   1.518846897410e-04  -7.954304605980e-06 0.0  -1.629662362630e-04  -1.517113076820e-04 
5*0.0  -1.771125736390e-04   1.077597751440e-05 0.0   1.061068656890e-04   9.409397257030e-05 5*0.0   1.481607805670e-04  -7.581739787970e-06 0.0  -1.629944937520e-04  -1.486860396730e-04 
5*0.0  -1.704363637520e-04   1.034179416290e-05 0.0   1.029168594940e-04   9.181831658940e-05 5*0.0   1.445489420240e-04  -7.219557492520e-06 0.0  -1.630263689310e-04  -1.456759452200e-04 
5*0.0  -1.640253077270e-04   9.925007875800e-06 0.0   9.988009330150e-05   8.961232320340e-05 5*0.0   1.410439658240e-04  -6.867427624860e-06 0.0  -1.630590160970e-04  -1.426805886590e-04 
5*0.0  -1.578695079630e-04   9.524887241250e-06 0.0   9.699003786250e-05   8.747272154130e-05 5*0.0   1.376408879530e-04  -6.525035202720e-06 0.0  -1.630897632320e-04  -1.396995981830e-04 
5*0.0  -1.519593846800e-04   9.140730043790e-06 0.0   9.424038545090e-05   8.539637742320e-05 5*0.0   1.343349788780e-04  -6.192079472070e-06 0.0  -1.631161002420e-04  -1.367326625790e-04 
5*0.0  -1.462856678520e-04   8.771863069080e-06 0.0   9.162504226130e-05   8.338028872920e-05 5*0.0   1.311217337610e-04  -5.868273196120e-06 0.0  -1.631356729610e-04  -1.337795243820e-04 
5*0.0  -1.408393898170e-04   8.417640211930e-06 0.0   8.913812811120e-05   8.142157981810e-05 5*0.0   1.279968645960e-04  -5.553342071970e-06 0.0  -1.631462807260e-04  -1.308399811140e-04 
5*0.0  -1.356118764260e-04   8.077442120540e-06 0.0   8.677396605390e-05   7.951750165480e-05 5*0.0   1.249562907350e-04  -5.247024027790e-06 0.0  -1.631458653010e-04  -1.279138785110e-04 
5*0.0  -1.305947390950e-04   7.750674648660e-06 0.0   8.452707369100e-05   7.766542193130e-05 5*0.0   1.219961318080e-04  -4.949068842820e-06 0.0  -1.631325087890e-04  -1.250011108920e-04 
5*0.0  -1.257798674290e-04   7.436768257060e-06 0.0   8.239216582790e-05   7.586282429970e-05 5*0.0   1.191126968550e-04  -4.659236811610e-06 0.0  -1.631044260520e-04  -1.221016120810e-04 
5*0.0  -1.211594223630e-04   7.135177117880e-06 0.0   8.036414285560e-05   7.410730476310e-05 5*0.0   1.163024802990e-04  -4.377299272220e-06 0.0  -1.630599601280e-04  -1.192153603490e-04 
5*0.0  -1.167258279080e-04   6.845378225070e-06 0.0   7.843808746180e-05   7.239656540340e-05 5*0.0   1.135621523820e-04  -4.103037432930e-06 0.0  -1.629975781970e-04  -1.163423722740e-04 
5*0.0  -1.124717633810e-04   6.566870172440e-06 0.0   7.660925831480e-05   7.072841342460e-05 5*0.0   1.108885509390e-04  -3.836241666230e-06 0.0  -1.629158623690e-04  -1.134826974700e-04 
5*0.0  -1.083901584040e-04   6.299172808620e-06 0.0   7.487308675430e-05   6.910075596420e-05 5*0.0   1.082786760690e-04  -3.576711537820e-06 0.0  -1.628135089130e-04  -1.106364190910e-04 
5*0.0  -1.044741832070e-04   6.041826157880e-06 0.0   7.322516943090e-05   6.751159454250e-05 5*0.0   1.057296826270e-04  -3.324255040960e-06 0.0  -1.626893219840e-04  -1.078036519040e-04 
5*0.0  -1.007172444110e-04   5.794389794380e-06 0.0   7.166126644150e-05   6.595902765350e-05 5*0.0   1.032388737290e-04  -3.078688289630e-06 0.0  -1.625422086450e-04  -1.049845382530e-04 
5*0.0  -9.711297685980e-05   5.556441997670e-06 0.0   7.017729465750e-05   6.444124124020e-05 5*0.0   1.008036945130e-04  -2.839835109370e-06 0.0  -1.623711745480e-04  -1.021792470530e-04 
5*0.0  -9.365523702740e-05   5.327578954330e-06 0.0   6.876931996590e-05   6.295650810570e-05 5*0.0   9.842172460320e-05  -2.607526197530e-06 0.0  -1.621753193630e-04  -9.938796904020e-05 
5*0.0  -9.033809816740e-05   5.107414419860e-06 0.0   6.743356204890e-05   6.150318383990e-05 5*0.0   9.609067495030e-05  -2.381599563330e-06 0.0  -1.619538341010e-04  -9.661092002140e-05 
5*0.0  -8.715584156630e-05   4.895578318400e-06 0.0   6.616637861580e-05   6.007970699590e-05 5*0.0   9.380837941120e-05  -2.161899459570e-06 0.0  -1.617059945490e-04  -9.384833316190e-05 
5*0.0  -8.410295369020e-05   4.691717051510e-06 0.0   6.496427069440e-05   5.868459168460e-05 5*0.0   9.157279070680e-05  -1.948276312630e-06 0.0  -1.614311595060e-04  -9.110046176980e-05 
5*0.0  -8.117411647710e-05   4.495491991210e-06 0.0   6.382387001180e-05   5.731642582540e-05 5*0.0   8.938197459130e-05  -1.740586431720e-06 0.0  -1.611287656610e-04  -8.836757406340e-05 
5*0.0  -7.836420489280e-05   4.306579548870e-06 0.0   6.274194087580e-05   5.597387010120e-05 5*0.0   8.723410444950e-05  -1.538691483430e-06 0.0  -1.607983245530e-04  -8.564995315110e-05 
5*0.0  -7.566827955950e-05   4.124670095160e-06 0.0   6.171537630500e-05   5.465565409340e-05 5*0.0   8.512745712180e-05  -1.342458549000e-06 0.0  -1.604394192250e-04  -8.294789551690e-05 
5*0.0  -7.308158102870e-05   3.949467664300e-06 0.0   6.074118946830e-05   5.336057385080e-05 5*0.0   8.306040777710e-05  -1.151759589580e-06 0.0  -1.600517000950e-04  -8.026171017870e-05 
5*0.0  -7.059952523130e-05   3.780689260640e-06 0.0   5.981651341160e-05   5.208748915410e-05 5*0.0   8.103142415650e-05  -9.664710156310e-07 0.0  -1.596348819720e-04  -7.759171349320e-05 
5*0.0  -6.821769747750e-05   3.618064578600e-06 0.0   5.893859693300e-05   5.083532111200e-05 5*0.0   7.903906450550e-05  -7.864739068760e-07 0.0  -1.591887414510e-04  -7.493823450360e-05 
5*0.0  -6.593184745870e-05   3.461335049040e-06 0.0   5.810479996530e-05   4.960304872900e-05 5*0.0   7.708197051620e-05  -6.116532506470e-07 0.0  -1.587131127050e-04  -7.230160531090e-05 
5*0.0  -6.373788429420e-05   3.310253816690e-06 0.0   5.731258858120e-05   4.838970758950e-05 5*0.0   7.515886563390e-05  -4.418981575070e-07 0.0  -1.582078853620e-04  -6.968216722000e-05 
5*0.0  -6.163187196990e-05   3.164585083520e-06 0.0   5.655953913060e-05   4.719439054150e-05 5*0.0   7.326854982930e-05  -2.771014837690e-07 0.0  -1.576730024840e-04  -6.708026662790e-05 
5*0.0  -5.961002327330e-05   3.024103375380e-06 0.0   5.584332315410e-05   4.601623927450e-05 5*0.0   7.140989571150e-05  -1.171593022670e-07 0.0  -1.571084540610e-04  -6.449624996850e-05 
5*0.0  -5.766869639900e-05   2.888593711620e-06 0.0   5.516171168220e-05   4.485444473110e-05 5*0.0   6.958184593280e-05   3.802857732620e-08 0.0  -1.565142801000e-04  -6.193047095630e-05 
5*0.0  -5.580439036630e-05   2.757850636180e-06 0.0   5.451257449410e-05   4.370825009310e-05 5*0.0   6.778340772880e-05   1.885596799700e-07 0.0  -1.558905632200e-04  -5.938328233900e-05 
5*0.0  -5.401373868680e-05   2.631677905690e-06 0.0   5.389386803530e-05   4.257693950690e-05 5*0.0   6.601365146910e-05   3.345282630380e-07 0.0  -1.552374283780e-04  -5.685503799730e-05 
5*0.0  -5.229350778810e-05   2.509888488390e-06 0.0   5.330364008840e-05   4.145984392860e-05 5*0.0   6.427170693080e-05   4.760257592050e-07 0.0  -1.545550407280e-04  -5.434609290500e-05 
5*0.0  -5.064059059450e-05   2.392303636190e-06 0.0   5.274002398570e-05   4.035633501200e-05 5*0.0   6.255675912330e-05   6.131411905920e-07 0.0  -1.538436015640e-04  -5.185679951200e-05 
5*0.0  -4.905200325260e-05   2.278752861410e-06 0.0   5.220123514230e-05   3.926582607730e-05 5*0.0   6.086804657180e-05   7.459609786350e-07 0.0  -1.531033485700e-04  -4.938750996540e-05 
5*0.0  -4.752488086060e-05   2.169073448790e-06 0.0   5.168556943300e-05   3.818776701250e-05 5*0.0   5.920485743270e-05   8.745692147980e-07 0.0  -1.523345509870e-04  -4.693857148030e-05 
5*0.0  -4.605647422920e-05   2.063110341210e-06 0.0   5.119140012630e-05   3.712164607100e-05 5*0.0   5.756652786210e-05   9.990477234370e-07 0.0  -1.515375105140e-04  -4.451033072040e-05 
5*0.0  -4.464414503600e-05   1.960715440570e-06 0.0   5.071717672150e-05   3.606698611060e-05 5*0.0   5.595243809630e-05   1.119476327130e-06 0.0  -1.507125566580e-04  -4.210312826660e-05 
5*0.0  -4.328536193940e-05   1.861747494250e-06 0.0   5.026141649460e-05   3.502334194970e-05 5*0.0   5.436201088350e-05   1.235932786590e-06 0.0  -1.498600464260e-04  -3.971730104840e-05 
5*0.0  -4.197769903020e-05   1.766071986880e-06 0.0   4.982271196590e-05   3.399030391780e-05 5*0.0   5.279470870030e-05   1.348493056650e-06 0.0  -1.489803622480e-04  -3.735318152420e-05 
5*0.0  -4.071882958700e-05   1.673560489010e-06 0.0   4.939971913990e-05   3.296748921780e-05 5*0.0   5.125003129060e-05   1.457231284830e-06 0.0  -1.480739103030e-04  -3.501109500100e-05 
5*0.0  -3.950652429650e-05   1.584090554980e-06 0.0   4.899116022870e-05   3.195454620720e-05 5*0.0   4.972751363640e-05   1.562219958680e-06 0.0  -1.471411181810e-04  -3.269136104950e-05 
5*0.0  -3.833864765410e-05   1.497545533930e-06 0.0   4.859582000260e-05   3.095115042890e-05 5*0.0   4.822672388040e-05   1.663530013030e-06 0.0  -1.461824341470e-04  -3.039429353440e-05 
5*0.0  -3.721315424180e-05   1.413814195500e-06 0.0   4.821254287630e-05   2.995700254880e-05 5*0.0   4.674726083330e-05   1.761230887220e-06 0.0  -1.451983249740e-04  -2.812019715590e-05 
5*0.0  -3.612808633170e-05   1.332790511050e-06 0.0   4.784023322110e-05   2.897183117910e-05 5*0.0   4.528875298910e-05   1.855390500580e-06 0.0  -1.441892752470e-04  -2.586937152780e-05 
5*0.0  -3.508156964970e-05   1.254373339900e-06 0.0   4.747784871960e-05   2.799538516630e-05 5*0.0   4.385085506790e-05   1.946075698490e-06 0.0  -1.431557846140e-04  -2.364210546280e-05 
5*0.0  -3.407181166790e-05   1.178466438880e-06 0.0   4.712440349470e-05   2.702743818070e-05 5*0.0   4.243324828240e-05   2.033351749520e-06 0.0  -1.420983681270e-04  -2.143868230120e-05 
5*0.0  -3.309709779190e-05   1.104977871280e-06 0.0   4.677896226730e-05   2.606778475280e-05 5*0.0   4.103563698530e-05   2.117282897950e-06 0.0  -1.410175534710e-04  -1.925937531870e-05 
5*0.0  -3.215578932790e-05   1.033820277750e-06 0.0   4.644064092000e-05   2.511623964880e-05 5*0.0   3.965774765140e-05   2.197932237700e-06 0.0  -1.399138807730e-04  -1.710444917650e-05 
5*0.0  -3.124631978940e-05   9.649102033910e-07 0.0   4.610860307590e-05   2.417263684230e-05 5*0.0   3.829932752900e-05   2.275361710800e-06 0.0  -1.387879007720e-04  -1.497415930590e-05 
5*0.0  -3.036719315100e-05   8.981682103320e-07 0.0   4.578205877910e-05   2.323682871640e-05 5*0.0   3.696014310420e-05   2.349632221660e-06 0.0  -1.376401743240e-04  -1.286875257330e-05 
5*0.0  -2.951698040820e-05   8.335185042200e-07 0.0   4.546026245170e-05   2.230868398010e-05 5*0.0   3.563997799870e-05   2.420803851700e-06 0.0  -1.364712701030e-04  -1.078846504030e-05 
5*0.0  -2.869431785050e-05   7.708889359230e-07 0.0   4.514251192550e-05   2.138808818870e-05 5*0.0   3.433863282490e-05   2.488935516440e-06 0.0  -1.352817649000e-04  -8.733523692270e-06 
5*0.0  -2.789790432330e-05   7.102107290230e-07 0.0   4.482814624360e-05   2.047494227120e-05 5*0.0   3.305592301500e-05   2.554085409320e-06 0.0  -1.340722421100e-04  -6.704145930320e-06 
5*0.0  -2.712649874540e-05   6.514182658520e-07 0.0   4.451654456170e-05   1.956916200660e-05 5*0.0   3.179167800370e-05   2.616310805500e-06 0.0  -1.328432910770e-04  -4.700538305130e-06 
5*0.0  -2.637891774200e-05   5.944490819870e-07 0.0   4.420712284640e-05   1.867067445280e-05 5*0.0   3.054574020150e-05   2.675668004620e-06 0.0  -1.315955052350e-04  -2.722899146520e-06 
5*0.0  -2.565403391980e-05   5.392435142470e-07 0.0   4.389933479090e-05   1.777942184580e-05 5*0.0   2.931796318990e-05   2.732213072680e-06 0.0  -1.303294821170e-04  -7.714124924850e-07 
5*0.0  -2.495077296740e-05   4.857447337830e-07 0.0   4.359266875220e-05   1.689535719710e-05 5*0.0   2.810821109990e-05   2.786000761600e-06 0.0  -1.290458221980e-04   1.153742790600e-06 
5*0.0  -2.426811259650e-05   4.338986734520e-07 0.0   4.328664725980e-05   1.601844438630e-05 5*0.0   2.691635923280e-05   2.837084935150e-06 0.0  -1.277451288550e-04   3.052403108040e-06 
5*0.0  -2.360507979100e-05   3.836535441570e-07 0.0   4.298082536770e-05   1.514865870890e-05 5*0.0   2.574229113390e-05   2.885519411720e-06 0.0  -1.264280082010e-04   4.924410125890e-06 
5*0.0  -2.296074840810e-05   3.349600539360e-07 0.0   4.267478785840e-05   1.428598390150e-05 5*0.0   2.458589706590e-05   2.931357019050e-06 0.0  -1.250950656110e-04   6.769619090730e-06 
5*0.0  -2.233423788540e-05   2.877710999830e-07 0.0   4.236815020400e-05   1.343041296370e-05 5*0.0   2.344707340420e-05   2.974650084290e-06 0.0  -1.237469035560e-04   8.587899684490e-06 
5*0.0  -2.172471239610e-05   2.420418603170e-07 0.0   4.206055613190e-05   1.258194728080e-05 5*0.0   2.232572727830e-05   3.015449869460e-06 0.0  -1.223841305750e-04   1.037912376960e-05 
5*0.0  -2.113137741920e-05   1.977294819700e-07 0.0   4.175167732830e-05   1.174059753440e-05 5*0.0   2.122176792660e-05   3.053807403790e-06 0.0  -1.210073510990e-04   1.214317779490e-05 
5*0.0  -2.055347826280e-05   1.547929698940e-07 0.0   4.144121030460e-05   1.090637864980e-05 5*0.0   2.013511034440e-05   3.089773000580e-06 0.0  -1.196171663840e-04   1.387995960560e-05 
5*0.0  -1.999029909820e-05   1.131931495490e-07 0.0   4.112887743110e-05   1.007931435260e-05 5*0.0   1.906567275850e-05   3.123396753890e-06 0.0  -1.182141775470e-04   1.558937701950e-05 
5*0.0  -1.944116146780e-05   7.289282245580e-08 0.0   4.081442436790e-05   9.259433096860e-06 5*0.0   1.801337970550e-05   3.154727285710e-06 0.0  -1.167989832400e-04   1.727134556460e-05 
5*0.0  -1.890542164610e-05   3.385607570740e-08 0.0   4.049762007260e-05   8.446770000980e-06 5*0.0   1.697815577730e-05   3.183813922300e-06 0.0  -1.153721782100e-04   1.892579408780e-05 
5*0.0  -1.838247015960e-05  -3.951126290990e-09 0.0   4.017825475590e-05   7.641363373460e-06 5*0.0   1.595993043630e-05   3.210704215780e-06 0.0  -1.139343538150e-04   2.055266103030e-05 
5*0.0  -1.787173029630e-05  -4.056149584600e-08 0.0   3.985614030330e-05   6.843258842900e-06 5*0.0   1.495863479550e-05   3.235445864940e-06 0.0  -1.124860988050e-04   2.215189197640e-05 
5*0.0  -1.737265505890e-05  -7.600649454550e-08 0.0   3.953110700000e-05   6.052502561370e-06 5*0.0   1.397419846200e-05   3.258086461390e-06 0.0  -1.110279929260e-04   2.372344872170e-05 
5*0.0  -1.688472895320e-05  -1.103158686140e-07 0.0   3.920300516100e-05   5.269146943570e-06 5*0.0   1.300655847130e-05   3.278671540320e-06 0.0  -1.095606173880e-04   2.526729626170e-05 
5*0.0  -1.640746365510e-05  -1.435184875630e-07 0.0   3.887170333130e-05   4.493246938580e-06 5*0.0   1.205564709190e-05   3.297247928820e-06 0.0  -1.080845458620e-04   2.678341235710e-05 
5*0.0  -1.594039785770e-05  -1.756419235430e-07 0.0   3.853708527160e-05   3.724859232400e-06 5*0.0   1.112139847250e-05   3.313860932540e-06 0.0  -1.066003432540e-04   2.827178662030e-05 
