0.1 100
0.0 0.0 0.205174 -0.503566 0.656893 -0.416591 0.112599 0.0 0.0 3.5 4.0 9*0.0
20*0.0
20*0.0
20*0.0
5*0.0    1.29165    2.00514 0.0   -0.92074    1.42469 5*0.0   -0.74274   -0.87578 0.0   -0.02962 -0.80946 
5*0.0    0.91135    1.82385 0.0   -0.72165    1.24115 5*0.0   -0.64719   -0.83977 0.0   -0.06135 -0.78547 
5*0.0    0.57377    1.64295 0.0   -0.48859    1.15993 5*0.0   -0.54463   -0.79919 0.0   -0.09926 -0.76316 
5*0.0    0.28834    1.46918 0.0   -0.25939    1.13249 5*0.0   -0.43968   -0.75533 0.0   -0.14030 -0.74186 
5*0.0    0.05606    1.30652 0.0   -0.05460    1.12667 5*0.0   -0.33611   -0.70937 0.0   -0.18171 -0.72062 
5*0.0   -0.12678    1.15699 0.0    0.11682    1.12358 5*0.0   -0.23688   -0.66233 0.0   -0.22120 -0.69857 
5*0.0   -0.26607    1.02131 0.0    0.25293    1.11352 5*0.0   -0.14414   -0.61509 0.0   -0.25707 -0.67508 
5*0.0   -0.36841    0.89937 0.0    0.35574    1.09263 5*0.0   -0.05940   -0.56836 0.0   -0.28818 -0.64977 
5*0.0   -0.44027    0.79054 0.0    0.42915    1.06042 5*0.0    0.01640   -0.52272 0.0   -0.31383 -0.62254 
5*0.0   -0.48751    0.69390 0.0    0.47775    1.01818 5*0.0    0.08282   -0.47864 0.0   -0.33373 -0.59348 
5*0.0   -0.51525    0.60842 0.0    0.50608    0.96796 5*0.0    0.13973   -0.43645 0.0   -0.34790 -0.56286 
5*0.0   -0.52778    0.53302 0.0    0.51833    0.91201 5*0.0    0.18734   -0.39640 0.0   -0.35656 -0.53100 
5*0.0   -0.52867    0.46664 0.0    0.51813    0.85246 5*0.0    0.22603   -0.35866 0.0   -0.36013 -0.49831 
5*0.0   -0.52080    0.40828 0.0    0.50853    0.79117 5*0.0    0.25638   -0.32333 0.0   -0.35909 -0.46522 
5*0.0   -0.50648    0.35704 0.0    0.49204    0.72965 5*0.0    0.27903   -0.29046 0.0   -0.35400 -0.43211 
5*0.0   -0.48753    0.31207 0.0    0.47070    0.66913 5*0.0    0.29471   -0.26005 0.0   -0.34545 -0.39937 
5*0.0   -0.46539    0.27264 0.0    0.44611    0.61051 5*0.0    0.30418   -0.23205 0.0   -0.33402 -0.36733 
5*0.0   -0.44119    0.23806 0.0    0.41952    0.55446 5*0.0    0.30821   -0.20640 0.0   -0.32028 -0.33628 
5*0.0   -0.41580    0.20776 0.0    0.39192    0.50144 5*0.0    0.30755   -0.18301 0.0   -0.30474 -0.30647 
5*0.0   -0.38988    0.18121 0.0    0.36404    0.45172 5*0.0    0.30293   -0.16176 0.0   -0.28790 -0.27806 
5*0.0   -0.36394    0.15796 0.0    0.33645    0.40546 5*0.0    0.29502   -0.14256 0.0   -0.27018 -0.25121 
5*0.0   -0.33838    0.13760 0.0    0.30956    0.36270 5*0.0    0.28447   -0.12526 0.0   -0.25199 -0.22601 
5*0.0   -0.31348    0.11977 0.0    0.28366    0.32341 5*0.0    0.27186   -0.10974 0.0   -0.23364 -0.20252 
5*0.0   -0.28944    0.10417 0.0    0.25897    0.28749 5*0.0    0.25771   -0.09586 0.0   -0.21544 -0.18076 
5*0.0   -0.26643    0.09053 0.0    0.23563    0.25482 5*0.0    0.24250   -0.08350 0.0   -0.19761 -0.16071 
5*0.0   -0.24453    0.07860 0.0    0.21370    0.22522 5*0.0    0.22662   -0.07253 0.0   -0.18035 -0.14236 
5*0.0   -0.22381    0.06818 0.0    0.19322    0.19852 5*0.0    0.21044   -0.06283 0.0   -0.16380 -0.12564 
5*0.0   -0.20431    0.05908 0.0    0.17421    0.17453 5*0.0    0.19425   -0.05428 0.0   -0.14809 -0.11048 
5*0.0   -0.18603    0.05113 0.0    0.15664    0.15304 5*0.0    0.17830   -0.04676 0.0   -0.13330 -0.09682 
5*0.0   -0.16897    0.04421 0.0    0.14047    0.13386 5*0.0    0.16278   -0.04018 0.0   -0.11947 -0.08455 
5*0.0   -0.15310    0.03818 0.0    0.12564    0.11679 5*0.0    0.14787   -0.03443 0.0   -0.10663 -0.07359 
5*0.0   -0.13839    0.03292 0.0    0.11210    0.10166 5*0.0    0.13366   -0.02942 0.0   -0.09479 -0.06383 
5*0.0   -0.12479    0.02836 0.0    0.09977    0.08827 5*0.0    0.12026   -0.02508 0.0   -0.08394 -0.05519 
5*0.0   -0.11227    0.02439 0.0    0.08859    0.07647 5*0.0    0.10772   -0.02133 0.0   -0.07405 -0.04757 
5*0.0   -0.10076    0.02095 0.0    0.07847    0.06609 5*0.0    0.09607   -0.01809 0.0   -0.06508 -0.04087 
5*0.0   -0.09022    0.01796 0.0    0.06934    0.05698 5*0.0    0.08533   -0.01530 0.0   -0.05699 -0.03500 
5*0.0   -0.08060    0.01538 0.0    0.06113    0.04902 5*0.0    0.07547   -0.01291 0.0   -0.04973 -0.02989 
5*0.0   -0.07183    0.01315 0.0    0.05376    0.04208 5*0.0    0.06649   -0.01086 0.0   -0.04325 -0.02544 
5*0.0   -0.06386    0.01122 0.0    0.04717    0.03603 5*0.0    0.05836   -0.00912 0.0   -0.03748 -0.02159 
5*0.0   -0.05664    0.00956 0.0    0.04130    0.03079 5*0.0    0.05102   -0.00764 0.0   -0.03238 -0.01827 
5*0.0   -0.05012    0.00813 0.0    0.03607    0.02625 5*0.0    0.04445   -0.00638 0.0   -0.02788 -0.01542 
5*0.0   -0.04423    0.00690 0.0    0.03142    0.02233 5*0.0    0.03858   -0.00532 0.0   -0.02392 -0.01297 
5*0.0   -0.03895    0.00585 0.0    0.02731    0.01895 5*0.0    0.03337   -0.00442 0.0   -0.02046 -0.01088 
5*0.0   -0.03421    0.00495 0.0    0.02369    0.01605 5*0.0    0.02877   -0.00367 0.0   -0.01745 -0.00910 
5*0.0   -0.02997    0.00418 0.0    0.02049    0.01356 5*0.0    0.02471   -0.00303 0.0   -0.01483 -0.00759 
5*0.0   -0.02619    0.00352 0.0    0.01768    0.01143 5*0.0    0.02116   -0.00250 0.0   -0.01257 -0.00632 
5*0.0   -0.02283    0.00296 0.0    0.01522    0.00961 5*0.0    0.01806   -0.00206 0.0   -0.01062 -0.00524 
5*0.0   -0.01985    0.00248 0.0    0.01307    0.00807 5*0.0    0.01536   -0.00170 0.0   -0.00895 -0.00434 
5*0.0   -0.01721    0.00208 0.0    0.01120    0.00676 5*0.0    0.01303   -0.00139 0.0   -0.00752 -0.00358 
5*0.0   -0.01489    0.00174 0.0    0.00957    0.00564 5*0.0    0.01101   -0.00114 0.0   -0.00630 -0.00295 
5*0.0   -0.01284    0.00145 0.0    0.00816    0.00471 5*0.0    0.00928   -0.00093 0.0   -0.00526 -0.00242 
5*0.0   -0.01105    0.00121 0.0    0.00694    0.00391 5*0.0    0.00780   -0.00076 0.0   -0.00438 -0.00198 
5*0.0   -0.00948    0.00100 0.0    0.00589    0.00325 5*0.0    0.00654   -0.00062 0.0   -0.00364 -0.00162 
5*0.0   -0.00812    0.00083 0.0    0.00498    0.00269 5*0.0    0.00547   -0.00050 0.0   -0.00301 -0.00132 
5*0.0   -0.00693    0.00069 0.0    0.00420    0.00222 5*0.0    0.00456   -0.00041 0.0   -0.00249 -0.00107 
5*0.0   -0.00590    0.00057 0.0    0.00354    0.00183 5*0.0    0.00379   -0.00033 0.0   -0.00205 -0.00087 
5*0.0   -0.00501    0.00047 0.0    0.00297    0.00151 5*0.0    0.00315   -0.00026 0.0   -0.00168 -0.00071 
5*0.0   -0.00424    0.00038 0.0    0.00249    0.00124 5*0.0    0.00261   -0.00021 0.0   -0.00138 -0.00057 
5*0.0   -0.00358    0.00031 0.0    0.00208    0.00101 5*0.0    0.00215   -0.00017 0.0   -0.00113 -0.00046 
5*0.0   -0.00302    0.00026 0.0    0.00173    0.00083 5*0.0    0.00178   -0.00014 0.0   -0.00092 -0.00037 
5*0.0   -0.00254    0.00021 0.0    0.00144    0.00068 5*0.0    0.00146   -0.00011 0.0   -0.00075 -0.00030 
5*0.0   -0.00212    0.00017 0.0    0.00119    0.00055 5*0.0    0.00120   -0.00009 0.0   -0.00061 -0.00024 
5*0.0   -0.00178    0.00014 0.0    0.00099    0.00045 5*0.0    0.00099   -0.00007 0.0   -0.00049 -0.00019 
5*0.0   -0.00148    0.00011 0.0    0.00082    0.00036 5*0.0    0.00081   -0.00006 0.0   -0.00040 -0.00015 
5*0.0   -0.00123    0.00009 0.0    0.00067    0.00030 5*0.0    0.00067   -0.00004 0.0   -0.00032 -0.00012 
5*0.0   -0.00102    0.00007 0.0    0.00055    0.00024 5*0.0    0.00055   -0.00003 0.0   -0.00026 -0.00010 
5*0.0   -0.00085    0.00006 0.0    0.00045    0.00019 5*0.0    0.00045   -0.00003 0.0   -0.00021 -0.00008 
5*0.0   -0.00070    0.00005 0.0    0.00037    0.00016 5*0.0    0.00037   -0.00002 0.0   -0.00017 -0.00006 
5*0.0   -0.00058    0.00004 0.0    0.00030    0.00012 5*0.0    0.00030   -0.00002 0.0   -0.00013 -0.00005 
5*0.0   -0.00047    0.00003 0.0    0.00024    0.00010 5*0.0    0.00025   -0.00001 0.0   -0.00011 -0.00004 
5*0.0   -0.00039    0.00002 0.0    0.00020    0.00008 5*0.0    0.00020   -0.00001 0.0   -0.00009 -0.00003 
5*0.0   -0.00032    0.00002 0.0    0.00016    0.00006 5*0.0    0.00016   -0.00001 0.0   -0.00007 -0.00002 
5*0.0   -0.00026    0.00001 0.0    0.00013    0.00005 5*0.0    0.00013 2*0.0   -0.00005   -0.00002 
5*0.0   -0.00021    0.00001 0.0    0.00010    0.00004 5*0.0    0.00011 2*0.0   -0.00004   -0.00001 
5*0.0   -0.00017    0.00001 0.0    0.00008    0.00003 5*0.0    0.00009 2*0.0   -0.00003   -0.00001 
5*0.0   -0.00014    0.00001 0.0    0.00007    0.00003 5*0.0    0.00007 2*0.0   -0.00003   -0.00001 
5*0.0   -0.00011    0.00001 0.0    0.00005    0.00002 5*0.0    0.00006 2*0.0   -0.00002 0.0
5*0.0   -0.00009 2*0.0    0.00004    0.00002 5*0.0    0.00004 2*0.0   -0.00001 0.0 
5*0.0   -0.00007 2*0.0    0.00003    0.00001 5*0.0    0.00003 2*0.0   -0.00001 0.0
5*0.0   -0.00006 2*0.0    0.00003    0.00001 5*0.0    0.00002 2*0.0   -0.00001 0.0 
5*0.0   -0.00005 2*0.0    0.00002    0.00001 5*0.0    0.00002 2*0.0   -0.00001 0.0 
5*0.0   -0.00004 2*0.0    0.00002 6*0.0    0.00001 4*0.0 
5*0.0   -0.00003 2*0.0    0.00001 6*0.0    0.00001 4*0.0 
5*0.0   -0.00002 2*0.0    0.00001 11*0.0 
5*0.0   -0.00002 2*0.0    0.00001 11*0.0 
5*0.0   -0.00001 2*0.0    0.00001 6*0.0   -0.00001 4*0.0 
5*0.0   -0.00001 2*0.0    0.00001 6*0.0   -0.00001 4*0.0 
5*0.0   -0.00001 9*0.0   -0.00001 4*0.0 
15*0.0   -0.00001 4*0.0 
15*0.0   -0.00001 4*0.0 
15*0.0   -0.00001 4*0.0 
15*0.0   -0.00002 4*0.0 
15*0.0   -0.00002 4*0.0 
15*0.0   -0.00002 4*0.0 
15*0.0   -0.00002 4*0.0 
5*0.0    0.00001 9*0.0   -0.00002 4*0.0 
