0.1 200
0.000 0.01 0.003 0.00025 0.0001 0.0004 3*0.0 6.3 11.0 9*0.0
20*0.0
20*0.0
20*0.0
5*0.0   -0.45906598    0.43027735 0.0    0.02404134   -0.25410602 5*0.0    0.28246488    0.23139646 0.0   -0.14341824   -0.14393066 
5*0.0   -0.41352386    0.25465635 0.0    0.08257735   -0.15464427 5*0.0    0.30244300    0.24368855 0.0   -0.17746544   -0.15899750 
5*0.0   -0.29102183    0.15316691 0.0    0.20218330   -0.04563623 5*0.0    0.31845391    0.25485719 0.0   -0.21100397   -0.17475847 
5*0.0   -0.17562895    0.09833039 0.0    0.31328416    0.04839131 5*0.0    0.33236383    0.26495084 0.0   -0.24211386   -0.19012136 
5*0.0   -0.10218540    0.06918086 0.0    0.38538155    0.11560212 5*0.0    0.34562080    0.27420780 0.0   -0.26938473   -0.20426864 
5*0.0   -0.07646860    0.05198752 0.0    0.41430600    0.15567370 5*0.0    0.35888557    0.28287877 0.0   -0.29220922   -0.21680329 
5*0.0   -0.09037531    0.03872507 0.0    0.40844036    0.17423180 5*0.0    0.37204307    0.29114045 0.0   -0.31069473   -0.22770420 
5*0.0   -0.13074547    0.02530145 0.0    0.38002192    0.17858418 5*0.0    0.38438133    0.29906599 0.0   -0.32544472   -0.23720332 
5*0.0   -0.18416439    0.01011975 0.0    0.34075900    0.17543319 5*0.0    0.39483360    0.30662831 0.0   -0.33732715   -0.24565593 
5*0.0   -0.23945523   -0.00696920 0.0    0.29994675    0.16993527 5*0.0    0.40222032    0.31372079 0.0   -0.34727642   -0.25343665 
5*0.0   -0.28867205   -0.02538659 0.0    0.26392506    0.16551433 5*0.0    0.40544878    0.32018512 0.0   -0.35614727   -0.26087020 
5*0.0   -0.32708898   -0.04428761 0.0    0.23627396    0.16406039 5*0.0    0.40364995    0.32583924 0.0   -0.36462508   -0.26819426 
5*0.0   -0.35262954   -0.06282982 0.0    0.21837387    0.16628876 5*0.0    0.39625077    0.33050133 0.0   -0.37318672   -0.27554720 
5*0.0   -0.36510706   -0.08030623 0.0    0.21006830    0.17212069 5*0.0    0.38299297    0.33400788 0.0   -0.38209970   -0.28297296 
5*0.0   -0.36551636   -0.09619232 0.0    0.21026380    0.18101005 5*0.0    0.36391459    0.33622578 0.0   -0.39144609   -0.29043605 
5*0.0   -0.35548402   -0.11014502 0.0    0.21739374    0.19218779 5*0.0    0.33930970    0.33705888 0.0   -0.40115876   -0.29784119 
5*0.0   -0.33689250   -0.12197883 0.0    0.22973707    0.20482615 5*0.0    0.30967828    0.33645031 0.0   -0.41106113   -0.30505379 
5*0.0   -0.31164696   -0.13163446 0.0    0.24561679    0.21813852 5*0.0    0.27567461    0.33438175 0.0   -0.42090465   -0.31191881 
5*0.0   -0.28154232   -0.13914786 0.0    0.26351218    0.23143353 5*0.0    0.23805860    0.33087049 0.0   -0.43040138   -0.31827649 
5*0.0   -0.24819338   -0.14462301 0.0    0.28211442    0.24413936 5*0.0    0.19765242    0.32596537 0.0   -0.43925050   -0.32397466 
5*0.0   -0.21300226   -0.14820950 0.0    0.30034726    0.25580945 5*0.0    0.15530315    0.31974200 0.0   -0.44715909   -0.32887739 
5*0.0   -0.17666723   -0.15009583 0.0    0.31685848    0.26611882 5*0.0    0.11185140    0.31229771 0.0   -0.45385756   -0.33287061 
5*0.0   -0.14158954   -0.15043942 0.0    0.33254509    0.27484578 5*0.0    0.06810560    0.30374667 0.0   -0.45911074   -0.33586498 
5*0.0   -0.10707875   -0.14946836 0.0    0.34545319    0.28187100 5*0.0    0.02482149    0.29421513 0.0   -0.46272522   -0.33779679 
5*0.0   -0.07417936   -0.14736148 0.0    0.35582933    0.28714773 5*0.0   -0.01731361    0.28383715 0.0   -0.46455361   -0.33862733 
5*0.0   -0.04329097   -0.14429918 0.0    0.36355257    0.29069257 5*0.0   -0.05769216    0.27275062 0.0   -0.46449633   -0.33834120 
5*0.0   -0.01467507   -0.14044874 0.0    0.36861344    0.29256893 5*0.0   -0.09579375    0.26109386 0.0   -0.46250124   -0.33694405 
5*0.0    0.01151859   -0.13596241 0.0    0.37108698    0.29287342 5*0.0   -0.13118899    0.24900269 0.0   -0.45856162   -0.33445993 
5*0.0    0.03522717   -0.13097669 0.0    0.37110886    0.29172432 5*0.0   -0.16354011    0.23660792 0.0   -0.45271281   -0.33092857 
5*0.0    0.05645270   -0.12561238 0.0    0.36885527    0.28925205 5*0.0   -0.19259898    0.22403338 0.0   -0.44502782   -0.32640271 
5*0.0    0.07524355   -0.11997531 0.0    0.36452692    0.28559190 5*0.0   -0.21820285    0.21139436 0.0   -0.43561225   -0.32094548 
5*0.0    0.09167974   -0.11415733 0.0    0.35833678    0.28087863 5*0.0   -0.24026830    0.19879646 0.0   -0.42459878   -0.31462807 
5*0.0    0.10586183   -0.10823757 0.0    0.35050133    0.27524281 5*0.0   -0.25878388    0.18633488 0.0   -0.41214145   -0.30752760 
5*0.0    0.11790303   -0.10228369 0.0    0.34123446    0.26880852 5*0.0   -0.27380181    0.17409392 0.0   -0.39841008   -0.29972515 
5*0.0    0.12792391   -0.09635316 0.0    0.33074360    0.26169212 5*0.0   -0.28542925    0.16214691 0.0   -0.38358482   -0.29130411 
5*0.0    0.13604896   -0.09049438 0.0    0.31922723    0.25400178 5*0.0   -0.29381923    0.15055631 0.0   -0.36785113   -0.28234865 
5*0.0    0.14240466   -0.08474780 0.0    0.30687354    0.24583749 5*0.0   -0.29916187    0.13937401 0.0   -0.35139523   -0.27294248 
5*0.0    0.14711831   -0.07914680 0.0    0.29385960    0.23729141 5*0.0   -0.30167584    0.12864184 0.0   -0.33440014   -0.26316772 
5*0.0    0.15031731   -0.07371857 0.0    0.28035092    0.22844833 5*0.0   -0.30160036    0.11839219 0.0   -0.31704227   -0.25310400 
5*0.0    0.15212871   -0.06848481 0.0    0.26650116    0.21938613 5*0.0   -0.29918790    0.10864869 0.0   -0.29948869   -0.24282765 
5*0.0    0.15267873   -0.06346234 0.0    0.25245197    0.21017632 5*0.0   -0.29469767    0.09942702 0.0   -0.28189487   -0.23241111 
5*0.0    0.15209219   -0.05866373 0.0    0.23833276    0.20088435 5*0.0   -0.28838982    0.09073565 0.0   -0.26440317   -0.22192240 
5*0.0    0.15049188   -0.05409775 0.0    0.22426069    0.19157000 5*0.0   -0.28052059    0.08257673 0.0   -0.24714169   -0.21142477 
5*0.0    0.14799779   -0.04976983 0.0    0.21034053    0.18228761 5*0.0   -0.27133818    0.07494682 0.0   -0.23022367   -0.20097642 
5*0.0    0.14472634   -0.04568250 0.0    0.19666478    0.17308626 5*0.0   -0.26107948    0.06783774 0.0   -0.21374732   -0.19063035 
5*0.0    0.14078954   -0.04183574 0.0    0.18331379    0.16400995 5*0.0   -0.24996749    0.06123726 0.0   -0.19779594   -0.18043426 
5*0.0    0.13629424   -0.03822734 0.0    0.17035607    0.15509773 5*0.0   -0.23820943    0.05512984 0.0   -0.18243837   -0.17043055 
5*0.0    0.13134139   -0.03485324 0.0    0.15784868    0.14638384 5*0.0   -0.22599545    0.04949723 0.0   -0.16772965   -0.16065644 
5*0.0    0.12602550   -0.03170779 0.0    0.14583775    0.13789788 5*0.0   -0.21349789    0.04431914 0.0   -0.15371190   -0.15114402 
5*0.0    0.12043413   -0.02878407 0.0    0.13435917    0.12966495 5*0.0   -0.20087099    0.03957370 0.0   -0.14041526   -0.14192051 
5*0.0    0.11464758   -0.02607411 0.0    0.12343928    0.12170588 5*0.0   -0.18825101    0.03523798 0.0   -0.12785900   -0.13300843 
5*0.0    0.10873872   -0.02356912 0.0    0.11309568    0.11403742 5*0.0   -0.17575661    0.03128840 0.0   -0.11605256   -0.12442590 
5*0.0    0.10277290   -0.02125970 0.0    0.10333811    0.10667248 5*0.0   -0.16348956    0.02770110 0.0   -0.10499676   -0.11618687 
5*0.0    0.09680811   -0.01913606 0.0    0.09416929    0.09962046 5*0.0   -0.15153565    0.02445225 0.0   -0.09468483   -0.10830148 
5*0.0    0.09089505   -0.01718810 0.0    0.08558579    0.09288747 5*0.0   -0.13996563    0.02151831 0.0   -0.08510355   -0.10077632 
5*0.0    0.08507753   -0.01540565 0.0    0.07757890    0.08647662 5*0.0   -0.12883644    0.01887627 0.0   -0.07623424   -0.09361479 
5*0.0    0.07939271   -0.01377851 0.0    0.07013545    0.08038839 5*0.0   -0.11819232    0.01650379 0.0   -0.06805374   -0.08681738 
5*0.0    0.07387161   -0.01229661 0.0    0.06323856    0.07462084 5*0.0   -0.10806608    0.01437939 0.0   -0.06053529   -0.08038203 
5*0.0    0.06853946   -0.01095007 0.0    0.05686841    0.06916999 5*0.0   -0.09848026    0.01248250 0.0   -0.05364937   -0.07430438 
5*0.0    0.06341628   -0.00972928 0.0    0.05100285    0.06403002 5*0.0   -0.08944839    0.01079361 0.0   -0.04736441   -0.06857812 
5*0.0    0.05851728   -0.00862495 0.0    0.04561802    0.05919363 5*0.0   -0.08097605    0.00929425 0.0   -0.04164745   -0.06319523 
5*0.0    0.05385339   -0.00762818 0.0    0.04068889    0.05465220 5*0.0   -0.07306204    0.00796706 0.0   -0.03646474   -0.05814627 
5*0.0    0.04943171   -0.00673045 0.0    0.03618971    0.05039611 5*0.0   -0.06569938    0.00679582 0.0   -0.03178224   -0.05342062 
5*0.0    0.04525603   -0.00592367 0.0    0.03209440    0.04641491 5*0.0   -0.05887621    0.00576538 0.0   -0.02756600   -0.04900671 
5*0.0    0.04132718   -0.00520022 0.0    0.02837694    0.04269755 5*0.0   -0.05257674    0.00486172 0.0   -0.02378260   -0.04489223 
5*0.0    0.03764352   -0.00455290 0.0    0.02501160    0.03923251 5*0.0   -0.04678199    0.00407186 0.0   -0.02039938   -0.04106430 
5*0.0    0.03420128   -0.00397496 0.0    0.02197322    0.03600801 5*0.0   -0.04147051    0.00338388 0.0   -0.01738474   -0.03750971 
5*0.0    0.03099495   -0.00346012 0.0    0.01923739    0.03301212 5*0.0   -0.03661904    0.00278682 0.0   -0.01470829   -0.03421499 
5*0.0    0.02801755   -0.00300252 0.0    0.01678061    0.03023290 5*0.0   -0.03220304    0.00227067 0.0   -0.01234103   -0.03116661 
5*0.0    0.02526097   -0.00259671 0.0    0.01458036    0.02765847 5*0.0   -0.02819717    0.00182632 0.0   -0.01025540   -0.02835106 
5*0.0    0.02271620   -0.00223769 0.0    0.01261526    0.02527713 5*0.0   -0.02457576    0.00144549 0.0   -0.00842544   -0.02575500 
5*0.0    0.02037358   -0.00192080 0.0    0.01086504    0.02307744 5*0.0   -0.02131309    0.00112067 0.0   -0.00682675   -0.02336528 
5*0.0    0.01822297   -0.00164181 0.0    0.00931063    0.02104822 5*0.0   -0.01838378    0.00084511 0.0   -0.00543653   -0.02116909 
5*0.0    0.01625397   -0.00139680 0.0    0.00793416    0.01917870 5*0.0   -0.01576294    0.00061273 0.0   -0.00423358   -0.01915397 
5*0.0    0.01445605   -0.00118221 0.0    0.00671894    0.01745844 5*0.0   -0.01342646    0.00041805 0.0   -0.00319829   -0.01730786 
5*0.0    0.01281866   -0.00099479 0.0    0.00564943    0.01587746 5*0.0   -0.01135110    0.00025620 0.0   -0.00231254   -0.01561920 
5*0.0    0.01133137   -0.00083157 0.0    0.00471127    0.01442619 5*0.0   -0.00951466    0.00012283 0.0   -0.00155970   -0.01407686 
5*0.0    0.00998397   -0.00068986 0.0    0.00389117    0.01309553 5*0.0   -0.00789601    0.00001405 0.0   -0.00092457   -0.01267027 
5*0.0    0.00876647   -0.00056724 0.0    0.00317691    0.01187682 5*0.0   -0.00647522   -0.00007356 0.0   -0.00039326   -0.01138933 
5*0.0    0.00766926   -0.00046152 0.0    0.00255728    0.01076187 5*0.0   -0.00523355   -0.00014304 0.0    0.00004682   -0.01022450 
5*0.0    0.00668309   -0.00037070 0.0    0.00202203    0.00974294 5*0.0   -0.00415346   -0.00019706 0.0    0.00040708   -0.00916675 
5*0.0    0.00579911   -0.00029301 0.0    0.00156179    0.00881272 5*0.0   -0.00321863   -0.00023797 0.0    0.00069781   -0.00820760 
5*0.0    0.00500891   -0.00022685 0.0    0.00116807    0.00796439 5*0.0   -0.00241393   -0.00026783 0.0    0.00092824   -0.00733904 
5*0.0    0.00430455   -0.00017079 0.0    0.00083316    0.00719150 5*0.0   -0.00172540   -0.00028844 0.0    0.00110666   -0.00655362 
5*0.0    0.00367853   -0.00012357 0.0    0.00055006    0.00648805 5*0.0   -0.00114020   -0.00030135 0.0    0.00124046   -0.00584433 
5*0.0    0.00312381   -0.00008403 0.0    0.00031250    0.00584842 5*0.0   -0.00064657   -0.00030792 0.0    0.00133621   -0.00520467 
5*0.0    0.00263381   -0.00005116 0.0    0.00011481    0.00526739 5*0.0   -0.00023378   -0.00030932 0.0    0.00139974   -0.00462858 
5*0.0    0.00220241   -0.00002408 0.0   -0.00004809    0.00474008 5*0.0    0.00010794   -0.00030655 0.0    0.00143618   -0.00411044 
5*0.0    0.00182392   -0.00000198 0.0   -0.00018075    0.00426198 5*0.0    0.00038741   -0.00030047 0.0    0.00145005   -0.00364504 
5*0.0    0.00149307    0.00001583 0.0   -0.00028721    0.00382888 5*0.0    0.00061263   -0.00029182 0.0    0.00144532   -0.00322759 
5*0.0    0.00120500    0.00002998 0.0   -0.00037110    0.00343692 5*0.0    0.00079076   -0.00028121 0.0    0.00142544   -0.00285364 
5*0.0    0.00095524    0.00004100 0.0   -0.00043559    0.00308268 5*0.0    0.00092826   -0.00026917 0.0    0.00139340   -0.00251911 
5*0.0    0.00073972    0.00004938 0.0   -0.00048358    0.00276234 5*0.0    0.00103087   -0.00025614 0.0    0.00135179   -0.00222026 
5*0.0    0.00055466    0.00005551 0.0   -0.00051751    0.00247335 5*0.0    0.00110372   -0.00024247 0.0    0.00130284   -0.00195364 
5*0.0    0.00039666    0.00005978 0.0   -0.00053960    0.00221275 5*0.0    0.00115134   -0.00022847 0.0    0.00124845   -0.00171611 
5*0.0    0.00026260    0.00006249 0.0   -0.00055178    0.00197794 5*0.0    0.00117774   -0.00021438 0.0    0.00119024   -0.00150479 
5*0.0    0.00014968    0.00006391 0.0   -0.00055574    0.00176656 5*0.0    0.00118647   -0.00020040 0.0    0.00112957   -0.00131705 
5*0.0    0.00005533    0.00006428 0.0   -0.00055295    0.00157643 5*0.0    0.00118062   -0.00018669 0.0    0.00106757   -0.00115051 
5*0.0   -0.00002272    0.00006379 0.0   -0.00054467    0.00140557 5*0.0    0.00116289   -0.00017336 0.0    0.00100520   -0.00100299 
5*0.0   -0.00008657    0.00006263 0.0   -0.00053202    0.00125215 5*0.0    0.00113564   -0.00016052 0.0    0.00094323   -0.00087251 
5*0.0   -0.00013804    0.00006094 0.0   -0.00051593    0.00111451 5*0.0    0.00110089   -0.00014822 0.0    0.00088229   -0.00075728 
5*0.0   -0.00017882    0.00005884 0.0   -0.00049722    0.00099114 5*0.0    0.00106041   -0.00013651 0.0    0.00082287   -0.00065568 
5*0.0   -0.00021037    0.00005645 0.0   -0.00047658    0.00088065 5*0.0    0.00101568   -0.00012542 0.0    0.00076536   -0.00056624 
5*0.0   -0.00023400    0.00005384 0.0   -0.00045459    0.00078178 5*0.0    0.00096798   -0.00011498 0.0    0.00071005   -0.00048764 
5*0.0   -0.00025090    0.00005109 0.0   -0.00043175    0.00069338 5*0.0    0.00091839   -0.00010518 0.0    0.00065717   -0.00041869 
5*0.0   -0.00026208    0.00004826 0.0   -0.00040846    0.00061442 5*0.0    0.00086780   -0.00009602 0.0    0.00060685   -0.00035832 
5*0.0   -0.00026845    0.00004541 0.0   -0.00038507    0.00054394 5*0.0    0.00081696   -0.00008749 0.0    0.00055919   -0.00030554 
5*0.0   -0.00027082    0.00004257 0.0   -0.00036184    0.00048109 5*0.0    0.00076649   -0.00007957 0.0    0.00051423   -0.00025951 
5*0.0   -0.00026988    0.00003977 0.0   -0.00033901    0.00042510 5*0.0    0.00071687   -0.00007224 0.0    0.00047197   -0.00021945 
5*0.0   -0.00026624    0.00003705 0.0   -0.00031676    0.00037525 5*0.0    0.00066852   -0.00006547 0.0    0.00043238   -0.00018465 
5*0.0   -0.00026042    0.00003441 0.0   -0.00029521    0.00033092 5*0.0    0.00062173   -0.00005924 0.0    0.00039542   -0.00015450 
5*0.0   -0.00025289    0.00003188 0.0   -0.00027447    0.00029152 5*0.0    0.00057673   -0.00005352 0.0    0.00036099   -0.00012844 
5*0.0   -0.00024403    0.00002946 0.0   -0.00025463    0.00025655 5*0.0    0.00053371   -0.00004827 0.0    0.00032903   -0.00010597 
5*0.0   -0.00023419    0.00002716 0.0   -0.00023573    0.00022552 5*0.0    0.00049278   -0.00004347 0.0    0.00029942   -0.00008666 
5*0.0   -0.00022364    0.00002499 0.0   -0.00021781    0.00019803 5*0.0    0.00045400   -0.00003909 0.0    0.00027206   -0.00007012 
5*0.0   -0.00021264    0.00002295 0.0   -0.00020088    0.00017369 5*0.0    0.00041741   -0.00003510 0.0    0.00024682   -0.00005600 
5*0.0   -0.00020137    0.00002103 0.0   -0.00018493    0.00015216 5*0.0    0.00038302   -0.00003148 0.0    0.00022361   -0.00004398 
5*0.0   -0.00019002    0.00001924 0.0   -0.00016997    0.00013314 5*0.0    0.00035080   -0.00002819 0.0    0.00020229   -0.00003380 
5*0.0   -0.00017872    0.00001757 0.0   -0.00015597    0.00011635 5*0.0    0.00032071   -0.00002521 0.0    0.00018275   -0.00002522 
5*0.0   -0.00016758    0.00001602 0.0   -0.00014290    0.00010154 5*0.0    0.00029268   -0.00002251 0.0    0.00016487   -0.00001802 
5*0.0   -0.00015670    0.00001459 0.0   -0.00013074    0.00008849 5*0.0    0.00026665   -0.00002007 0.0    0.00014855   -0.00001203 
5*0.0   -0.00014614    0.00001326 0.0   -0.00011945    0.00007701 5*0.0    0.00024254   -0.00001788 0.0    0.00013366   -0.00000706 
5*0.0   -0.00013596    0.00001203 0.0   -0.00010898    0.00006692 5*0.0    0.00022025   -0.00001590 0.0    0.00012011   -0.00000298 
5*0.0   -0.00012620    0.00001091 0.0   -0.00009930    0.00005805 5*0.0    0.00019970   -0.00001412 0.0    0.00010780    0.00000033 
5*0.0   -0.00011689    0.00000987 0.0   -0.00009037    0.00005028 5*0.0    0.00018080   -0.00001253 0.0    0.00009663    0.00000300 
5*0.0   -0.00010804    0.00000892 0.0   -0.00008214    0.00004347 5*0.0    0.00016343   -0.00001110 0.0    0.00008650    0.00000511 
5*0.0   -0.00009967    0.00000806 0.0   -0.00007457    0.00003751 5*0.0    0.00014752   -0.00000982 0.0    0.00007734    0.00000674 
5*0.0   -0.00009179    0.00000727 0.0   -0.00006762    0.00003230 5*0.0    0.00013296   -0.00000867 0.0    0.00006907    0.00000799 
5*0.0   -0.00008437    0.00000654 0.0   -0.00006125    0.00002776 5*0.0    0.00011967   -0.00000765 0.0    0.00006160    0.00000889 
5*0.0   -0.00007743    0.00000589 0.0   -0.00005542    0.00002380 5*0.0    0.00010755   -0.00000674 0.0    0.00005487    0.00000952 
5*0.0   -0.00007094    0.00000529 0.0   -0.00005009    0.00002035 5*0.0    0.00009652   -0.00000593 0.0    0.00004881    0.00000992 
5*0.0   -0.00006490    0.00000475 0.0   -0.00004523    0.00001736 5*0.0    0.00008651   -0.00000521 0.0    0.00004337    0.00001012 
5*0.0   -0.00005928    0.00000426 0.0   -0.00004080    0.00001476 5*0.0    0.00007742   -0.00000457 0.0    0.00003849    0.00001017 
5*0.0   -0.00005408    0.00000381 0.0   -0.00003676    0.00001251 5*0.0    0.00006919   -0.00000400 0.0    0.00003411    0.00001009 
5*0.0   -0.00004926    0.00000341 0.0   -0.00003310    0.00001056 5*0.0    0.00006175   -0.00000349 0.0    0.00003019    0.00000992 
5*0.0   -0.00004481    0.00000305 0.0   -0.00002976    0.00000888 5*0.0    0.00005503   -0.00000305 0.0    0.00002668    0.00000966 
5*0.0   -0.00004070    0.00000272 0.0   -0.00002674    0.00000744 5*0.0    0.00004897   -0.00000266 0.0    0.00002355    0.00000935 
5*0.0   -0.00003693    0.00000243 0.0   -0.00002401    0.00000619 5*0.0    0.00004351   -0.00000231 0.0    0.00002076    0.00000899 
5*0.0   -0.00003346    0.00000216 0.0   -0.00002153    0.00000513 5*0.0    0.00003861   -0.00000201 0.0    0.00001828    0.00000859 
5*0.0   -0.00003029    0.00000192 0.0   -0.00001929    0.00000422 5*0.0    0.00003421   -0.00000174 0.0    0.00001606    0.00000818 
5*0.0   -0.00002738    0.00000171 0.0   -0.00001727    0.00000344 5*0.0    0.00003026   -0.00000150 0.0    0.00001410    0.00000776 
5*0.0   -0.00002472    0.00000152 0.0   -0.00001545    0.00000278 5*0.0    0.00002672   -0.00000129 0.0    0.00001235    0.00000733 
5*0.0   -0.00002229    0.00000135 0.0   -0.00001380    0.00000222 5*0.0    0.00002357   -0.00000111 0.0    0.00001081    0.00000690 
5*0.0   -0.00002008    0.00000119 0.0   -0.00001233    0.00000175 5*0.0    0.00002075   -0.00000096 0.0    0.00000944    0.00000647 
5*0.0   -0.00001807    0.00000106 0.0   -0.00001100    0.00000135 5*0.0    0.00001823   -0.00000082 0.0    0.00000823    0.00000606 
5*0.0   -0.00001624    0.00000093 0.0   -0.00000980    0.00000101 5*0.0    0.00001599   -0.00000070 0.0    0.00000716    0.00000566 
5*0.0   -0.00001458    0.00000083 0.0   -0.00000873    0.00000074 5*0.0    0.00001400   -0.00000059 0.0    0.00000622    0.00000527 
5*0.0   -0.00001308    0.00000073 0.0   -0.00000776    0.00000051 5*0.0    0.00001224   -0.00000050 0.0    0.00000539    0.00000490 
5*0.0   -0.00001172    0.00000064 0.0   -0.00000690    0.00000032 5*0.0    0.00001067   -0.00000042 0.0    0.00000466    0.00000454 
5*0.0   -0.00001049    0.00000057 0.0   -0.00000613    0.00000016 5*0.0    0.00000929   -0.00000036 0.0    0.00000402    0.00000421 
5*0.0   -0.00000937    0.00000050 0.0   -0.00000544    0.00000004 5*0.0    0.00000806   -0.00000030 0.0    0.00000346    0.00000389 
5*0.0   -0.00000837    0.00000044 0.0   -0.00000482   -0.00000006 5*0.0    0.00000698   -0.00000025 0.0    0.00000297    0.00000359 
5*0.0   -0.00000747    0.00000038 0.0   -0.00000427   -0.00000014 5*0.0    0.00000603   -0.00000020 0.0    0.00000254    0.00000331 
5*0.0   -0.00000665    0.00000034 0.0   -0.00000378   -0.00000020 5*0.0    0.00000520   -0.00000017 0.0    0.00000217    0.00000305 
5*0.0   -0.00000592    0.00000029 0.0   -0.00000334   -0.00000025 5*0.0    0.00000446   -0.00000014 0.0    0.00000185    0.00000280 
5*0.0   -0.00000526    0.00000026 0.0   -0.00000295   -0.00000028 5*0.0    0.00000382   -0.00000011 0.0    0.00000156    0.00000257 
5*0.0   -0.00000468    0.00000023 0.0   -0.00000261   -0.00000031 5*0.0    0.00000326   -0.00000009 0.0    0.00000132    0.00000236 
5*0.0   -0.00000415    0.00000020 0.0   -0.00000230   -0.00000032 5*0.0    0.00000277   -0.00000007 0.0    0.00000111    0.00000216 
5*0.0   -0.00000368    0.00000017 0.0   -0.00000203   -0.00000033 5*0.0    0.00000234   -0.00000005 0.0    0.00000092    0.00000197 
5*0.0   -0.00000325    0.00000015 0.0   -0.00000178   -0.00000033 5*0.0    0.00000197   -0.00000004 0.0    0.00000077    0.00000180 
5*0.0   -0.00000288    0.00000013 0.0   -0.00000157   -0.00000033 5*0.0    0.00000165   -0.00000003 0.0    0.00000063    0.00000165 
5*0.0   -0.00000254    0.00000011 0.0   -0.00000138   -0.00000032 5*0.0    0.00000137   -0.00000002 0.0    0.00000051    0.00000150 
5*0.0   -0.00000224    0.00000010 0.0   -0.00000121   -0.00000031 5*0.0    0.00000113   -0.00000001 0.0    0.00000042    0.00000137 
5*0.0   -0.00000197    0.00000008 0.0   -0.00000106   -0.00000030 5*0.0    0.00000092 2*0.0    0.00000033    0.00000125 
5*0.0   -0.00000173    0.00000007 0.0   -0.00000093   -0.00000029 5*0.0    0.00000074 2*0.0    0.00000026    0.00000114 
5*0.0   -0.00000152    0.00000006 0.0   -0.00000081   -0.00000028 5*0.0    0.00000059    0.00000001 0.0    0.00000020    0.00000103 
5*0.0   -0.00000134    0.00000005 0.0   -0.00000071   -0.00000026 5*0.0    0.00000046    0.00000001 0.0    0.00000015    0.00000094 
5*0.0   -0.00000117    0.00000005 0.0   -0.00000062   -0.00000025 5*0.0    0.00000035    0.00000001 0.0    0.00000011    0.00000085 
5*0.0   -0.00000102    0.00000004 0.0   -0.00000054   -0.00000023 5*0.0    0.00000026    0.00000001 0.0    0.00000007    0.00000077 
5*0.0   -0.00000089    0.00000003 0.0   -0.00000047   -0.00000022 5*0.0    0.00000018    0.00000001 0.0    0.00000004    0.00000070 
5*0.0   -0.00000078    0.00000003 0.0   -0.00000041   -0.00000021 5*0.0    0.00000012    0.00000002 0.0    0.00000002    0.00000063 
5*0.0   -0.00000068    0.00000002 0.0   -0.00000035   -0.00000019 5*0.0    0.00000007    0.00000002 2*0.0    0.00000057 
5*0.0   -0.00000059    0.00000002 0.0   -0.00000031   -0.00000018 5*0.0    0.00000002    0.00000002 0.0   -0.00000002    0.00000052 
5*0.0   -0.00000051    0.00000002 0.0   -0.00000026   -0.00000017 5*0.0   -0.00000001    0.00000002 0.0   -0.00000003    0.00000047 
5*0.0   -0.00000044    0.00000001 0.0   -0.00000023   -0.00000015 5*0.0   -0.00000004    0.00000002 0.0   -0.00000004    0.00000042 
5*0.0   -0.00000038    0.00000001 0.0   -0.00000020   -0.00000014 5*0.0   -0.00000006    0.00000002 0.0   -0.00000004    0.00000038 
5*0.0   -0.00000033    0.00000001 0.0   -0.00000017   -0.00000013 5*0.0   -0.00000008    0.00000001 0.0   -0.00000005    0.00000035 
5*0.0   -0.00000028    0.00000001 0.0   -0.00000015   -0.00000012 5*0.0   -0.00000010    0.00000001 0.0   -0.00000005    0.00000031 
5*0.0   -0.00000024    0.00000001 0.0   -0.00000012   -0.00000011 5*0.0   -0.00000010    0.00000001 0.0   -0.00000006    0.00000028 
5*0.0   -0.00000021    0.00000001 0.0   -0.00000011   -0.00000010 5*0.0   -0.00000011    0.00000001 0.0   -0.00000006    0.00000025 
5*0.0   -0.00000018 2*0.0   -0.00000009   -0.00000009 5*0.0   -0.00000012    0.00000001 0.0   -0.00000006    0.00000023 
5*0.0   -0.00000015 2*0.0   -0.00000008   -0.00000009 5*0.0   -0.00000012    0.00000001 0.0   -0.00000006    0.00000021 
5*0.0   -0.00000013 2*0.0   -0.00000007   -0.00000008 5*0.0   -0.00000012    0.00000001 0.0   -0.00000006    0.00000019 
5*0.0   -0.00000011 2*0.0   -0.00000006   -0.00000007 5*0.0   -0.00000012    0.00000001 0.0   -0.00000005    0.00000017 
5*0.0   -0.00000009 2*0.0   -0.00000005   -0.00000007 5*0.0   -0.00000011    0.00000001 0.0   -0.00000005    0.00000015 
5*0.0   -0.00000007 2*0.0   -0.00000004   -0.00000006 5*0.0   -0.00000011    0.00000001 0.0   -0.00000005    0.00000014 
5*0.0   -0.00000006 2*0.0   -0.00000003   -0.00000005 5*0.0   -0.00000011    0.00000001 0.0   -0.00000005    0.00000012 
5*0.0   -0.00000005 2*0.0   -0.00000003   -0.00000005 5*0.0   -0.00000010    0.00000001 0.0   -0.00000005    0.00000011 
5*0.0   -0.00000004 2*0.0   -0.00000002   -0.00000005 5*0.0   -0.00000010    0.00000001 0.0   -0.00000004    0.00000010 
5*0.0   -0.00000003 2*0.0   -0.00000002   -0.00000004 5*0.0   -0.00000009    0.00000001 0.0   -0.00000004    0.00000009 
5*0.0   -0.00000003 2*0.0   -0.00000001   -0.00000004 5*0.0   -0.00000009    0.00000001 0.0   -0.00000004    0.00000008 
5*0.0   -0.00000002 2*0.0   -0.00000001   -0.00000003 5*0.0   -0.00000008    0.00000001 0.0   -0.00000004    0.00000007 
5*0.0   -0.00000002 2*0.0   -0.00000001   -0.00000003 5*0.0   -0.00000008    0.00000001 0.0   -0.00000003    0.00000006 
5*0.0   -0.00000001 2*0.0   -0.00000001   -0.00000003 5*0.0   -0.00000008 2*0.0   -0.00000003    0.00000006 
5*0.0   -0.00000001 2*0.0   -0.00000001   -0.00000003 5*0.0   -0.00000007 2*0.0   -0.00000003    0.00000005 
5*0.0   -0.00000001 3*0.0   -0.00000002 5*0.0   -0.00000007 2*0.0   -0.00000003    0.00000005 
