0.1 200
0.0 0.013 -0.0015 0.002 5*0.0 5.45 6.0 9*0.0
20*0.0
20*0.0
20*0.0
5*0.0    0.69713568    0.65379354 0.0    0.06713110   -0.92277521 5*0.0   -0.86510359   -0.91972619 0.0    0.11726433    0.70540206 
5*0.0    0.67964074    0.66113293 0.0    0.04830759   -0.79322279 5*0.0   -0.81857609   -0.90431766 0.0    0.14974904    0.68759350 
5*0.0    0.63900976    0.66111967 0.0    0.01062634   -0.67289253 5*0.0   -0.76237276   -0.88547117 0.0    0.18357284    0.66885732 
5*0.0    0.58047517    0.65395898 0.0   -0.04068680   -0.57367112 5*0.0   -0.69763395   -0.86335505 0.0    0.21828035    0.65038532 
5*0.0    0.50971182    0.64044982 0.0   -0.10006130   -0.49862138 5*0.0   -0.62580054   -0.83821601 0.0    0.25323618    0.63298609 
5*0.0    0.43187926    0.62164334 0.0   -0.16257411   -0.44612548 5*0.0   -0.54849764   -0.81036249 0.0    0.28771241    0.61709972 
5*0.0    0.35127417    0.59864433 0.0   -0.22429609   -0.41251256 5*0.0   -0.46743061   -0.78014687 0.0    0.32096215    0.60286517 
5*0.0    0.27127401    0.57250450 0.0   -0.28232038   -0.39354888 5*0.0   -0.38429993   -0.74794877 0.0    0.35227508    0.59020278 
5*0.0    0.19440303    0.54417022 0.0   -0.33465594   -0.38520722 5*0.0   -0.30073550   -0.71416044 0.0    0.38101594    0.57889199 
5*0.0    0.12244180    0.51446147 0.0   -0.38007636   -0.38401293 5*0.0   -0.21824802   -0.67917448 0.0    0.40664885    0.56863521 
5*0.0    0.05654730    0.48406815 0.0   -0.41796446   -0.38715352 5*0.0   -0.13819459   -0.64337390 0.0    0.42875046    0.55910598 
5*0.0   -0.00262977    0.45355582 0.0   -0.44816927   -0.39246375 5*0.0   -0.06175620   -0.60712430 0.0    0.44701488    0.54998241 
5*0.0   -0.05483578    0.42337635 0.0   -0.47088150   -0.39835155 5*0.0    0.01007536   -0.57076780 0.0    0.46125239    0.54096865 
5*0.0   -0.10011594    0.39388098 0.0   -0.48652885   -0.40370211 5*0.0    0.07650257   -0.53461867 0.0    0.47138369    0.53180717 
5*0.0   -0.13872881    0.36533409 0.0   -0.49569089   -0.40778064 5*0.0    0.13692061   -0.49896027 0.0    0.47743088    0.52228471 
5*0.0   -0.17107455    0.33792679 0.0   -0.49903219   -0.41014385 5*0.0    0.19091042   -0.46404320 0.0    0.47950624    0.51223375 
5*0.0   -0.19763705    0.31178964 0.0   -0.49725176   -0.41056480 5*0.0    0.23822723   -0.43008451 0.0    0.47779950    0.50153130 
5*0.0   -0.21893951    0.28700420 0.0   -0.49104667   -0.40897172 5*0.0    0.27878570   -0.39726766 0.0    0.47256434    0.49009593 
5*0.0   -0.23551213    0.26361319 0.0   -0.48108737   -0.40540019 5*0.0    0.31264259   -0.36574336 0.0    0.46410462    0.47788391 
5*0.0   -0.24787008    0.24162907 0.0   -0.46800233   -0.39995680 5*0.0    0.33997769   -0.33563090 0.0    0.45276091    0.46488496 
5*0.0   -0.25649997    0.22104134 0.0   -0.45236964   -0.39279239 5*0.0    0.36107404   -0.30701996 0.0    0.43889768    0.45111768 
5*0.0   -0.26185270    0.20182242 0.0   -0.43471372   -0.38408286 5*0.0    0.37629812   -0.27997283 0.0    0.42289153    0.43662510 
5*0.0   -0.26434090    0.18393236 0.0   -0.41550518   -0.37401578 5*0.0    0.38608046   -0.25452682 0.0    0.40512057    0.42147036 
5*0.0   -0.26433938    0.16732253 0.0   -0.39516286   -0.36278136 5*0.0    0.39089747   -0.23069686 0.0    0.38595534    0.40573247 
5*0.0   -0.26218745    0.15193853 0.0   -0.37405681   -0.35056651 5*0.0    0.39125465   -0.20847818 0.0    0.36575119    0.38950243 
5*0.0   -0.25819196    0.13772233 0.0   -0.35251178   -0.33755104 5*0.0    0.38767157   -0.18784894 0.0    0.34484211    0.37287956 
5*0.0   -0.25263068    0.12461389 0.0   -0.33081063   -0.32390536 5*0.0    0.38066876   -0.16877286 0.0    0.32353615    0.35596819 
5*0.0   -0.24575543    0.11255239 0.0   -0.30919772   -0.30978914 5*0.0    0.37075661   -0.15120166 0.0    0.30211215    0.33887466 
5*0.0   -0.23779481    0.10147711 0.0   -0.28788189   -0.29535049 5*0.0    0.35842621   -0.13507745 0.0    0.28081775    0.32170467 
5*0.0   -0.22895648    0.09132808 0.0   -0.26703933   -0.28072559 5*0.0    0.34414216   -0.12033484 0.0    0.25986851    0.30456105 
5*0.0   -0.21942898    0.08204659 0.0   -0.24681618   -0.26603853 5*0.0    0.32833710   -0.10690296 0.0    0.23944801    0.28754183 
5*0.0   -0.20938311    0.07357547 0.0   -0.22733101   -0.25140129 5*0.0    0.31140798   -0.09470714 0.0    0.21970866    0.27073873 
5*0.0   -0.19897304    0.06585942 0.0   -0.20867719   -0.23691385 5*0.0    0.29371364   -0.08367053 0.0    0.20077324    0.25423600 
5*0.0   -0.18833718    0.05884515 0.0   -0.19092518   -0.22266439 5*0.0    0.27557380   -0.07371542 0.0    0.18273680    0.23810948 
5*0.0   -0.17759889    0.05248154 0.0   -0.17412483   -0.20872960 5*0.0    0.25726900   -0.06476437 0.0    0.16566897    0.22242614 
5*0.0   -0.16686718    0.04671975 0.0   -0.15830760   -0.19517502 5*0.0    0.23904148   -0.05674119 0.0    0.14961648    0.20724375 
5*0.0   -0.15623732    0.04151325 0.0   -0.14348875   -0.18205557 5*0.0    0.22109673   -0.04957172 0.0    0.13460570    0.19261080 
5*0.0   -0.14579151    0.03681791 0.0   -0.12966946   -0.16941606 5*0.0    0.20360558   -0.04318443 0.0    0.12064530    0.17856672 
5*0.0   -0.13559959    0.03259196 0.0   -0.11683886   -0.15729183 5*0.0    0.18670667   -0.03751095 0.0    0.10772883    0.16514212 
5*0.0   -0.12571978    0.02879606 0.0   -0.10497602   -0.14570942 5*0.0    0.17050918   -0.03248637 0.0    0.09583712    0.15235932 
5*0.0   -0.11619948    0.02539325 0.0   -0.09405169   -0.13468731 5*0.0    0.15509567   -0.02804954 0.0    0.08494061    0.14023285 
5*0.0   -0.10707610    0.02234888 0.0   -0.08403007   -0.12423667 5*0.0    0.14052500   -0.02414315 0.0    0.07500147    0.12877008 
5*0.0   -0.09837791    0.01963063 0.0   -0.07487027   -0.11436215 5*0.0    0.12683522   -0.02071382 0.0    0.06597552    0.11797194 
5*0.0   -0.09012493    0.01720841 0.0   -0.06652772   -0.10506262 5*0.0    0.11404635   -0.01771214 0.0    0.05781394    0.10783361 
5*0.0   -0.08232982    0.01505430 0.0   -0.05895536   -0.09633193 5*0.0    0.10216300   -0.01509253 0.0    0.05046480    0.09834517 
5*0.0   -0.07499868    0.01314246 0.0   -0.05210474   -0.08815966 5*0.0    0.09117688   -0.01281317 0.0    0.04387433    0.08949241 
5*0.0   -0.06813195    0.01144908 0.0   -0.04592684   -0.08053177 5*0.0    0.08106911   -0.01083589 0.0    0.03798807    0.08125740 
5*0.0   -0.06172517    0.00995223 0.0   -0.04037294   -0.07343126 5*0.0    0.07181221   -0.00912595 0.0    0.03275176    0.07361920 
5*0.0   -0.05576975    0.00863179 0.0   -0.03539515   -0.06683881 5*0.0    0.06337209   -0.00765188 0.0    0.02811216    0.06655446 
5*0.0   -0.05025366    0.00746939 0.0   -0.03094695   -0.06073323 5*0.0    0.05570959   -0.00638528 0.0    0.02401758    0.06003795 
5*0.0   -0.04516208    0.00644823 0.0   -0.02698359   -0.05509203 5*0.0    0.04878200   -0.00530062 0.0    0.02041842    0.05404308 
5*0.0   -0.04047801    0.00555305 0.0   -0.02346237   -0.04989180 5*0.0    0.04254431   -0.00437502 0.0    0.01726751    0.04854237 
5*0.0   -0.03618276    0.00476998 0.0   -0.02034286   -0.04510864 5*0.0    0.03695023   -0.00358805 0.0    0.01452032    0.04350784 
5*0.0   -0.03225645    0.00408647 0.0   -0.01758703   -0.04071844 5*0.0    0.03195317   -0.00292152 0.0    0.01213517    0.03891136 
5*0.0   -0.02867843    0.00349120 0.0   -0.01515931   -0.03669717 5*0.0    0.02750689   -0.00235932 0.0    0.01007329    0.03472500 
5*0.0   -0.02542762    0.00297395 0.0   -0.01302665   -0.03302114 5*0.0    0.02356616   -0.00188719 0.0    0.00829885    0.03092123 
5*0.0   -0.02248285    0.00252554 0.0   -0.01115848   -0.02966719 5*0.0    0.02008724   -0.00149257 0.0    0.00677892    0.02747317 
5*0.0   -0.01982309    0.00213774 0.0   -0.00952666   -0.02661280 5*0.0    0.01702819   -0.00116443 0.0    0.00548339    0.02435479 
5*0.0   -0.01742770    0.00180320 0.0   -0.00810539   -0.02383630 5*0.0    0.01434921   -0.00089309 0.0    0.00438493    0.02154099 
5*0.0   -0.01527658    0.00151533 0.0   -0.00687113   -0.02131687 5*0.0    0.01201278   -0.00067012 0.0    0.00345876    0.01900776 
5*0.0   -0.01335032    0.00126828 0.0   -0.00580249   -0.01903467 5*0.0    0.00998376   -0.00048818 0.0    0.00268262    0.01673225 
5*0.0   -0.01163035    0.00105686 0.0   -0.00488008   -0.01697089 5*0.0    0.00822949   -0.00034090 0.0    0.00203652    0.01469282 
5*0.0   -0.01009895    0.00087646 0.0   -0.00408643   -0.01510773 5*0.0    0.00671979   -0.00022277 0.0    0.00150265    0.01286904 
5*0.0   -0.00873938    0.00072300 0.0   -0.00340579   -0.01342845 5*0.0    0.00542689   -0.00012905 0.0    0.00106517    0.01124178 
5*0.0   -0.00753585    0.00059288 0.0   -0.00282409   -0.01191735 5*0.0    0.00432540   -0.00005567 0.0    0.00071009    0.00979310 
5*0.0   -0.00647359    0.00048293 0.0   -0.00232872   -0.01055974 5*0.0    0.00339223    0.00000088 0.0    0.00042507    0.00850634 
5*0.0   -0.00553883    0.00039037 0.0   -0.00190846   -0.00934198 5*0.0    0.00260644    0.00004355 0.0    0.00019930    0.00736602 
5*0.0   -0.00471878    0.00031277 0.0   -0.00155336   -0.00825137 5*0.0    0.00194915    0.00007487 0.0    0.00002334    0.00635782 
5*0.0   -0.00400163    0.00024798 0.0   -0.00125461   -0.00727615 5*0.0    0.00140344    0.00009700 0.0   -0.00011103    0.00546853 
5*0.0   -0.00337649    0.00019414 0.0   -0.00100441   -0.00640547 5*0.0    0.00095415    0.00011171 0.0   -0.00021090    0.00468605 
5*0.0   -0.00283340    0.00014965 0.0   -0.00079593   -0.00562933 5*0.0    0.00058780    0.00012054 0.0   -0.00028239    0.00399925 
5*0.0   -0.00236324    0.00011308 0.0   -0.00062315   -0.00493855 5*0.0    0.00029245    0.00012472 0.0   -0.00033075    0.00339797 
5*0.0   -0.00195771    0.00008324 0.0   -0.00048083   -0.00432469 5*0.0    0.00005754    0.00012532 0.0   -0.00036045    0.00287298 
5*0.0   -0.00160927    0.00005905 0.0   -0.00036438   -0.00378005 5*0.0   -0.00012619    0.00012320 0.0   -0.00037528    0.00241586 
5*0.0   -0.00131113    0.00003962 0.0   -0.00026982   -0.00329759 5*0.0   -0.00026686    0.00011906 0.0   -0.00037845    0.00201900 
5*0.0   -0.00105715    0.00002418 0.0   -0.00019371   -0.00287090 5*0.0   -0.00037155    0.00011348 0.0   -0.00037264    0.00167550 
5*0.0   -0.00084180    0.00001204 0.0   -0.00013305   -0.00249414 5*0.0   -0.00044639    0.00010692 0.0   -0.00036008    0.00137916 
5*0.0   -0.00066015    0.00000266 0.0   -0.00008530   -0.00216202 5*0.0   -0.00049669    0.00009975 0.0   -0.00034261    0.00112439 
5*0.0   -0.00050780   -0.00000447 0.0   -0.00004824   -0.00186975 5*0.0   -0.00052700    0.00009228 0.0   -0.00032175    0.00090617 
5*0.0   -0.00038081   -0.00000975 0.0   -0.00002000   -0.00161299 5*0.0   -0.00054123    0.00008472 0.0   -0.00029873    0.00072000 
5*0.0   -0.00027572   -0.00001352 0.0    0.00000103   -0.00138783 5*0.0   -0.00054269    0.00007724 0.0   -0.00027452    0.00056189 
5*0.0   -0.00018943   -0.00001608 0.0    0.00001620   -0.00119074 5*0.0   -0.00053419    0.00006999 0.0   -0.00024990    0.00042826 
5*0.0   -0.00011924   -0.00001767 0.0    0.00002665   -0.00101855 5*0.0   -0.00051808    0.00006305 0.0   -0.00022548    0.00031591 
5*0.0   -0.00006276   -0.00001850 0.0    0.00003335   -0.00086840 5*0.0   -0.00049634    0.00005650 0.0   -0.00020172    0.00022205 
5*0.0   -0.00001791   -0.00001874 0.0    0.00003710   -0.00073774 5*0.0   -0.00047060    0.00005036 0.0   -0.00017895    0.00014416 
5*0.0    0.00001714   -0.00001853 0.0    0.00003857   -0.00062428 5*0.0   -0.00044220    0.00004466 0.0   -0.00015742    0.00008006 
5*0.0    0.00004396   -0.00001797 0.0    0.00003831   -0.00052598 5*0.0   -0.00041223    0.00003942 0.0   -0.00013729    0.00002778 
5*0.0    0.00006394   -0.00001718 0.0    0.00003678   -0.00044102 5*0.0   -0.00038156    0.00003462 0.0   -0.00011865   -0.00001436 
5*0.0    0.00007826   -0.00001621 0.0    0.00003434   -0.00036777 5*0.0   -0.00035090    0.00003026 0.0   -0.00010155   -0.00004786 
5*0.0    0.00008792   -0.00001514 0.0    0.00003128   -0.00030477 5*0.0   -0.00032077    0.00002633 0.0   -0.00008598   -0.00007403 
5*0.0    0.00009381   -0.00001401 0.0    0.00002786   -0.00025076 5*0.0   -0.00029160    0.00002279 0.0   -0.00007193   -0.00009401 
5*0.0    0.00009667   -0.00001286 0.0    0.00002424   -0.00020458 5*0.0   -0.00026368    0.00001963 0.0   -0.00005933   -0.00010879 
5*0.0    0.00009713   -0.00001171 0.0    0.00002058   -0.00016524 5*0.0   -0.00023723    0.00001682 0.0   -0.00004812   -0.00011922 
5*0.0    0.00009571   -0.00001060 0.0    0.00001699   -0.00013185 5*0.0   -0.00021240    0.00001433 0.0   -0.00003822   -0.00012605 
5*0.0    0.00009286   -0.00000953 0.0    0.00001354   -0.00010361 5*0.0   -0.00018925    0.00001214 0.0   -0.00002954   -0.00012991 
5*0.0    0.00008896   -0.00000851 0.0    0.00001030   -0.00007983 5*0.0   -0.00016783    0.00001021 0.0   -0.00002199   -0.00013136 
5*0.0    0.00008430   -0.00000756 0.0    0.00000730   -0.00005991 5*0.0   -0.00014813    0.00000853 0.0   -0.00001547   -0.00013086 
5*0.0    0.00007915   -0.00000667 0.0    0.00000456   -0.00004332 5*0.0   -0.00013012    0.00000707 0.0   -0.00000988   -0.00012881 
5*0.0    0.00007369   -0.00000586 0.0    0.00000210   -0.00002958 5*0.0   -0.00011374    0.00000581 0.0   -0.00000515   -0.00012556 
5*0.0    0.00006811   -0.00000511 0.0   -0.00000008   -0.00001829 5*0.0   -0.00009893    0.00000472 0.0   -0.00000118   -0.00012138 
5*0.0    0.00006252   -0.00000444 0.0   -0.00000198   -0.00000909 5*0.0   -0.00008559    0.00000379 0.0    0.00000211   -0.00011652 
5*0.0    0.00005702   -0.00000383 0.0   -0.00000363   -0.00000167 5*0.0   -0.00007364    0.00000299 0.0    0.00000480   -0.00011117 
5*0.0    0.00005170   -0.00000328 0.0   -0.00000502    0.00000424 5*0.0   -0.00006299    0.00000232 0.0    0.00000696   -0.00010551 
5*0.0    0.00004661   -0.00000279 0.0   -0.00000618    0.00000887 5*0.0   -0.00005353    0.00000176 0.0    0.00000865   -0.00009966 
5*0.0    0.00004179   -0.00000235 0.0   -0.00000712    0.00001244 5*0.0   -0.00004517    0.00000128 0.0    0.00000995   -0.00009375 
5*0.0    0.00003727   -0.00000197 0.0   -0.00000786    0.00001510 5*0.0   -0.00003782    0.00000089 0.0    0.00001089   -0.00008786 
5*0.0    0.00003305   -0.00000163 0.0   -0.00000843    0.00001702 5*0.0   -0.00003138    0.00000057 0.0    0.00001155   -0.00008205 
5*0.0    0.00002916   -0.00000134 0.0   -0.00000884    0.00001832 5*0.0   -0.00002577    0.00000031 0.0    0.00001194   -0.00007640 
5*0.0    0.00002558   -0.00000108 0.0   -0.00000911    0.00001911 5*0.0   -0.00002091    0.00000010 0.0    0.00001213   -0.00007093 
5*0.0    0.00002231   -0.00000086 0.0   -0.00000926    0.00001949 5*0.0   -0.00001671   -0.00000007 0.0    0.00001215   -0.00006568 
5*0.0    0.00001934   -0.00000067 0.0   -0.00000930    0.00001954 5*0.0   -0.00001311   -0.00000020 0.0    0.00001202   -0.00006067 
5*0.0    0.00001666   -0.00000051 0.0   -0.00000925    0.00001932 5*0.0   -0.00001005   -0.00000030 0.0    0.00001177   -0.00005592 
5*0.0    0.00001426   -0.00000037 0.0   -0.00000913    0.00001890 5*0.0   -0.00000745   -0.00000037 0.0    0.00001143   -0.00005143 
5*0.0    0.00001211   -0.00000025 0.0   -0.00000894    0.00001832 5*0.0   -0.00000526   -0.00000042 0.0    0.00001102   -0.00004721 
5*0.0    0.00001019   -0.00000016 0.0   -0.00000870    0.00001762 5*0.0   -0.00000344   -0.00000045 0.0    0.00001055   -0.00004326 
5*0.0    0.00000850   -0.00000008 0.0   -0.00000841    0.00001684 5*0.0   -0.00000194   -0.00000047 0.0    0.00001005   -0.00003956 
5*0.0    0.00000701   -0.00000001 0.0   -0.00000810    0.00001600 5*0.0   -0.00000071   -0.00000048 0.0    0.00000952   -0.00003613 
5*0.0    0.00000570    0.00000004 0.0   -0.00000776    0.00001513 5*0.0    0.00000029   -0.00000048 0.0    0.00000898   -0.00003294 
5*0.0    0.00000456    0.00000008 0.0   -0.00000740    0.00001424 5*0.0    0.00000108   -0.00000047 0.0    0.00000844   -0.00002999 
5*0.0    0.00000358    0.00000011 0.0   -0.00000703    0.00001335 5*0.0    0.00000169   -0.00000045 0.0    0.00000789   -0.00002726 
5*0.0    0.00000273    0.00000014 0.0   -0.00000666    0.00001247 5*0.0    0.00000216   -0.00000043 0.0    0.00000736   -0.00002475 
5*0.0    0.00000200    0.00000016 0.0   -0.00000629    0.00001161 5*0.0    0.00000250   -0.00000041 0.0    0.00000683   -0.00002245 
5*0.0    0.00000139    0.00000017 0.0   -0.00000591    0.00001078 5*0.0    0.00000274   -0.00000039 0.0    0.00000633   -0.00002033 
5*0.0    0.00000087    0.00000018 0.0   -0.00000555    0.00000999 5*0.0    0.00000288   -0.00000036 0.0    0.00000584   -0.00001839 
5*0.0    0.00000043    0.00000018 0.0   -0.00000519    0.00000922 5*0.0    0.00000296   -0.00000034 0.0    0.00000538   -0.00001661 
5*0.0    0.00000007    0.00000018 0.0   -0.00000484    0.00000850 5*0.0    0.00000298   -0.00000031 0.0    0.00000494   -0.00001500 
5*0.0   -0.00000022    0.00000018 0.0   -0.00000451    0.00000782 5*0.0    0.00000295   -0.00000028 0.0    0.00000453   -0.00001352 
5*0.0   -0.00000045    0.00000017 0.0   -0.00000419    0.00000718 5*0.0    0.00000288   -0.00000026 0.0    0.00000414   -0.00001218 
5*0.0   -0.00000064    0.00000017 0.0   -0.00000388    0.00000658 5*0.0    0.00000279   -0.00000024 0.0    0.00000377   -0.00001096 
5*0.0   -0.00000078    0.00000016 0.0   -0.00000359    0.00000601 5*0.0    0.00000267   -0.00000021 0.0    0.00000343   -0.00000985 
5*0.0   -0.00000089    0.00000015 0.0   -0.00000332    0.00000549 5*0.0    0.00000254   -0.00000019 0.0    0.00000311   -0.00000885 
5*0.0   -0.00000097    0.00000015 0.0   -0.00000306    0.00000501 5*0.0    0.00000240   -0.00000017 0.0    0.00000282   -0.00000794 
5*0.0   -0.00000102    0.00000014 0.0   -0.00000281    0.00000456 5*0.0    0.00000225   -0.00000016 0.0    0.00000255   -0.00000712 
5*0.0   -0.00000105    0.00000013 0.0   -0.00000258    0.00000414 5*0.0    0.00000210   -0.00000014 0.0    0.00000230   -0.00000638 
5*0.0   -0.00000106    0.00000012 0.0   -0.00000237    0.00000376 5*0.0    0.00000195   -0.00000012 0.0    0.00000207   -0.00000571 
5*0.0   -0.00000105    0.00000011 0.0   -0.00000217    0.00000341 5*0.0    0.00000180   -0.00000011 0.0    0.00000186   -0.00000510 
5*0.0   -0.00000103    0.00000010 0.0   -0.00000198    0.00000309 5*0.0    0.00000165   -0.00000009 0.0    0.00000166   -0.00000456 
5*0.0   -0.00000101    0.00000010 0.0   -0.00000181    0.00000279 5*0.0    0.00000151   -0.00000008 0.0    0.00000149   -0.00000407 
5*0.0   -0.00000097    0.00000009 0.0   -0.00000165    0.00000252 5*0.0    0.00000138   -0.00000007 0.0    0.00000133   -0.00000363 
5*0.0   -0.00000094    0.00000008 0.0   -0.00000150    0.00000228 5*0.0    0.00000125   -0.00000006 0.0    0.00000118   -0.00000324 
5*0.0   -0.00000089    0.00000007 0.0   -0.00000136    0.00000205 5*0.0    0.00000113   -0.00000005 0.0    0.00000105   -0.00000289 
5*0.0   -0.00000085    0.00000007 0.0   -0.00000124    0.00000185 5*0.0    0.00000102   -0.00000005 0.0    0.00000093   -0.00000257 
5*0.0   -0.00000080    0.00000006 0.0   -0.00000112    0.00000167 5*0.0    0.00000091   -0.00000004 0.0    0.00000082   -0.00000229 
5*0.0   -0.00000075    0.00000006 0.0   -0.00000101    0.00000150 5*0.0    0.00000082   -0.00000003 0.0    0.00000073   -0.00000203 
5*0.0   -0.00000070    0.00000005 0.0   -0.00000092    0.00000134 5*0.0    0.00000073   -0.00000003 0.0    0.00000064   -0.00000181 
5*0.0   -0.00000066    0.00000005 0.0   -0.00000083    0.00000121 5*0.0    0.00000064   -0.00000002 0.0    0.00000056   -0.00000160 
5*0.0   -0.00000061    0.00000004 0.0   -0.00000075    0.00000108 5*0.0    0.00000057   -0.00000002 0.0    0.00000049   -0.00000142 
5*0.0   -0.00000056    0.00000004 0.0   -0.00000067    0.00000097 5*0.0    0.00000050   -0.00000001 0.0    0.00000043   -0.00000126 
5*0.0   -0.00000052    0.00000003 0.0   -0.00000060    0.00000087 5*0.0    0.00000044   -0.00000001 0.0    0.00000038   -0.00000112 
5*0.0   -0.00000048    0.00000003 0.0   -0.00000054    0.00000078 5*0.0    0.00000038   -0.00000001 0.0    0.00000033   -0.00000099 
5*0.0   -0.00000044    0.00000003 0.0   -0.00000049    0.00000069 5*0.0    0.00000033   -0.00000001 0.0    0.00000028   -0.00000088 
5*0.0   -0.00000040    0.00000002 0.0   -0.00000044    0.00000062 5*0.0    0.00000028 2*0.0    0.00000025   -0.00000077 
5*0.0   -0.00000037    0.00000002 0.0   -0.00000039    0.00000055 5*0.0    0.00000024 2*0.0    0.00000021   -0.00000068 
5*0.0   -0.00000034    0.00000002 0.0   -0.00000035    0.00000049 5*0.0    0.00000020 2*0.0    0.00000018   -0.00000060 
5*0.0   -0.00000031    0.00000002 0.0   -0.00000031    0.00000044 5*0.0    0.00000017 2*0.0    0.00000015   -0.00000053 
5*0.0   -0.00000028    0.00000001 0.0   -0.00000028    0.00000039 5*0.0    0.00000014 2*0.0    0.00000013   -0.00000047 
5*0.0   -0.00000025    0.00000001 0.0   -0.00000025    0.00000035 5*0.0    0.00000012 2*0.0    0.00000011   -0.00000041 
5*0.0   -0.00000023    0.00000001 0.0   -0.00000022    0.00000031 5*0.0    0.00000010 2*0.0    0.00000009   -0.00000037 
5*0.0   -0.00000020    0.00000001 0.0   -0.00000020    0.00000028 5*0.0    0.00000008 2*0.0    0.00000008   -0.00000032 
5*0.0   -0.00000018    0.00000001 0.0   -0.00000018    0.00000025 5*0.0    0.00000006 2*0.0    0.00000006   -0.00000028 
5*0.0   -0.00000016    0.00000001 0.0   -0.00000016    0.00000022 5*0.0    0.00000004 2*0.0    0.00000005   -0.00000025 
5*0.0   -0.00000015    0.00000001 0.0   -0.00000014    0.00000019 5*0.0    0.00000003 2*0.0    0.00000004   -0.00000022 
5*0.0   -0.00000013    0.00000001 0.0   -0.00000012    0.00000017 5*0.0    0.00000002 2*0.0    0.00000003   -0.00000019 
5*0.0   -0.00000012    0.00000001 0.0   -0.00000011    0.00000015 5*0.0    0.00000001 2*0.0    0.00000003   -0.00000017 
5*0.0   -0.00000010 2*0.0   -0.00000010    0.00000013 8*0.0    0.00000002   -0.00000015 
5*0.0   -0.00000009 2*0.0   -0.00000008    0.00000012 8*0.0    0.00000002   -0.00000013 
5*0.0   -0.00000008 2*0.0   -0.00000007    0.00000011 5*0.0   -0.00000001 2*0.0    0.00000001   -0.00000011 
5*0.0   -0.00000007 2*0.0   -0.00000007    0.00000009 5*0.0   -0.00000001 2*0.0    0.00000001   -0.00000010 
5*0.0   -0.00000006 2*0.0   -0.00000006    0.00000008 5*0.0   -0.00000002 3*0.0   -0.00000009 
5*0.0   -0.00000006 2*0.0   -0.00000005    0.00000007 5*0.0   -0.00000002 3*0.0   -0.00000008 
5*0.0   -0.00000005 2*0.0   -0.00000004    0.00000006 5*0.0   -0.00000002 3*0.0   -0.00000007 
5*0.0   -0.00000004 2*0.0   -0.00000004    0.00000006 5*0.0   -0.00000002 3*0.0   -0.00000006 
5*0.0   -0.00000004 2*0.0   -0.00000003    0.00000005 5*0.0   -0.00000002 3*0.0   -0.00000005 
5*0.0   -0.00000003 2*0.0   -0.00000003    0.00000004 5*0.0   -0.00000002 2*0.0   -0.00000001   -0.00000004 
5*0.0   -0.00000003 2*0.0   -0.00000003    0.00000004 5*0.0   -0.00000002 2*0.0   -0.00000001   -0.00000004 
5*0.0   -0.00000002 2*0.0   -0.00000002    0.00000003 5*0.0   -0.00000002 2*0.0   -0.00000001   -0.00000003 
5*0.0   -0.00000002 2*0.0   -0.00000002    0.00000003 5*0.0   -0.00000002 2*0.0   -0.00000001   -0.00000003 
5*0.0   -0.00000002 2*0.0   -0.00000002    0.00000003 5*0.0   -0.00000002 2*0.0   -0.00000001   -0.00000003 
5*0.0   -0.00000002 2*0.0   -0.00000001    0.00000002 5*0.0   -0.00000002 2*0.0   -0.00000001   -0.00000002 
5*0.0   -0.00000001 2*0.0   -0.00000001    0.00000002 5*0.0   -0.00000002 2*0.0   -0.00000001   -0.00000002 
5*0.0   -0.00000001 2*0.0   -0.00000001    0.00000002 5*0.0   -0.00000002 2*0.0   -0.00000001   -0.00000002 
5*0.0   -0.00000001 2*0.0   -0.00000001    0.00000002 5*0.0   -0.00000002 2*0.0   -0.00000001   -0.00000001 
5*0.0   -0.00000001 2*0.0   -0.00000001    0.00000001 5*0.0   -0.00000002 2*0.0   -0.00000001   -0.00000001 
5*0.0   -0.00000001 2*0.0   -0.00000001    0.00000001 5*0.0   -0.00000002 2*0.0   -0.00000001   -0.00000001 
5*0.0   -0.00000001 2*0.0   -0.00000001    0.00000001 5*0.0   -0.00000002 2*0.0   -0.00000001   -0.00000001 
9*0.0    0.00000001 5*0.0   -0.00000002 2*0.0   -0.00000001   -0.00000001 
9*0.0    0.00000001 5*0.0   -0.00000002 2*0.0   -0.00000001   -0.00000001 
9*0.0    0.00000001 5*0.0   -0.00000002 2*0.0   -0.00000001   -0.00000001 
9*0.0    0.00000001 5*0.0   -0.00000001 2*0.0   -0.00000001 0.0 
9*0.0    0.00000001 5*0.0   -0.00000001 2*0.0   -0.00000001 0.0 
15*0.0   -0.00000001 4*0.0 
15*0.0   -0.00000001 4*0.0 
15*0.0   -0.00000001 4*0.0 
15*0.0   -0.00000001 4*0.0 
15*0.0   -0.00000001 4*0.0 
15*0.0   -0.00000001 4*0.0 
