0.1 200
0.000 0.0045 0.0025 0.0015 0.00025 4*0.0 6.05 7.00 9*0.0
20*0.0
20*0.0
20*0.0
5*0.0    0.18471361   -0.63882418 0.0    0.32147842    0.50119918 5*0.0    0.65421225    0.71473568 0.0   -0.07569400   -0.54399310 
5*0.0    0.28196876   -0.46168084 0.0    0.21778783    0.52043733 5*0.0    0.62369328    0.69951970 0.0   -0.08427876   -0.53889898 
5*0.0    0.24913517   -0.33911518 0.0    0.17689037    0.51373686 5*0.0    0.59678687    0.68459218 0.0   -0.09142594   -0.53273361 
5*0.0    0.14661917   -0.26188387 0.0    0.17899055    0.48411420 5*0.0    0.57263691    0.67030013 0.0   -0.09723962   -0.52557694 
5*0.0    0.02046685   -0.21864248 0.0    0.20208214    0.44352751 5*0.0    0.54948053    0.65664501 0.0   -0.10129880   -0.51785980 
5*0.0   -0.09996672   -0.19891017 0.0    0.22968099    0.40271426 5*0.0    0.52535091    0.64341493 0.0   -0.10299318   -0.51011729 
5*0.0   -0.19919277   -0.19418982 0.0    0.25194060    0.36838804 5*0.0    0.49854546    0.63029642 0.0   -0.10176390   -0.50281801 
5*0.0   -0.27132743   -0.19813491 0.0    0.26428770    0.34349092 5*0.0    0.46786038    0.61695688 0.0   -0.09723815   -0.49627758 
5*0.0   -0.31625708   -0.20628773 0.0    0.26559870    0.32834133 5*0.0    0.43264656    0.60309747 0.0   -0.08927727   -0.49063702 
5*0.0   -0.33686572   -0.21568294 0.0    0.25669594    0.32176285 5*0.0    0.39275854    0.58848125 0.0   -0.07796738   -0.48588125 
5*0.0   -0.33729167   -0.22446102 0.0    0.23932447    0.32191373 5*0.0    0.34845659    0.57294372 0.0   -0.06357912   -0.48187702 
5*0.0   -0.32194017   -0.23154703 0.0    0.21553205    0.32680856 5*0.0    0.30030052    0.55639217 0.0   -0.04651642   -0.47841524 
5*0.0   -0.29497157   -0.23640424 0.0    0.18732529    0.33460730 5*0.0    0.24905399    0.53879885 0.0   -0.02726634   -0.47524935 
5*0.0   -0.26006110   -0.23885340 0.0    0.15649656    0.34375152 5*0.0    0.19560528    0.52019152 0.0   -0.00635636   -0.47212555 
5*0.0   -0.22030592   -0.23894343 0.0    0.12455041    0.35300866 5*0.0    0.14090405    0.50064303 0.0    0.01567912   -0.46880422 
5*0.0   -0.17821218   -0.23686034 0.0    0.09268684    0.36146454 5*0.0    0.08591104    0.48026142 0.0    0.03832313   -0.46507356 
5*0.0   -0.13572741   -0.23286407 0.0    0.06181626    0.36848920 5*0.0    0.03155823    0.45918054 0.0    0.06109297   -0.46075692 
5*0.0   -0.09429896   -0.22724562 0.0    0.03259143    0.37369106 5*0.0   -0.02128281    0.43755182 0.0    0.08355092   -0.45571560 
5*0.0   -0.05494663   -0.22029887 0.0    0.00544731    0.37686853 5*0.0   -0.07182531    0.41553693 0.0    0.10531057   -0.44984869 
5*0.0   -0.01834031   -0.21230303 0.0   -0.01935727    0.37796409 5*0.0   -0.11938521    0.39330144 0.0    0.12603988   -0.44309101 
5*0.0    0.01512446   -0.20351272 0.0   -0.04169982    0.37702387 5*0.0   -0.16339294    0.37100948 0.0    0.14546184   -0.43540993 
5*0.0    0.04525784   -0.19415332 0.0   -0.06155881    0.37416385 5*0.0   -0.20339956    0.34881929 0.0    0.16335357   -0.42680169 
5*0.0    0.07201739   -0.18441982 0.0   -0.07898389    0.36954315 5*0.0   -0.23907767    0.32687971 0.0    0.17954406   -0.41728758 
5*0.0    0.09546083   -0.17447793 0.0   -0.09407196    0.36334379 5*0.0   -0.27021797    0.30532744 0.0    0.19391119   -0.40691003 
5*0.0    0.11571024   -0.16446638 0.0   -0.10694899    0.35575620 5*0.0   -0.29672210    0.28428511 0.0    0.20637796   -0.39572887 
5*0.0    0.13292611   -0.15449983 0.0   -0.11775673    0.34696955 5*0.0   -0.31859268    0.26386007 0.0    0.21690834   -0.38381778 
5*0.0    0.14728962   -0.14467191 0.0   -0.12664357    0.33716562 5*0.0   -0.33592141    0.24414375 0.0    0.22550287   -0.37126096 
5*0.0    0.15899134   -0.13505817 0.0   -0.13375861    0.32651545 5*0.0   -0.34887597    0.22521155 0.0    0.23219401   -0.35815004 
5*0.0    0.16822444   -0.12571867 0.0   -0.13924808    0.31517778 5*0.0   -0.35768652    0.20712320 0.0    0.23704152   -0.34458130 
5*0.0    0.17518107   -0.11670040 0.0   -0.14325343    0.30329870 5*0.0   -0.36263223    0.18992344 0.0    0.24012794   -0.33065313 
5*0.0    0.18005054   -0.10803915 0.0   -0.14591037    0.29101191 5*0.0   -0.36402851    0.17364298 0.0    0.24155412   -0.31646387 
5*0.0    0.18301853   -0.09976131 0.0   -0.14734868    0.27843932 5*0.0   -0.36221512    0.15829962 0.0    0.24143512   -0.30210981 
5*0.0    0.18426667   -0.09188520 0.0   -0.14769216    0.26569174 5*0.0   -0.35754542    0.14389954 0.0    0.23989631   -0.28768366 
5*0.0    0.18397224   -0.08442234 0.0   -0.14705883    0.25286953 5*0.0   -0.35037709    0.13043861 0.0    0.23706986   -0.27327320 
5*0.0    0.18230775   -0.07737841 0.0   -0.14556102    0.24006318 5*0.0   -0.34106406    0.11790379 0.0    0.23309157   -0.25896027 
5*0.0    0.17944028   -0.07075415 0.0   -0.14330543    0.22735375 5*0.0   -0.32994993    0.10627438 0.0    0.22809812   -0.24481994 
5*0.0    0.17553078   -0.06454615 0.0   -0.14039314    0.21481329 5*0.0   -0.31736269    0.09552337 0.0    0.22222463   -0.23092006 
5*0.0    0.17073316   -0.05874747 0.0   -0.13691955    0.20250514 5*0.0   -0.30361065    0.08561862 0.0    0.21560271   -0.21732091 
5*0.0    0.16519350   -0.05334826 0.0   -0.13297420    0.19048431 5*0.0   -0.28897953    0.07652396 0.0    0.20835877   -0.20407507 
5*0.0    0.15904916   -0.04833630 0.0   -0.12864070    0.17879776 5*0.0   -0.27373049    0.06820023 0.0    0.20061273   -0.19122747 
5*0.0    0.15242811   -0.04369744 0.0   -0.12399660    0.16748481 5*0.0   -0.25809911    0.06060619 0.0    0.19247701   -0.17881562 
5*0.0    0.14544841   -0.03941609 0.0   -0.11911327    0.15657747 5*0.0   -0.24229500    0.05369931 0.0    0.18405586   -0.16686984 
5*0.0    0.13821776   -0.03547553 0.0   -0.11405591    0.14610093 5*0.0   -0.22650208    0.04743649 0.0    0.17544485   -0.15541368 
5*0.0    0.13083337   -0.03185829 0.0   -0.10888357    0.13607401 5*0.0   -0.21087931    0.04177464 0.0    0.16673067   -0.14446435 
5*0.0    0.12338197   -0.02854645 0.0   -0.10364922    0.12650968 5*0.0   -0.19556187    0.03667120 0.0    0.15799110   -0.13403326 
5*0.0    0.11593991   -0.02552189 0.0   -0.09839992    0.11741557 5*0.0   -0.18066247    0.03208458 0.0    0.14929505   -0.12412649 
5*0.0    0.10857354   -0.02276649 0.0   -0.09317699    0.10879456 5*0.0   -0.16627305    0.02797445 0.0    0.14070289   -0.11474536 
5*0.0    0.10133963   -0.02026238 0.0   -0.08801635    0.10064528 5*0.0   -0.15246644    0.02430204 0.0    0.13226673   -0.10588695 
5*0.0    0.09428593   -0.01799202 0.0   -0.08294873    0.09296265 5*0.0   -0.13929818    0.02103032 0.0    0.12403090   -0.09754466 
5*0.0    0.08745175   -0.01593842 0.0   -0.07800006    0.08573844 5*0.0   -0.12680833    0.01812418 0.0    0.11603239   -0.08970870 
5*0.0    0.08086868   -0.01408515 0.0   -0.07319180    0.07896175 5*0.0   -0.11502323    0.01555047 0.0    0.10830140   -0.08236656 
5*0.0    0.07456122   -0.01241649 0.0   -0.06854133    0.07261946 5*0.0   -0.10395723    0.01327809 0.0    0.10086189   -0.07550349 
5*0.0    0.06854757   -0.01091745 0.0   -0.06406227    0.06669668 5*0.0   -0.09361433    0.01127803 0.0    0.09373214   -0.06910296 
5*0.0    0.06284026   -0.00957385 0.0   -0.05976492    0.06117713 5*0.0   -0.08398971    0.00952328 0.0    0.08692530   -0.06314695 
5*0.0    0.05744684   -0.00837228 0.0   -0.05565658    0.05604353 5*0.0   -0.07507118    0.00798887 0.0    0.08044995   -0.05761641 
5*0.0    0.05237054   -0.00730017 0.0   -0.05174189    0.05127786 5*0.0   -0.06684046    0.00665178 0.0    0.07431063   -0.05249151 
5*0.0    0.04761088   -0.00634576 0.0   -0.04802318    0.04686169 5*0.0   -0.05927438    0.00549087 0.0    0.06850832   -0.04775196 
5*0.0    0.04316424   -0.00549810 0.0   -0.04450079    0.04277640 5*0.0   -0.05234594    0.00448679 0.0    0.06304096   -0.04337725 
5*0.0    0.03902435   -0.00474701 0.0   -0.04117332    0.03900340 5*0.0   -0.04602528    0.00362190 0.0    0.05790389   -0.03934684 
5*0.0    0.03518283   -0.00408311 0.0   -0.03803795    0.03552428 5*0.0   -0.04028047    0.00288018 0.0    0.05309022   -0.03564038 
5*0.0    0.03162953   -0.00349770 0.0   -0.03509062    0.03232097 5*0.0   -0.03507828    0.00224712 0.0    0.04859126   -0.03223786 
5*0.0    0.02835300   -0.00298284 0.0   -0.03232631    0.02937587 5*0.0   -0.03038476    0.00170962 0.0    0.04439685   -0.02911973 
5*0.0    0.02534076   -0.00253120 0.0   -0.02973919    0.02667193 5*0.0   -0.02616582    0.00125588 0.0    0.04049566   -0.02626702 
5*0.0    0.02257963   -0.00213611 0.0   -0.02732283    0.02419273 5*0.0   -0.02238762    0.00087532 0.0    0.03687548   -0.02366141 
5*0.0    0.02005601   -0.00179148 0.0   -0.02507030    0.02192252 5*0.0   -0.01901696    0.00055849 0.0    0.03352347   -0.02128531 
5*0.0    0.01775602   -0.00149178 0.0   -0.02297440    0.01984628 5*0.0   -0.01602159    0.00029692 0.0    0.03042635   -0.01912190 
5*0.0    0.01566577   -0.00123198 0.0   -0.02102767    0.01794974 5*0.0   -0.01337043    0.00008313 0.0    0.02757065   -0.01715518 
5*0.0    0.01377149   -0.00100755 0.0   -0.01922257    0.01621937 5*0.0   -0.01103372   -0.00008955 0.0    0.02494279   -0.01536996 
5*0.0    0.01205963   -0.00081437 0.0   -0.01755153    0.01464241 5*0.0   -0.00898321   -0.00022700 0.0    0.02252930   -0.01375190 
5*0.0    0.01051701   -0.00064877 0.0   -0.01600701    0.01320684 5*0.0   -0.00719219   -0.00033439 0.0    0.02031688   -0.01228750 
5*0.0    0.00913089   -0.00050741 0.0   -0.01458161    0.01190141 5*0.0   -0.00563558   -0.00041630 0.0    0.01829253   -0.01096408 
5*0.0    0.00788901   -0.00038734 0.0   -0.01326808    0.01071557 5*0.0   -0.00428995   -0.00047670 0.0    0.01644359   -0.00976976 
5*0.0    0.00677967   -0.00028587 0.0   -0.01205936    0.00963946 5*0.0   -0.00313348   -0.00051907 0.0    0.01475787   -0.00869348 
5*0.0    0.00579176   -0.00020065 0.0   -0.01094863    0.00866392 5*0.0   -0.00214601   -0.00054644 0.0    0.01322361   -0.00772494 
5*0.0    0.00491475   -0.00012956 0.0   -0.00992931    0.00778042 5*0.0   -0.00130892   -0.00056143 0.0    0.01182961   -0.00685454 
5*0.0    0.00413876   -0.00007072 0.0   -0.00899511    0.00698106 5*0.0   -0.00060514   -0.00056630 0.0    0.01056517   -0.00607344 
5*0.0    0.00345451   -0.00002247 0.0   -0.00814003    0.00625850 5*0.0   -0.00001905   -0.00056301 0.0    0.00942016   -0.00537344 
5*0.0    0.00285333    0.00001666 0.0   -0.00735834    0.00560599 5*0.0    0.00046356   -0.00055321 0.0    0.00838502   -0.00474698 
5*0.0    0.00232717    0.00004797 0.0   -0.00664463    0.00501727 5*0.0    0.00085562   -0.00053834 0.0    0.00745073   -0.00418710 
5*0.0    0.00186855    0.00007261 0.0   -0.00599377    0.00448660 5*0.0    0.00116877   -0.00051958 0.0    0.00660885   -0.00368742 
5*0.0    0.00147057    0.00009156 0.0   -0.00540093    0.00400868 5*0.0    0.00141352   -0.00049796 0.0    0.00585147   -0.00324209 
5*0.0    0.00112687    0.00010571 0.0   -0.00486157    0.00357865 5*0.0    0.00159931   -0.00047433 0.0    0.00517121   -0.00284575 
5*0.0    0.00083162    0.00011582 0.0   -0.00437144    0.00319206 5*0.0    0.00173456   -0.00044939 0.0    0.00456122   -0.00249351 
5*0.0    0.00057947    0.00012256 0.0   -0.00392654    0.00284482 5*0.0    0.00182677   -0.00042372 0.0    0.00401513   -0.00218090 
5*0.0    0.00036556    0.00012651 0.0   -0.00352316    0.00253320 5*0.0    0.00188261   -0.00039779 0.0    0.00352705   -0.00190387 
5*0.0    0.00018544    0.00012815 0.0   -0.00315783    0.00225379 5*0.0    0.00190796   -0.00037200 0.0    0.00309156   -0.00165874 
5*0.0    0.00003509    0.00012793 0.0   -0.00282732    0.00200347 5*0.0    0.00190800   -0.00034665 0.0    0.00270363   -0.00144214 
5*0.0   -0.00008913    0.00012620 0.0   -0.00252866    0.00177940 5*0.0    0.00188728   -0.00032197 0.0    0.00235867   -0.00125106 
5*0.0   -0.00019050    0.00012329 0.0   -0.00225906    0.00157901 5*0.0    0.00184976   -0.00029815 0.0    0.00205246   -0.00108275 
5*0.0   -0.00027198    0.00011946 0.0   -0.00201596    0.00139995 5*0.0    0.00179887   -0.00027531 0.0    0.00178112   -0.00093475 
5*0.0   -0.00033620    0.00011494 0.0   -0.00179699    0.00124008 5*0.0    0.00173760   -0.00025356 0.0    0.00154113   -0.00080480 
5*0.0   -0.00038554    0.00010992 0.0   -0.00159998    0.00109747 5*0.0    0.00166850   -0.00023296 0.0    0.00132926   -0.00069092 
5*0.0   -0.00042211    0.00010456 0.0   -0.00142292    0.00097037 5*0.0    0.00159375   -0.00021354 0.0    0.00114259   -0.00059129 
5*0.0   -0.00044779    0.00009899 0.0   -0.00126395    0.00085718 5*0.0    0.00151521   -0.00019531 0.0    0.00097845   -0.00050429 
5*0.0   -0.00046423    0.00009332 0.0   -0.00112139    0.00075647 5*0.0    0.00143443   -0.00017827 0.0    0.00083443   -0.00042847 
5*0.0   -0.00047290    0.00008764 0.0   -0.00099368    0.00066695 5*0.0    0.00135272   -0.00016239 0.0    0.00070833   -0.00036253 
5*0.0   -0.00047509    0.00008202 0.0   -0.00087940    0.00058743 5*0.0    0.00127116   -0.00014765 0.0    0.00059820   -0.00030530 
5*0.0   -0.00047193    0.00007651 0.0   -0.00077725    0.00051687 5*0.0    0.00119062   -0.00013400 0.0    0.00050223   -0.00025575 
5*0.0   -0.00046441    0.00007117 0.0   -0.00068605    0.00045431 5*0.0    0.00111181   -0.00012140 0.0    0.00041883   -0.00021295 
5*0.0   -0.00045339    0.00006602 0.0   -0.00060471    0.00039890 5*0.0    0.00103528   -0.00010980 0.0    0.00034655   -0.00017608 
5*0.0   -0.00043961    0.00006109 0.0   -0.00053226    0.00034985 5*0.0    0.00096148   -0.00009915 0.0    0.00028409   -0.00014440 
5*0.0   -0.00042371    0.00005640 0.0   -0.00046779    0.00030649 5*0.0    0.00089072   -0.00008939 0.0    0.00023030   -0.00011727 
5*0.0   -0.00040624    0.00005195 0.0   -0.00041051    0.00026819 5*0.0    0.00082323   -0.00008046 0.0    0.00018413   -0.00009412 
5*0.0   -0.00038766    0.00004775 0.0   -0.00035965    0.00023439 5*0.0    0.00075915   -0.00007232 0.0    0.00014465   -0.00007442 
5*0.0   -0.00036838    0.00004381 0.0   -0.00031457    0.00020459 5*0.0    0.00069857   -0.00006490 0.0    0.00011105   -0.00005774 
5*0.0   -0.00034872    0.00004012 0.0   -0.00027466    0.00017834 5*0.0    0.00064153   -0.00005816 0.0    0.00008257   -0.00004367 
5*0.0   -0.00032896    0.00003667 0.0   -0.00023936    0.00015525 5*0.0    0.00058799   -0.00005205 0.0    0.00005857   -0.00003187 
5*0.0   -0.00030933    0.00003347 0.0   -0.00020819    0.00013495 5*0.0    0.00053791   -0.00004651 0.0    0.00003846   -0.00002202 
5*0.0   -0.00029002    0.00003049 0.0   -0.00018070    0.00011714 5*0.0    0.00049121   -0.00004150 0.0    0.00002173   -0.00001386 
5*0.0   -0.00027116    0.00002774 0.0   -0.00015650    0.00010151 5*0.0    0.00044778   -0.00003698 0.0    0.00000793   -0.00000714 
5*0.0   -0.00025289    0.00002520 0.0   -0.00013521    0.00008782 5*0.0    0.00040749   -0.00003291 0.0   -0.00000335   -0.00000167 
5*0.0   -0.00023528    0.00002286 0.0   -0.00011652    0.00007584 5*0.0    0.00037022   -0.00002924 0.0   -0.00001246    0.00000273 
5*0.0   -0.00021841    0.00002071 0.0   -0.00010013    0.00006537 5*0.0    0.00033581   -0.00002595 0.0   -0.00001971    0.00000624 
5*0.0   -0.00020232    0.00001873 0.0   -0.00008580    0.00005624 5*0.0    0.00030412   -0.00002300 0.0   -0.00002538    0.00000898 
5*0.0   -0.00018704    0.00001692 0.0   -0.00007327    0.00004828 5*0.0    0.00027499   -0.00002035 0.0   -0.00002970    0.00001107 
5*0.0   -0.00017258    0.00001527 0.0   -0.00006234    0.00004134 5*0.0    0.00024827   -0.00001798 0.0   -0.00003288    0.00001262 
5*0.0   -0.00015896    0.00001376 0.0   -0.00005283    0.00003532 5*0.0    0.00022381   -0.00001587 0.0   -0.00003510    0.00001372 
5*0.0   -0.00014615    0.00001239 0.0   -0.00004457    0.00003009 5*0.0    0.00020146   -0.00001398 0.0   -0.00003651    0.00001444 
5*0.0   -0.00013415    0.00001114 0.0   -0.00003741    0.00002556 5*0.0    0.00018108   -0.00001230 0.0   -0.00003727    0.00001485 
5*0.0   -0.00012294    0.00001000 0.0   -0.00003122    0.00002164 5*0.0    0.00016252   -0.00001080 0.0   -0.00003748    0.00001500 
5*0.0   -0.00011250    0.00000897 0.0   -0.00002588    0.00001825 5*0.0    0.00014564   -0.00000947 0.0   -0.00003724    0.00001495 
5*0.0   -0.00010279    0.00000804 0.0   -0.00002128    0.00001534 5*0.0    0.00013033   -0.00000830 0.0   -0.00003664    0.00001473 
5*0.0   -0.00009378    0.00000720 0.0   -0.00001734    0.00001283 5*0.0    0.00011645   -0.00000725 0.0   -0.00003576    0.00001439 
5*0.0   -0.00008544    0.00000644 0.0   -0.00001397    0.00001067 5*0.0    0.00010390   -0.00000633 0.0   -0.00003466    0.00001395 
5*0.0   -0.00007774    0.00000575 0.0   -0.00001110    0.00000883 5*0.0    0.00009257   -0.00000551 0.0   -0.00003340    0.00001343 
5*0.0   -0.00007064    0.00000513 0.0   -0.00000866    0.00000725 5*0.0    0.00008234   -0.00000479 0.0   -0.00003201    0.00001286 
5*0.0   -0.00006411    0.00000457 0.0   -0.00000660    0.00000591 5*0.0    0.00007313   -0.00000416 0.0   -0.00003055    0.00001225 
5*0.0   -0.00005811    0.00000407 0.0   -0.00000486    0.00000477 5*0.0    0.00006486   -0.00000360 0.0   -0.00002903    0.00001162 
5*0.0   -0.00005260    0.00000362 0.0   -0.00000341    0.00000380 5*0.0    0.00005742   -0.00000311 0.0   -0.00002748    0.00001098 
5*0.0   -0.00004756    0.00000322 0.0   -0.00000220    0.00000299 5*0.0    0.00005076   -0.00000268 0.0   -0.00002594    0.00001034 
5*0.0   -0.00004295    0.00000286 0.0   -0.00000121    0.00000231 5*0.0    0.00004479   -0.00000230 0.0   -0.00002441    0.00000970 
5*0.0   -0.00003874    0.00000253 0.0   -0.00000039    0.00000173 5*0.0    0.00003946   -0.00000197 0.0   -0.00002290    0.00000908 
5*0.0   -0.00003491    0.00000224 0.0    0.00000027    0.00000126 5*0.0    0.00003470   -0.00000169 0.0   -0.00002144    0.00000848 
5*0.0   -0.00003142    0.00000199 0.0    0.00000080    0.00000086 5*0.0    0.00003046   -0.00000144 0.0   -0.00002002    0.00000790 
5*0.0   -0.00002824    0.00000175 0.0    0.00000122    0.00000054 5*0.0    0.00002668   -0.00000122 0.0   -0.00001866    0.00000734 
5*0.0   -0.00002536    0.00000155 0.0    0.00000154    0.00000027 5*0.0    0.00002333   -0.00000103 0.0   -0.00001736    0.00000681 
5*0.0   -0.00002275    0.00000137 0.0    0.00000178    0.00000006 5*0.0    0.00002035   -0.00000087 0.0   -0.00001612    0.00000630 
5*0.0   -0.00002038    0.00000120 0.0    0.00000195   -0.00000011 5*0.0    0.00001771   -0.00000073 0.0   -0.00001494    0.00000583 
5*0.0   -0.00001824    0.00000106 0.0    0.00000207   -0.00000024 5*0.0    0.00001538   -0.00000061 0.0   -0.00001383    0.00000537 
5*0.0   -0.00001631    0.00000093 0.0    0.00000214   -0.00000035 5*0.0    0.00001332   -0.00000050 0.0   -0.00001278    0.00000495 
5*0.0   -0.00001457    0.00000082 0.0    0.00000217   -0.00000042 5*0.0    0.00001151   -0.00000041 0.0   -0.00001179    0.00000455 
5*0.0   -0.00001299    0.00000072 0.0    0.00000218   -0.00000048 5*0.0    0.00000991   -0.00000034 0.0   -0.00001086    0.00000418 
5*0.0   -0.00001158    0.00000063 0.0    0.00000215   -0.00000052 5*0.0    0.00000851   -0.00000027 0.0   -0.00001000    0.00000384 
5*0.0   -0.00001031    0.00000055 0.0    0.00000211   -0.00000054 5*0.0    0.00000728   -0.00000022 0.0   -0.00000919    0.00000352 
5*0.0   -0.00000916    0.00000048 0.0    0.00000205   -0.00000056 5*0.0    0.00000620   -0.00000017 0.0   -0.00000844    0.00000322 
5*0.0   -0.00000814    0.00000042 0.0    0.00000198   -0.00000056 5*0.0    0.00000526   -0.00000013 0.0   -0.00000774    0.00000294 
5*0.0   -0.00000722    0.00000037 0.0    0.00000190   -0.00000055 5*0.0    0.00000444   -0.00000010 0.0   -0.00000709    0.00000269 
5*0.0   -0.00000640    0.00000032 0.0    0.00000182   -0.00000054 5*0.0    0.00000373   -0.00000007 0.0   -0.00000649    0.00000245 
5*0.0   -0.00000566    0.00000028 0.0    0.00000173   -0.00000053 5*0.0    0.00000311   -0.00000005 0.0   -0.00000594    0.00000224 
5*0.0   -0.00000500    0.00000024 0.0    0.00000164   -0.00000051 5*0.0    0.00000258   -0.00000003 0.0   -0.00000543    0.00000204 
5*0.0   -0.00000442    0.00000021 0.0    0.00000155   -0.00000049 5*0.0    0.00000212   -0.00000001 0.0   -0.00000495    0.00000185 
5*0.0   -0.00000389    0.00000018 0.0    0.00000145   -0.00000047 5*0.0    0.00000172 2*0.0   -0.00000452    0.00000169 
5*0.0   -0.00000343    0.00000015 0.0    0.00000136   -0.00000044 5*0.0    0.00000138    0.00000001 0.0   -0.00000412    0.00000153 
5*0.0   -0.00000302    0.00000013 0.0    0.00000128   -0.00000042 5*0.0    0.00000109    0.00000002 0.0   -0.00000375    0.00000139 
5*0.0   -0.00000265    0.00000011 0.0    0.00000119   -0.00000039 5*0.0    0.00000085    0.00000003 0.0   -0.00000341    0.00000126 
5*0.0   -0.00000232    0.00000010 0.0    0.00000111   -0.00000037 5*0.0    0.00000064    0.00000003 0.0   -0.00000310    0.00000114 
5*0.0   -0.00000203    0.00000008 0.0    0.00000103   -0.00000035 5*0.0    0.00000046    0.00000003 0.0   -0.00000282    0.00000104 
5*0.0   -0.00000178    0.00000007 0.0    0.00000096   -0.00000032 5*0.0    0.00000031    0.00000003 0.0   -0.00000256    0.00000094 
5*0.0   -0.00000155    0.00000006 0.0    0.00000089   -0.00000030 5*0.0    0.00000019    0.00000004 0.0   -0.00000233    0.00000085 
5*0.0   -0.00000135    0.00000005 0.0    0.00000082   -0.00000028 5*0.0    0.00000009    0.00000004 0.0   -0.00000211    0.00000077 
5*0.0   -0.00000118    0.00000004 0.0    0.00000076   -0.00000026 5*0.0    0.00000001    0.00000004 0.0   -0.00000191    0.00000069 
5*0.0   -0.00000102    0.00000004 0.0    0.00000070   -0.00000024 5*0.0   -0.00000006    0.00000004 0.0   -0.00000173    0.00000063 
5*0.0   -0.00000088    0.00000003 0.0    0.00000064   -0.00000022 5*0.0   -0.00000011    0.00000004 0.0   -0.00000157    0.00000057 
5*0.0   -0.00000076    0.00000003 0.0    0.00000059   -0.00000020 5*0.0   -0.00000016    0.00000003 0.0   -0.00000142    0.00000051 
5*0.0   -0.00000066    0.00000002 0.0    0.00000054   -0.00000019 5*0.0   -0.00000019    0.00000003 0.0   -0.00000128    0.00000046 
5*0.0   -0.00000057    0.00000002 0.0    0.00000050   -0.00000017 5*0.0   -0.00000021    0.00000003 0.0   -0.00000116    0.00000042 
5*0.0   -0.00000049    0.00000001 0.0    0.00000046   -0.00000016 5*0.0   -0.00000023    0.00000003 0.0   -0.00000105    0.00000037 
5*0.0   -0.00000042    0.00000001 0.0    0.00000042   -0.00000014 5*0.0   -0.00000024    0.00000003 0.0   -0.00000095    0.00000034 
5*0.0   -0.00000036    0.00000001 0.0    0.00000038   -0.00000013 5*0.0   -0.00000025    0.00000003 0.0   -0.00000086    0.00000030 
5*0.0   -0.00000030    0.00000001 0.0    0.00000035   -0.00000012 5*0.0   -0.00000025    0.00000003 0.0   -0.00000077    0.00000027 
5*0.0   -0.00000026    0.00000001 0.0    0.00000032   -0.00000011 5*0.0   -0.00000025    0.00000002 0.0   -0.00000070    0.00000025 
5*0.0   -0.00000022 2*0.0    0.00000029   -0.00000010 5*0.0   -0.00000025    0.00000002 0.0   -0.00000063    0.00000022 
5*0.0   -0.00000018 2*0.0    0.00000026   -0.00000009 5*0.0   -0.00000024    0.00000002 0.0   -0.00000057    0.00000020 
5*0.0   -0.00000015 2*0.0    0.00000024   -0.00000008 5*0.0   -0.00000023    0.00000002 0.0   -0.00000051    0.00000018 
5*0.0   -0.00000013 2*0.0    0.00000022   -0.00000008 5*0.0   -0.00000023    0.00000002 0.0   -0.00000046    0.00000016 
5*0.0   -0.00000010 2*0.0    0.00000020   -0.00000007 5*0.0   -0.00000022    0.00000002 0.0   -0.00000041    0.00000014 
5*0.0   -0.00000008 2*0.0    0.00000018   -0.00000006 5*0.0   -0.00000021    0.00000002 0.0   -0.00000037    0.00000013 
5*0.0   -0.00000007 2*0.0    0.00000016   -0.00000006 5*0.0   -0.00000020    0.00000001 0.0   -0.00000033    0.00000012 
5*0.0   -0.00000005 2*0.0    0.00000015   -0.00000005 5*0.0   -0.00000019    0.00000001 0.0   -0.00000030    0.00000010 
5*0.0   -0.00000004 2*0.0    0.00000014   -0.00000005 5*0.0   -0.00000018    0.00000001 0.0   -0.00000027    0.00000009 
5*0.0   -0.00000003 2*0.0    0.00000012   -0.00000004 5*0.0   -0.00000017    0.00000001 0.0   -0.00000024    0.00000008 
5*0.0   -0.00000002 2*0.0    0.00000011   -0.00000004 5*0.0   -0.00000016    0.00000001 0.0   -0.00000022    0.00000007 
5*0.0   -0.00000002 2*0.0    0.00000010   -0.00000003 5*0.0   -0.00000015    0.00000001 0.0   -0.00000020    0.00000007 
5*0.0   -0.00000001 2*0.0    0.00000009   -0.00000003 5*0.0   -0.00000014    0.00000001 0.0   -0.00000018    0.00000006 
5*0.0   -0.00000001 2*0.0    0.00000008   -0.00000003 5*0.0   -0.00000013    0.00000001 0.0   -0.00000016    0.00000005 
8*0.0    0.00000007   -0.00000003 5*0.0   -0.00000012    0.00000001 0.0   -0.00000014    0.00000005 
8*0.0    0.00000007   -0.00000002 5*0.0   -0.00000011    0.00000001 0.0   -0.00000013    0.00000004 
8*0.0    0.00000006   -0.00000002 5*0.0   -0.00000010    0.00000001 0.0   -0.00000011    0.00000004 
8*0.0    0.00000005   -0.00000002 5*0.0   -0.00000009    0.00000001 0.0   -0.00000010    0.00000003 
5*0.0    0.00000001 2*0.0    0.00000005   -0.00000002 5*0.0   -0.00000009    0.00000001 0.0   -0.00000009    0.00000003 
5*0.0    0.00000001 2*0.0    0.00000004   -0.00000001 5*0.0   -0.00000008 2*0.0   -0.00000008    0.00000003 
5*0.0    0.00000001 2*0.0    0.00000004   -0.00000001 5*0.0   -0.00000007 2*0.0   -0.00000007    0.00000002 
5*0.0    0.00000001 2*0.0    0.00000004   -0.00000001 5*0.0   -0.00000007 2*0.0   -0.00000007    0.00000002 
5*0.0    0.00000001 2*0.0    0.00000003   -0.00000001 5*0.0   -0.00000006 2*0.0   -0.00000006    0.00000002 
5*0.0    0.00000001 2*0.0    0.00000003   -0.00000001 5*0.0   -0.00000006 2*0.0   -0.00000005    0.00000002 
5*0.0    0.00000001 2*0.0    0.00000003   -0.00000001 5*0.0   -0.00000005 2*0.0   -0.00000005    0.00000002 
