0.1, 140,
0.0, 0.0252298721, 0.0705981352, -0.0101181398, 0.0245559054, -0.0026172938, 3*0.0, 4.31, 5.0, 9*0.0,
20*0.0,
20*0.0,
20*0.0,
5*0.0    0.44991826    0.36976225 0.0    0.18130808    0.25333503 5*0.0    0.12044577    0.08567679 0.0    0.09713114    0.16861474 
5*0.0    0.33464706    0.37531353 0.0    0.09446405    0.07287767 5*0.0    0.15141451    0.09562525 0.0    0.12539079    0.18702391 
5*0.0    0.17569364    0.35564122 0.0   -0.02235118   -0.04218800 5*0.0    0.18726875    0.10786177 0.0    0.15350966    0.20451817 
5*0.0    0.00642978    0.31780571 0.0   -0.14221073   -0.10199951 5*0.0    0.22527508    0.12191161 0.0    0.17971750    0.22039926 
5*0.0   -0.15003149    0.26888608 0.0   -0.24719090   -0.12589179 5*0.0    0.26266270    0.13718887 0.0    0.20235228    0.23467821 
5*0.0   -0.28054024    0.21481271 0.0   -0.32799340   -0.13133364 5*0.0    0.29696772    0.15307483 0.0    0.22009670    0.24771656 
5*0.0   -0.37965776    0.16005290 0.0   -0.38183983   -0.13062783 5*0.0    0.32621931    0.16897556 0.0    0.23207946    0.25995846 
5*0.0   -0.44713087    0.10768895 0.0   -0.41003451   -0.13098912 5*0.0    0.34900680    0.18435921 0.0    0.23788152    0.27177336 
5*0.0   -0.48579288    0.05965713 0.0   -0.41612493   -0.13575289 5*0.0    0.36446760    0.19877679 0.0    0.23748590    0.28338704 
5*0.0   -0.49999490    0.01701182 0.0   -0.40455263   -0.14571645 5*0.0    0.37222863    0.21187041 0.0    0.23120028    0.29487080 
5*0.0   -0.49457264   -0.01982611 0.0   -0.37982027   -0.16023706 5*0.0    0.37232519    0.22337288 0.0    0.21957214    0.30616282 
5*0.0   -0.47421159   -0.05086773 0.0   -0.34602555   -0.17800733 5*0.0    0.36511344    0.23310180 0.0    0.20330835    0.31710351 
5*0.0   -0.44310405   -0.07640090 0.0   -0.30664189   -0.19754464 5*0.0    0.35118662    0.24095044 0.0    0.18320545    0.32747339 
5*0.0   -0.40480720   -0.09687280 0.0   -0.26446208   -0.21746736 5*0.0    0.33130043    0.24687722 0.0    0.16009299    0.33702732 
5*0.0   -0.36220930   -0.11281112 0.0   -0.22162993   -0.23662698 5*0.0    0.30630997    0.25089478 0.0    0.13479009    0.34552226 
5*0.0   -0.31757709   -0.12476752 0.0   -0.17971843   -0.25415100 5*0.0    0.27711858    0.25305959 0.0    0.10807401    0.35273770 
5*0.0   -0.27262923   -0.13328273 0.0   -0.13982422   -0.26943531 5*0.0    0.24463767    0.25346235 0.0    0.08065885    0.35848926 
5*0.0   -0.22862515   -0.13886482 0.0   -0.10266237   -0.28211141 5*0.0    0.20975611    0.25221942 0.0    0.05318247    0.36263650 
5*0.0   -0.18645088   -0.14197812 0.0   -0.06865381   -0.29200384 5*0.0    0.17331770    0.24946549 0.0    0.02619973    0.36508587 
5*0.0   -0.14669915   -0.14303797 0.0   -0.03799936   -0.29908681 5*0.0    0.13610510    0.24534722 0.0    0.00018051    0.36579037 
5*0.0   -0.10973742   -0.14241035 0.0   -0.01074019   -0.30344466 5*0.0    0.09882906    0.24001795 0.0   -0.02448892    0.36474654 
5*0.0   -0.07576510   -0.14041383 0.0    0.01319224   -0.30523829 5*0.0    0.06212177    0.23363339 0.0   -0.04750209    0.36198996 
5*0.0   -0.04485842   -0.13732313 0.0    0.03394103   -0.30467780 5*0.0    0.02653344    0.22634801 0.0   -0.06862696    0.35758981 
5*0.0   -0.01700598   -0.13337339 0.0    0.05169480   -0.30200134 5*0.0   -0.00746845    0.21831227 0.0   -0.08769958    0.35164309 
5*0.0    0.00786434   -0.12876458 0.0    0.06666844   -0.29745917 5*0.0   -0.03949792    0.20967035 0.0   -0.10461719    0.34426875 
5*0.0    0.02986586   -0.12366584 0.0    0.07908846   -0.29130219 5*0.0   -0.06924761    0.20055849 0.0   -0.11933112    0.33560216 
5*0.0    0.04913834   -0.11821955 0.0    0.08918364   -0.28377399 5*0.0   -0.09648467    0.19110376 0.0   -0.13183959    0.32578994 
5*0.0    0.06583774   -0.11254486 0.0    0.09717852   -0.27510556 5*0.0   -0.12104566    0.18142321 0.0   -0.14218088    0.31498535 
5*0.0    0.08012937   -0.10674104 0.0    0.10328919   -0.26551215 5*0.0   -0.14283079    0.17162336 0.0   -0.15042659    0.30334423 
5*0.0    0.09218231   -0.10089025 0.0    0.10772100   -0.25519154 5*0.0   -0.16179769    0.16179994 0.0   -0.15667540    0.29102152 
5*0.0    0.10216631   -0.09505995 0.0    0.11066713   -0.24432333 5*0.0   -0.17795483    0.15203792 0.0   -0.16104729    0.27816835 
5*0.0    0.11024923   -0.08930511 0.0    0.11230790   -0.23306901 5*0.0   -0.19135490    0.14241165 0.0   -0.16367817    0.26492965 
5*0.0    0.11659528   -0.08366997 0.0    0.11281062   -0.22157240 5*0.0   -0.20208823    0.13298524 0.0   -0.16471510    0.25144227 
5*0.0    0.12136378   -0.07818957 0.0    0.11232967   -0.20996048 5*0.0   -0.21027636    0.12381297 0.0   -0.16431200    0.23783356 
5*0.0    0.12470825   -0.07289120 0.0    0.11100679   -0.19834428 5*0.0   -0.21606587    0.11493988 0.0   -0.16262588    0.22422032 
5*0.0    0.12677544   -0.06779547 0.0    0.10897152   -0.18681995 5*0.0   -0.21962266    0.10640237 0.0   -0.15981363    0.21070818 
5*0.0    0.12770503   -0.06291735 0.0    0.10634159   -0.17546985 5*0.0   -0.22112652    0.09822887 0.0   -0.15602928    0.19739121 
5*0.0    0.12762907   -0.05826703 0.0    0.10322354   -0.16436356 5*0.0   -0.22076634    0.09044051 0.0   -0.15142169    0.18435184 
5*0.0    0.12667169   -0.05385070 0.0    0.09971322   -0.15355902 5*0.0   -0.21873571    0.08305188 0.0   -0.14613281    0.17166104 
5*0.0    0.12494894   -0.04967117 0.0    0.09589639   -0.14310353 5*0.0   -0.21522908    0.07607166 0.0   -0.14029621    0.15937859 
5*0.0    0.12256870   -0.04572843 0.0    0.09184936   -0.13303474 5*0.0   -0.21043846    0.06950338 0.0   -0.13403605    0.14755362 
5*0.0    0.11963070   -0.04202019 0.0    0.08763956   -0.12338164 5*0.0   -0.20455062    0.06334601 0.0   -0.12746639    0.13622519 
5*0.0    0.11622668   -0.03854227 0.0    0.08332622   -0.11416545 5*0.0   -0.19774476    0.05759464 0.0   -0.12069078    0.12542298 
5*0.0    0.11244050   -0.03528899 0.0    0.07896094   -0.10540053 5*0.0   -0.19019069    0.05224106 0.0   -0.11380207    0.11516802 
5*0.0    0.10834848   -0.03225345 0.0    0.07458834   -0.09709514 5*0.0   -0.18204738    0.04727434 0.0   -0.10688251    0.10547352 
5*0.0    0.10401966   -0.02942784 0.0    0.07024663   -0.08925228 5*0.0   -0.17346200    0.04268128 0.0   -0.10000396    0.09634565 
5*0.0    0.09951615   -0.02680369 0.0    0.06596822   -0.08187035 5*0.0   -0.16456920    0.03844693 0.0   -0.09322827    0.08778434 
5*0.0    0.09489354   -0.02437199 0.0    0.06178023   -0.07494387 5*0.0   -0.15549079    0.03455502 0.0   -0.08660780    0.07978409 
5*0.0    0.09020124   -0.02212347 0.0    0.05770505   -0.06846404 5*0.0   -0.14633565    0.03098828 0.0   -0.08018601    0.07233475 
5*0.0    0.08548293   -0.02004864 0.0    0.05376082   -0.06241935 5*0.0   -0.13719985    0.02772883 0.0   -0.07399807    0.06542219 
5*0.0    0.08077691   -0.01813797 0.0    0.04996189   -0.05679605 5*0.0   -0.12816705    0.02475845 0.0   -0.06807159    0.05902904 
5*0.0    0.07611652   -0.01638198 0.0    0.04631922   -0.05157863 5*0.0   -0.11930897    0.02205883 0.0   -0.06242730    0.05313533 
5*0.0    0.07153051   -0.01477130 0.0    0.04284084   -0.04675021 5*0.0   -0.11068601    0.01961178 0.0   -0.05707978    0.04771903 
5*0.0    0.06704342   -0.01329675 0.0    0.03953217   -0.04229293 5*0.0   -0.10234797    0.01739944 0.0   -0.05203814    0.04275661 
5*0.0    0.06267591   -0.01194941 0.0    0.03639634   -0.03818825 5*0.0   -0.09433484    0.01540440 0.0   -0.04730673    0.03822352 
5*0.0    0.05844509   -0.01072063 0.0    0.03343452   -0.03441724 5*0.0   -0.08667760    0.01360983 0.0   -0.04288574    0.03409460 
5*0.0    0.05436487   -0.00960209 0.0    0.03064621   -0.03096080 5*0.0   -0.07939912    0.01199957 0.0   -0.03877187    0.03034446 
5*0.0    0.05044623   -0.00858580 0.0    0.02802945   -0.02779991 5*0.0   -0.07251491    0.01055820 0.0   -0.03495888    0.02694778 
5*0.0    0.04669750   -0.00766413 0.0    0.02558105   -0.02491574 5*0.0   -0.06603404    0.00927112 0.0   -0.03143809    0.02387959 
5*0.0    0.04312464   -0.00682984 0.0    0.02329684   -0.02228986 5*0.0   -0.05995990    0.00812455 0.0   -0.02819889    0.02111551 
5*0.0    0.03973148   -0.00607605 0.0    0.02117181   -0.01990433 5*0.0   -0.05429099    0.00710554 0.0   -0.02522918    0.01863191 
5*0.0    0.03651996   -0.00539625 0.0    0.01920026   -0.01774180 5*0.0   -0.04902162    0.00620202 0.0   -0.02251575    0.01640606 
5*0.0    0.03349034   -0.00478434 0.0    0.01737602   -0.01578559 5*0.0   -0.04414262    0.00540275 0.0   -0.02004458    0.01441628 
5*0.0    0.03064139   -0.00423456 0.0    0.01569248   -0.01401971 5*0.0   -0.03964194    0.00469731 0.0   -0.01780121    0.01264195 
5*0.0    0.02797063   -0.00374153 0.0    0.01414278   -0.01242898 5*0.0   -0.03550527    0.00407612 0.0   -0.01577095    0.01106365 
5*0.0    0.02547446   -0.00330023 0.0    0.01271988   -0.01099900 5*0.0   -0.03171649    0.00353034 0.0   -0.01393911    0.00966313 
5*0.0    0.02314836   -0.00290598 0.0    0.01141667   -0.00971615 5*0.0   -0.02825819    0.00305190 0.0   -0.01229118    0.00842333 
5*0.0    0.02098701   -0.00255443 0.0    0.01022602   -0.00856766 5*0.0   -0.02511206    0.00263342 0.0   -0.01081299    0.00732841 
5*0.0    0.01898447   -0.00224155 0.0    0.00914083   -0.00754155 5*0.0   -0.02225925    0.00226821 0.0   -0.00949082    0.00636369 
5*0.0    0.01713426   -0.00196363 0.0    0.00815417   -0.00662663 5*0.0   -0.01968066    0.00195018 0.0   -0.00831152    0.00551567 
5*0.0    0.01542955   -0.00171723 0.0    0.00725922   -0.00581251 5*0.0   -0.01735727    0.00167385 0.0   -0.00726252    0.00477192 
5*0.0    0.01386320   -0.00149919 0.0    0.00644940   -0.00508953 5*0.0   -0.01527030    0.00143426 0.0   -0.00633195    0.00412109 
5*0.0    0.01242789   -0.00130664 0.0    0.00571832   -0.00444878 5*0.0   -0.01340140    0.00122699 0.0   -0.00550865    0.00355284 
5*0.0    0.01111622   -0.00113692 0.0    0.00505990   -0.00388204 5*0.0   -0.01173284    0.00104805 0.0   -0.00478218    0.00305779 
5*0.0    0.00992074   -0.00098761 0.0    0.00446829   -0.00338175 5*0.0   -0.01024759    0.00089390 0.0   -0.00414280    0.00262743 
5*0.0    0.00883408   -0.00085652 0.0    0.00393795   -0.00294101 5*0.0   -0.00892943    0.00076138 0.0   -0.00358153    0.00225411 
5*0.0    0.00784897   -0.00074164 0.0    0.00346365   -0.00255348 5*0.0   -0.00776300    0.00064769 0.0   -0.00309008    0.00193096 
5*0.0    0.00695828   -0.00064118 0.0    0.00304044   -0.00221342 5*0.0   -0.00673384    0.00055034 0.0   -0.00266083    0.00165179 
5*0.0    0.00615511   -0.00055348 0.0    0.00266371   -0.00191558 5*0.0   -0.00582844    0.00046715 0.0   -0.00228686    0.00141111 
5*0.0    0.00543278   -0.00047709 0.0    0.00232911   -0.00165522 5*0.0   -0.00503420    0.00039619 0.0   -0.00196185    0.00120403 
5*0.0    0.00478487   -0.00041066 0.0    0.00203263   -0.00142807 5*0.0   -0.00433948    0.00033577 0.0   -0.00168006    0.00102618 
5*0.0    0.00420526   -0.00035301 0.0    0.00177052   -0.00123026 5*0.0   -0.00373354    0.00028441 0.0   -0.00143634    0.00087371 
5*0.0    0.00368814   -0.00030307 0.0    0.00153934   -0.00105832 5*0.0   -0.00320653    0.00024083 0.0   -0.00122604    0.00074325 
5*0.0    0.00322799   -0.00025989 0.0    0.00133591   -0.00090914 5*0.0   -0.00274945    0.00020389 0.0   -0.00104500    0.00063179 
5*0.0    0.00281964   -0.00022262 0.0    0.00115730   -0.00077993 5*0.0   -0.00235412    0.00017263 0.0   -0.00088951    0.00053671 
5*0.0    0.00245822   -0.00019051 0.0    0.00100084   -0.00066821 5*0.0   -0.00201313    0.00014621 0.0   -0.00075625    0.00045573 
5*0.0    0.00213920   -0.00016289 0.0    0.00086409   -0.00057178 5*0.0   -0.00171981    0.00012388 0.0   -0.00064230    0.00038685 
5*0.0    0.00185837   -0.00013917 0.0    0.00074484   -0.00048868 5*0.0   -0.00146816    0.00010504 0.0   -0.00054507    0.00032832 
5*0.0    0.00161181   -0.00011883 0.0    0.00064109   -0.00041717 5*0.0   -0.00125279    0.00008914 0.0   -0.00046227    0.00027864 
5*0.0    0.00139593   -0.00010140 0.0    0.00055101   -0.00035572 5*0.0   -0.00106894    0.00007573 0.0   -0.00039190    0.00023651 
5*0.0    0.00120741   -0.00008650 0.0    0.00047298   -0.00030299 5*0.0   -0.00091234    0.00006441 0.0   -0.00033221    0.00020079 
5*0.0    0.00104322   -0.00007376 0.0    0.00040553   -0.00025779 5*0.0   -0.00077925    0.00005484 0.0   -0.00028167    0.00017052 
5*0.0    0.00090060   -0.00006289 0.0    0.00034734   -0.00021909 5*0.0   -0.00066635    0.00004676 0.0   -0.00023894    0.00014487 
5*0.0    0.00077704   -0.00005361 0.0    0.00029724   -0.00018598 5*0.0   -0.00057075    0.00003992 0.0   -0.00020288    0.00012313 
5*0.0    0.00067025   -0.00004569 0.0    0.00025418   -0.00015767 5*0.0   -0.00048990    0.00003411 0.0   -0.00017249    0.00010469 
5*0.0    0.00057819   -0.00003894 0.0    0.00021726   -0.00013348 5*0.0   -0.00042160    0.00002917 0.0   -0.00014691    0.00008903 
5*0.0    0.00049901   -0.00003317 0.0    0.00018563   -0.00011282 5*0.0   -0.00036393    0.00002496 0.0   -0.00012540    0.00007572 
5*0.0    0.00043106   -0.00002825 0.0    0.00015860   -0.00009517 5*0.0   -0.00031525    0.00002136 0.0   -0.00010734    0.00006438 
5*0.0    0.00037285   -0.00002404 0.0    0.00013551   -0.00008009 5*0.0   -0.00027413    0.00001826 0.0   -0.00009218    0.00005470 
5*0.0    0.00032309   -0.00002043 0.0    0.00011582   -0.00006720 5*0.0   -0.00023936    0.00001560 0.0   -0.00007946    0.00004642 
5*0.0    0.00028060   -0.00001734 0.0    0.00009905   -0.00005618 5*0.0   -0.00020990    0.00001329 0.0   -0.00006880    0.00003932 
5*0.0    0.00024437   -0.00001468 0.0    0.00008476   -0.00004674 5*0.0   -0.00018488    0.00001129 0.0   -0.00005986    0.00003319 
5*0.0    0.00021348   -0.00001238 0.0    0.00007260   -0.00003864 5*0.0   -0.00016356    0.00000954 0.0   -0.00005237    0.00002790 
5*0.0    0.00018716   -0.00001040 0.0    0.00006225   -0.00003170 5*0.0   -0.00014531    0.00000801 0.0   -0.00004610    0.00002330 
5*0.0    0.00016472   -0.00000868 0.0    0.00005343   -0.00002572 5*0.0   -0.00012961    0.00000667 0.0   -0.00004084    0.00001929 
5*0.0    0.00014555   -0.00000718 0.0    0.00004592   -0.00002057 5*0.0   -0.00011603    0.00000548 0.0   -0.00003642    0.00001578 
5*0.0    0.00012915   -0.00000586 0.0    0.00003950   -0.00001613 5*0.0   -0.00010421    0.00000443 0.0   -0.00003272    0.00001269 
5*0.0    0.00011507   -0.00000471 0.0    0.00003401   -0.00001229 5*0.0   -0.00009386    0.00000350 0.0   -0.00002961    0.00000995 
5*0.0    0.00010293   -0.00000370 0.0    0.00002931   -0.00000896 5*0.0   -0.00008473    0.00000267 0.0   -0.00002700    0.00000752 
5*0.0    0.00009242   -0.00000280 0.0    0.00002527   -0.00000607 5*0.0   -0.00007664    0.00000193 0.0   -0.00002481    0.00000535 
5*0.0    0.00008325   -0.00000201 0.0    0.00002179   -0.00000355 5*0.0   -0.00006941    0.00000128 0.0   -0.00002296    0.00000340 
5*0.0    0.00007520   -0.00000130 0.0    0.00001878   -0.00000137 5*0.0   -0.00006293    0.00000069 0.0   -0.00002140    0.00000164 
5*0.0    0.00006807   -0.00000067 0.0    0.00001616    0.00000054 5*0.0   -0.00005708    0.00000017 0.0   -0.00002008    0.00000005 
5*0.0    0.00006171   -0.00000011 0.0    0.00001388    0.00000219 5*0.0   -0.00005179   -0.00000030 0.0   -0.00001896   -0.00000139 
5*0.0    0.00005599    0.00000039 0.0    0.00001189    0.00000364 5*0.0   -0.00004698   -0.00000071 0.0   -0.00001801   -0.00000271 
5*0.0    0.00005079    0.00000083 0.0    0.00001013    0.00000489 5*0.0   -0.00004261   -0.00000108 0.0   -0.00001720   -0.00000392 
5*0.0    0.00004604    0.00000123 0.0    0.00000859    0.00000598 5*0.0   -0.00003863   -0.00000141 0.0   -0.00001650   -0.00000503 
5*0.0    0.00004165    0.00000158 0.0    0.00000722    0.00000692 5*0.0   -0.00003500   -0.00000171 0.0   -0.00001589   -0.00000605 
5*0.0    0.00003757    0.00000189 0.0    0.00000600    0.00000772 5*0.0   -0.00003170   -0.00000196 0.0   -0.00001535   -0.00000700 
5*0.0    0.00003377    0.00000216 0.0    0.00000492    0.00000841 5*0.0   -0.00002870   -0.00000219 0.0   -0.00001488   -0.00000787 
5*0.0    0.00003020    0.00000240 0.0    0.00000396    0.00000900 5*0.0   -0.00002598   -0.00000240 0.0   -0.00001444   -0.00000868 
5*0.0    0.00002684    0.00000261 0.0    0.00000310    0.00000948 5*0.0   -0.00002352   -0.00000258 0.0   -0.00001404   -0.00000943 
5*0.0    0.00002367    0.00000279 0.0    0.00000234    0.00000989 5*0.0   -0.00002130   -0.00000273 0.0   -0.00001367   -0.00001013 
5*0.0    0.00002067    0.00000295 0.0    0.00000165    0.00001021 5*0.0   -0.00001931   -0.00000287 0.0   -0.00001330   -0.00001078 
5*0.0    0.00001784    0.00000307 0.0    0.00000104    0.00001046 5*0.0   -0.00001752   -0.00000299 0.0   -0.00001294   -0.00001138 
5*0.0    0.00001517    0.00000318 0.0    0.00000050    0.00001065 5*0.0   -0.00001594   -0.00000310 0.0   -0.00001258   -0.00001194 
5*0.0    0.00001265    0.00000326 0.0    0.00000002    0.00001078 5*0.0   -0.00001453   -0.00000319 0.0   -0.00001221   -0.00001246 
5*0.0    0.00001027    0.00000332 0.0   -0.00000040    0.00001086 5*0.0   -0.00001330   -0.00000327 0.0   -0.00001183   -0.00001295 
5*0.0    0.00000804    0.00000337 0.0   -0.00000077    0.00001089 5*0.0   -0.00001221   -0.00000335 0.0   -0.00001144   -0.00001340 
5*0.0    0.00000595    0.00000339 0.0   -0.00000109    0.00001088 5*0.0   -0.00001127   -0.00000341 0.0   -0.00001102   -0.00001381 
5*0.0    0.00000400    0.00000341 0.0   -0.00000136    0.00001084 5*0.0   -0.00001045   -0.00000346 0.0   -0.00001058   -0.00001419 
5*0.0    0.00000218    0.00000340 0.0   -0.00000160    0.00001075 5*0.0   -0.00000974   -0.00000351 0.0   -0.00001012   -0.00001454 
5*0.0    0.00000051    0.00000339 0.0   -0.00000180    0.00001064 5*0.0   -0.00000913   -0.00000356 0.0   -0.00000963   -0.00001486 
5*0.0   -0.00000104    0.00000336 0.0   -0.00000196    0.00001050 5*0.0   -0.00000861   -0.00000360 0.0   -0.00000911   -0.00001515 
5*0.0   -0.00000245    0.00000332 0.0   -0.00000209    0.00001034 5*0.0   -0.00000815   -0.00000363 0.0   -0.00000857   -0.00001541 
5*0.0   -0.00000374    0.00000328 0.0   -0.00000220    0.00001016 5*0.0   -0.00000776   -0.00000366 0.0   -0.00000800   -0.00001565 
