0.02, 500,
 0.0    -0.1499   -0.3892, 0.0 0.0 0.0 0.0 0.0 2.0 2.0 T F
28.086 0.203089 -0.572669 0.681471 -0.335877 0.061342  3*0.0 5.05, 5.5, 9*0.0,
20*0.0,
20*0.0,
20*0.0,
20*0.0,
20*0.0,
20*0.0,
20*0.0,
20*0.0,
20*0.0,
20*0.0,
20*0.0,
20*0.0,
20*0.0,
20*0.0,
20*0.0,
20*0.0,
20*0.0,
20*0.0,
20*0.0,
5*0.0  -1.129797830060e-01  -9.268103121990e-01 0.0   2.705900933940e-01  -1.028742782550e+00 5*0.0   8.688193220270e-01   9.504643788990e-01 0.0  -1.500113220940e-01   9.390006756040e-01 
5*0.0  -7.107931990480e-02  -8.870335994350e-01 0.0   2.988113466570e-01  -1.017582689030e+00 5*0.0   8.590851669000e-01   9.463448862310e-01 0.0  -1.569635942070e-01   9.343960114180e-01 
5*0.0  -3.535908958580e-02  -8.491102442700e-01 0.0   3.228294145800e-01  -1.006396924740e+00 5*0.0   8.493270728380e-01   9.421568168710e-01 0.0  -1.637283107450e-01   9.296691867680e-01 
5*0.0  -5.433815069670e-03  -8.130589417660e-01 0.0   3.427591884780e-01  -9.948394843010e-01 5*0.0   8.395619033330e-01   9.379084536670e-01 0.0  -1.702979973680e-01   9.248202290220e-01 
5*0.0   1.910503001940e-02  -7.788786919180e-01 0.0   3.587733797990e-01  -9.826660014710e-01 5*0.0   8.298032564980e-01   9.336073327290e-01 0.0  -1.766675151850e-01   9.198502234340e-01 
5*0.0   3.867839176300e-02  -7.465520317860e-01 0.0   3.710878780160e-01  -9.697171261000e-01 5*0.0   8.200617225390e-01   9.292602672850e-01 0.0  -1.828339001940e-01   9.147613272800e-01 
5*0.0   5.371072428630e-02  -7.160479022260e-01 0.0   3.799493054030e-01  -9.559034545330e-01 5*0.0   8.103451473790e-01   9.248733760660e-01 0.0  -1.887961871050e-01   9.095567434410e-01 
5*0.0   6.462273445840e-02  -6.873241733410e-01 0.0   3.856245445340e-01  -9.411920974120e-01 5*0.0   8.006588975460e-01   9.204521151840e-01 0.0  -1.945552239830e-01   9.042406631510e-01 
5*0.0   7.182560466400e-02  -6.603298644690e-01 0.0   3.883920312750e-01  -9.255948740490e-01 5*0.0   7.910061222110e-01   9.160013125990e-01 0.0  -2.001134829730e-01   8.988181865040e-01 
5*0.0   7.571648578640e-02  -6.350070785510e-01 0.0   3.885345979840e-01  -9.091580728450e-01 5*0.0   7.813880090920e-01   9.115252043960e-01 0.0  -2.054748712890e-01   8.932952272310e-01 
5*0.0   7.667509433170e-02  -6.112926814440e-01 0.0   3.863336969250e-01  -8.919536822670e-01 5*0.0   7.718040314280e-01   9.070274721950e-01 0.0  -2.106445458200e-01   8.876784082860e-01 
5*0.0   7.506126941110e-02  -5.891197523410e-01 0.0   3.820648126800e-01  -8.740719732550e-01 5*0.0   7.622521839350e-01   9.025112811070e-01 0.0  -2.156287338890e-01   8.819749524860e-01 
5*0.0   7.121331830170e-02  -5.684188237530e-01 0.0   3.759939127830e-01  -8.556153110170e-01 5*0.0   7.527292060820e-01   8.979793177660e-01 0.0  -2.204345621390e-01   8.761925721920e-01 
5*0.0   6.544703571020e-02  -5.491189355210e-01 0.0   3.683747812910e-01  -8.366930614440e-01 5*0.0   7.432307914900e-01   8.934338279910e-01 0.0  -2.250698949470e-01   8.703393609360e-01 
5*0.0   5.805528492970e-02  -5.311485252640e-01 0.0   3.594471075020e-01  -8.174174691510e-01 5*0.0   7.337517826730e-01   8.888766537510e-01 0.0  -2.295431833420e-01   8.644236892180e-01 
5*0.0   4.930801024870e-02  -5.144361685360e-01 0.0   3.494352016440e-01  -7.979003755270e-01 5*0.0   7.242863506310e-01   8.843092691500e-01 0.0  -2.338633250580e-01   8.584541061100e-01 
5*0.0   3.945262517070e-02  -4.989111934520e-01 0.0   3.385472374220e-01  -7.782506660280e-01 5*0.0   7.148281591580e-01   8.797328151750e-01 0.0  -2.380395360070e-01   8.524392477900e-01 
5*0.0   2.871464957340e-02  -4.845041783170e-01 0.0   3.269749154730e-01  -7.585723543030e-01 5*0.0   7.053705139290e-01   8.751481330570e-01 0.0  -2.420812332690e-01   8.463877537070e-01 
5*0.0   1.729858881240e-02  -4.711473542270e-01 0.0   3.148934739720e-01  -7.389631561290e-01 5*0.0   6.959064966590e-01   8.705557960860e-01 0.0  -2.459979294580e-01   8.403081907860e-01 
5*0.0   5.388923802180e-03  -4.587749167790e-01 0.0   3.024619649660e-01  -7.195135316600e-01 5*0.0   6.864290848030e-01   8.659561397830e-01 0.0  -2.497991381930e-01   8.342089857810e-01 
5*0.0  -6.848779011820e-03  -4.473232690990e-01 0.0   2.898237402620e-01  -7.003060708470e-01 5*0.0   6.769312573800e-01   8.613492903660e-01 0.0  -2.534942902690e-01   8.280983657200e-01 
5*0.0  -1.926670261180e-02  -4.367311997590e-01 0.0   2.771070890100e-01  -6.814151705440e-01 5*0.0   6.674060876320e-01   8.567351914690e-01 0.0  -2.570926600430e-01   8.219843061950e-01 
5*0.0  -3.173359350250e-02  -4.269400073990e-01 0.0   2.644259864330e-01  -6.629069449490e-01 5*0.0   6.578468232700e-01   8.521136291020e-01 0.0  -2.606033014820e-01   8.158744871850e-01 
5*0.0  -4.413356941800e-02  -4.178935798860e-01 0.0   2.518809151030e-01  -6.448393151770e-01 5*0.0   6.482469551610e-01   8.474842548560e-01 0.0  -2.640349932650e-01   8.097762559700e-01 
5*0.0  -5.636496508790e-02  -4.095384345620e-01 0.0   2.395597240710e-01  -6.272622372430e-01 5*0.0   6.386002752810e-01   8.428466073820e-01 0.0  -2.673961923320e-01   8.036965966970e-01 
5*0.0  -6.833917636160e-02  -4.018237332350e-01 0.0   2.275385177940e-01  -6.102180340810e-01 5*0.0   6.289009248160e-01   8.382001321820e-01 0.0  -2.706949952280e-01   7.976421060810e-01 
5*0.0  -7.997959793850e-02  -3.947012625840e-01 0.0   2.158825313830e-01  -5.937417980610e-01 5*0.0   6.191434332650e-01   8.335441997700e-01 0.0  -2.739391066200e-01   7.916189747470e-01 
5*0.0  -9.122057479390e-02  -3.881254026040e-01 0.0   2.046470022560e-01  -5.778618445040e-01 5*0.0   6.093227493890e-01   8.288781222490e-01 0.0  -2.771358143520e-01   7.856329737010e-01 
5*0.0  -1.020064411890e-01  -3.820530715810e-01 0.0   1.938780076850e-01  -5.626001926460e-01 5*0.0   5.994342648290e-01   8.242011683920e-01 0.0  -2.802919704370e-01   7.796894454290e-01 
5*0.0  -1.122906041290e-01  -3.764436629830e-01 0.0   1.836132737560e-01  -5.479730613640e-01 5*0.0   5.894738311680e-01   8.195125772870e-01 0.0  -2.834139773990e-01   7.737932991560e-01 
5*0.0  -1.220346956880e-01  -3.712589706980e-01 0.0   1.738829423180e-01  -5.339913665260e-01 5*0.0   5.794377711880e-01   8.148115706220e-01 0.0  -2.865077794030e-01   7.679490097900e-01 
5*0.0  -1.312077807130e-01  -3.664631070760e-01 0.0   1.647102984860e-01  -5.206612103880e-01 5*0.0   5.693228850050e-01   8.100973637000e-01 0.0  -2.895788576540e-01   7.621606201410e-01 
5*0.0  -1.397856340460e-01  -3.620224156720e-01 0.0   1.561124486250e-01  -5.079843564810e-01 5*0.0   5.591264517550e-01   8.053691752590e-01 0.0  -2.926322295700e-01   7.564317459820e-01 
5*0.0  -1.477500650280e-01  -3.579053810160e-01 0.0   1.481009582850e-01  -4.959586855380e-01 5*0.0   5.488462274110e-01   8.006262361630e-01 0.0  -2.956724512590e-01   7.507655836090e-01 
5*0.0  -1.550883005240e-01  -3.540825364090e-01 0.0   1.406824419720e-01  -4.845786279960e-01 5*0.0   5.384804392940e-01   7.958677970710e-01 0.0  -2.987036228810e-01   7.451649195250e-01 
5*0.0  -1.617924204480e-01  -3.505263704690e-01 0.0   1.338591104090e-01  -4.738355716200e-01 5*0.0   5.280277777810e-01   7.910931351340e-01 0.0  -3.017293965060e-01   7.396321419430e-01 
5*0.0  -1.678588328570e-01  -3.472112355580e-01 0.0   1.276292771590e-01  -4.637182435880e-01 5*0.0   5.174873856570e-01   7.863015598030e-01 0.0  -3.047529860920e-01   7.341692538170e-01 
5*0.0  -1.732878053810e-01  -3.441132544710e-01 0.0   1.219878221830e-01  -4.542130646330e-01 5*0.0   5.068588455390e-01   7.814924178300e-01 0.0  -3.077771792690e-01   7.287778871270e-01 
5*0.0  -1.780830182620e-01  -3.412102331200e-01 0.0   1.169266195960e-01  -4.453044779260e-01 5*0.0   4.961421657120e-01   7.766650975110e-01 0.0  -3.108043506260e-01   7.234593181930e-01 
5*0.0  -1.822511872680e-01  -3.384815681400e-01 0.0   1.124349274800e-01  -4.369752516130e-01 5*0.0   4.853377647270e-01   7.718190322540e-01 0.0  -3.138364762290e-01   7.182144837770e-01 
5*0.0  -1.858016771430e-01  -3.359081664140e-01 0.0   1.084997469680e-01  -4.292067561330e-01 5*0.0   4.744464550350e-01   7.669537035220e-01 0.0  -3.168751491340e-01   7.130439978130e-01 
5*0.0  -1.887461844880e-01  -3.334723582000e-01 0.0   1.051061481940e-01  -4.219792180510e-01 5*0.0   4.634694258970e-01   7.620686432110e-01 0.0  -3.199215956720e-01   7.079481685560e-01 
5*0.0  -1.910984221420e-01  -3.311578209420e-01 0.0   1.022375677640e-01  -4.152719505920e-01 5*0.0   4.524082258170e-01   7.571634355210e-01 0.0  -3.229766923150e-01   7.029270160160e-01 
5*0.0  -1.928738570320e-01  -3.289494987230e-01 0.0   9.987607655190e-02  -4.090635633070e-01 5*0.0   4.412647446470e-01   7.522377183640e-01 0.0  -3.260409829630e-01   6.979802895420e-01 
5*0.0  -1.940894424460e-01  -3.268335309140e-01 0.0   9.800262825340e-02  -4.033321515210e-01 5*0.0   4.300411955600e-01   7.472911843580e-01 0.0  -3.291146964830e-01   6.931074854130e-01 
5*0.0  -1.947633918690e-01  -3.247971806900e-01 0.0   9.659728047210e-02  -3.980554667930e-01 5*0.0   4.187400969980e-01   7.423235814620e-01 0.0  -3.321977643800e-01   6.883078643550e-01 
5*0.0  -1.949149682190e-01  -3.228287670870e-01 0.0   9.563939492680e-02  -3.932110699730e-01 5*0.0   4.073642547250e-01   7.373347132630e-01 0.0  -3.352898384910e-01   6.835804688720e-01 
5*0.0  -1.945642876700e-01  -3.209176007060e-01 0.0   9.510781901440e-02  -3.887764680580e-01 5*0.0   3.959167440730e-01   7.323244389880e-01 0.0  -3.383903085830e-01   6.789241403260e-01 
5*0.0  -1.937321438040e-01  -3.190539221770e-01 0.0   9.498105119670e-02  -3.847292362420e-01 5*0.0   3.844008924520e-01   7.272926732440e-01 0.0  -3.414983197880e-01   6.743375356740e-01 
5*0.0  -1.924398479740e-01  -3.172288428240e-01 0.0   9.523738417030e-02  -3.810471254290e-01 5*0.0   3.728202621960e-01   7.222393855330e-01 0.0  -3.446127897900e-01   6.698191438320e-01 
5*0.0  -1.907090832860e-01  -3.154342892730e-01 0.0   9.585503756380e-02  -3.777081572520e-01 5*0.0   3.611786337870e-01   7.171645995710e-01 0.0  -3.477324257100e-01   6.653673015900e-01 
5*0.0  -1.885617677460e-01  -3.136629502650e-01 0.0   9.681227602600e-02  -3.746907078990e-01 5*0.0   3.494799894860e-01   7.120683924230e-01 0.0  -3.508557406280e-01   6.609802090460e-01 
5*0.0  -1.860199381890e-01  -3.119082260430e-01 0.0   9.808751113540e-02  -3.719735794410e-01 5*0.0   3.377284974160e-01   7.069508934880e-01 0.0  -3.539810697040e-01   6.566559445320e-01 
5*0.0  -1.831056359590e-01  -3.101641806630e-01 0.0   9.965939546160e-02  -3.695360630980e-01 5*0.0   3.259284961000e-01   7.018122833610e-01 0.0  -3.571065858700e-01   6.523924789850e-01 
5*0.0  -1.798408141610e-01  -3.084254961470e-01 0.0   1.015069004430e-01  -3.673579913130e-01 5*0.0   3.140844794650e-01   6.966527925680e-01 0.0  -3.602303150380e-01   6.481876897690e-01 
5*0.0  -1.762472449830e-01  -3.066874298170e-01 0.0   1.036093891590e-01  -3.654197831850e-01 5*0.0   3.022010823370e-01   6.914727002140e-01 0.0  -3.633501508410e-01   6.440393738980e-01 
5*0.0  -1.723464409980e-01  -3.049457736240e-01 0.0   1.059466771450e-01  -3.637024807970e-01 5*0.0   2.902830664040e-01   6.862723325500e-01 0.0  -3.664638688520e-01   6.399452606800e-01 
5*0.0  -1.681595872750e-01  -3.031968152790e-01 0.0   1.084990832250e-01  -3.621877804640e-01 5*0.0   2.783353066580e-01   6.810520614690e-01 0.0  -3.695691402920e-01   6.359030237520e-01 
5*0.0  -1.637074764820e-01  -3.014373019600e-01 0.0   1.112474760070e-01  -3.608580541320e-01 5*0.0   2.663627783160e-01   6.758123029480e-01 0.0  -3.726635452140e-01   6.319102925230e-01 
5*0.0  -1.590104556660e-01  -2.996644062380e-01 0.0   1.141733097130e-01  -3.596963685860e-01 5*0.0   2.543705441950e-01   6.705535154470e-01 0.0  -3.757445851490e-01   6.279646630000e-01 
5*0.0  -1.540883789760e-01  -2.978756931040e-01 0.0   1.172586551270e-01  -3.586864972690e-01 5*0.0   2.423637425480e-01   6.652761982730e-01 0.0  -3.788096952250e-01   6.240637080250e-01 
5*0.0  -1.489605655580e-01  -2.960690898830e-01 0.0   1.204862237040e-01  -3.578129280590e-01 5*0.0   2.303475753430e-01   6.599808899140e-01 0.0  -3.818562557520e-01   6.202049869170e-01 
5*0.0  -1.436457685280e-01  -2.942428568750e-01 0.0   1.238393861820e-01  -3.570608665070e-01 5*0.0   2.183272969790e-01   6.546681663620e-01 0.0  -3.848816032770e-01   6.163860545200e-01 
5*0.0  -1.381621422440e-01  -2.923955608530e-01 0.0   1.273021866890e-01  -3.564162354070e-01 5*0.0   2.063082034180e-01   6.493386394160e-01 0.0  -3.878830411170e-01   6.126044696880e-01 
5*0.0  -1.325272222970e-01  -2.905260491330e-01 0.0   1.308593509630e-01  -3.558656705810e-01 5*0.0   1.942956217320e-01   6.439929549870e-01 0.0  -3.908578493730e-01   6.088578031930e-01 
5*0.0  -1.267579051080e-01  -2.886334257580e-01 0.0   1.344962928640e-01  -3.553965141430e-01 5*0.0   1.822949000490e-01   6.386317913910e-01 0.0  -3.938032944360e-01   6.051436450900e-01 
5*0.0  -1.208704325880e-01  -2.867170297890e-01 0.0   1.381991133540e-01  -3.549968045560e-01 5*0.0   1.703113978870e-01   6.332558576600e-01 0.0  -3.967166379870e-01   6.014596115450e-01 
5*0.0  -1.148803918570e-01  -2.847764123860e-01 0.0   1.419545982150e-01  -3.546552646410e-01 5*0.0   1.583504768650e-01   6.278658918520e-01 0.0  -3.995951455190e-01   5.978033511370e-01 
5*0.0  -1.088026959320e-01  -2.828113196360e-01 0.0   1.457502159680e-01  -3.543612874160e-01 5*0.0   1.464174917800e-01   6.224626593710e-01 0.0  -4.024360943630e-01   5.941725506630e-01 
5*0.0  -1.026515932360e-01  -2.808216719530e-01 0.0   1.495741054730e-01  -3.541049201900e-01 5*0.0   1.345177820470e-01   6.170469513120e-01 0.0  -4.052367812530e-01   5.905649404460e-01 
5*0.0  -9.644066225990e-02  -2.788075486240e-01 0.0   1.534150690120e-01  -3.538768472160e-01 5*0.0   1.226566634770e-01   6.116195828090e-01 0.0  -4.079945294420e-01   5.869782991820e-01 
5*0.0  -9.018281889900e-02  -2.767691704630e-01 0.0   1.572625580040e-01  -3.536683709870e-01 5*0.0   1.108394204060e-01   6.061813914210e-01 0.0  -4.107066953540e-01   5.834104583260e-01 
5*0.0  -8.389032264130e-02  -2.747068856080e-01 0.0   1.611066592880e-01  -3.534713927110e-01 5*0.0   9.907129815190e-02   6.007332355190e-01 0.0  -4.133706748220e-01   5.798593060510e-01 
5*0.0  -7.757478340900e-02  -2.726211556810e-01 0.0   1.649380802130e-01  -3.532783917230e-01 5*0.0   8.735749579100e-02   5.952759927180e-01 0.0  -4.159839088920e-01   5.763227907850e-01 
5*0.0  -7.124717599300e-02  -2.705125428060e-01 0.0   1.687481301290e-01  -3.530824043210e-01 5*0.0   7.570315926240e-02   5.898105583190e-01 0.0  -4.185438892290e-01   5.727989243530e-01 
5*0.0  -6.491785033310e-02  -2.683816975470e-01 0.0   1.725287040300e-01  -3.528770025140e-01 5*0.0   6.411337477630e-02   5.843378437830e-01 0.0  -4.210481631250e-01   5.692857847400e-01 
5*0.0  -5.859654790880e-02  -2.662293479280e-01 0.0   1.762722623020e-01  -3.526562718070e-01 5*0.0   5.259316253200e-02   5.788587752400e-01 0.0  -4.234943381180e-01   5.657815184900e-01 
5*0.0  -5.229241480980e-02  -2.640562895690e-01 0.0   1.799718122510e-01  -3.524147895250e-01 5*0.0   4.114747073550e-02   5.733742920150e-01 0.0  -4.258800862520e-01   5.622843427650e-01 
5*0.0  -4.601402260680e-02  -2.618633757380e-01 0.0   1.836208868180e-01  -3.521476026530e-01 5*0.0   2.978116991300e-02   5.678853451950e-01 0.0  -4.282031479770e-01   5.587925470710e-01 
5*0.0  -3.976938277540e-02  -2.596515089960e-01 0.0   1.872135251950e-01  -3.518502058760e-01 5*0.0   1.849904751640e-02   5.623928962200e-01 0.0  -4.304613356960e-01   5.553044946880e-01 
5*0.0  -3.356596672600e-02  -2.574216333420e-01 0.0   1.907442515340e-01  -3.515185200390e-01 5*0.0   7.305802812950e-03   5.568979155110e-01 0.0  -4.326525369910e-01   5.518186237950e-01 
5*0.0  -2.741072443340e-02  -2.551747266350e-01 0.0   1.942080545860e-01  -3.511488704290e-01 5*0.0  -3.793957940200e-03   5.514013811270e-01 0.0  -4.347747175250e-01   5.483334483300e-01 
5*0.0  -2.131010437020e-02  -2.529117940690e-01 0.0   1.976003669110e-01  -3.507379658970e-01 5*0.0  -1.479572604440e-02   5.459042774560e-01 0.0  -4.368259236310e-01   5.448475585890e-01 
5*0.0  -1.527007302620e-02  -2.506338621250e-01 0.0   2.009170440570e-01  -3.502828780890e-01 5*0.0  -2.569509463330e-02   5.404075939420e-01 0.0  -4.388042846140e-01   5.413596215790e-01 
5*0.0  -9.296135250770e-03  -2.483419728700e-01 0.0   2.041543443990e-01  -3.497810213170e-01 5*0.0  -3.648776267620e-02   5.349123238400e-01 0.0  -4.407080147600e-01   5.378683811500e-01 
5*0.0  -3.393353833380e-03  -2.460371789600e-01 0.0   2.073089092350e-01  -3.492301329090e-01 5*0.0  -4.716953871460e-02   5.294194630090e-01 0.0  -4.425354150780e-01   5.343726579110e-01 
5*0.0   2.433631321930e-03  -2.437205391880e-01 0.0   2.103777429590e-01  -3.486282542040e-01 5*0.0  -5.773634433620e-02   5.239300087420e-01 0.0  -4.442848747800e-01   5.308713489490e-01 
5*0.0   8.180580885460e-03  -2.413931141200e-01 0.0   2.133581934970e-01  -3.479737116440e-01 5*0.0  -6.818421738990e-02   5.184449586240e-01 0.0  -4.459548725060e-01   5.273634273670e-01 
5*0.0   1.384363989950e-02  -2.390559625930e-01 0.0   2.162479341380e-01  -3.472650997540e-01 5*0.0  -7.850931494600e-02   5.129653094300e-01 0.0  -4.475439773170e-01   5.238479416480e-01 
5*0.0   1.941931649050e-02  -2.367101382080e-01 0.0   2.190449446000e-01  -3.465012632390e-01 5*0.0  -8.870791600510e-02   5.074920560530e-01 0.0  -4.490508494500e-01   5.203240148620e-01 
5*0.0   2.490446297940e-02  -2.343566863670e-01 0.0   2.217474940960e-01  -3.456812807840e-01 5*0.0  -9.877642396080e-02   5.020261904740e-01 0.0  -4.504742408660e-01   5.167908437350e-01 
5*0.0   3.029626081710e-02  -2.319966419850e-01 0.0   2.243541231930e-01  -3.448044491650e-01 5*0.0  -1.087113688200e-01   4.965687007600e-01 0.0  -4.518129955800e-01   5.132476975760e-01 
5*0.0   3.559219657040e-02  -2.296310261970e-01 0.0   2.268636284850e-01  -3.438702682070e-01 5*0.0  -1.185094091830e-01   4.911205700970e-01 0.0  -4.530660498000e-01   5.096939170890e-01 
5*0.0   4.079005188250e-02  -2.272608456760e-01 0.0   2.292750454560e-01  -3.428784260170e-01 5*0.0  -1.281673339960e-01   4.856827758640e-01 0.0  -4.542324318720e-01   5.061289130710e-01 
5*0.0   4.588788077600e-02  -2.248870893400e-01 0.0   2.315876343260e-01  -3.418287854260e-01 5*0.0  -1.376820640660e-01   4.802562887360e-01 0.0  -4.553112620570e-01   5.025521650140e-01 
5*0.0   5.088399633200e-02  -2.225107278420e-01 0.0   2.338008645340e-01  -3.407213708090e-01 5*0.0  -1.470506533610e-01   4.748420718220e-01 0.0  -4.563017521280e-01   4.989632196110e-01 
5*0.0   5.577695513070e-02  -2.201327119070e-01 0.0   2.359144011030e-01  -3.395563554160e-01 5*0.0  -1.562702900820e-01   4.694410798410e-01 0.0  -4.572032048110e-01   4.953616891900e-01 
5*0.0   6.056554181890e-02  -2.177539708570e-01 0.0   2.379280914030e-01  -3.383340497640e-01 5*0.0  -1.653382975320e-01   4.640542583250e-01 0.0  -4.580150130810e-01   4.917472500680e-01 
5*0.0   6.524875369450e-02  -2.153754120790e-01 0.0   2.398419520120e-01  -3.370548903140e-01 5*0.0  -1.742521347670e-01   4.586825428650e-01 0.0  -4.587366593110e-01   4.881196408460e-01 
5*0.0   6.982578926430e-02  -2.129979199620e-01 0.0   2.416561569560e-01  -3.357194288900e-01 5*0.0  -1.830093970500e-01   4.533268583840e-01 0.0  -4.593677142850e-01   4.844786606520e-01 
5*0.0   7.429603315210e-02  -2.106223553710e-01 0.0   2.433710259280e-01  -3.343283226000e-01 5*0.0  -1.916078161030e-01   4.479881184440e-01 0.0  -4.599078360920e-01   4.808241673310e-01 
5*0.0   7.865904434800e-02  -2.082495550060e-01 0.0   2.449870134650e-01  -3.328823245290e-01 5*0.0  -2.000452601750e-01   4.426672245890e-01 0.0  -4.603567689050e-01   4.771560756000e-01 
5*0.0   8.291454444120e-02  -2.058803311080e-01 0.0   2.465046986750e-01  -3.313822748210e-01 5*0.0  -2.083197339160e-01   4.373650657200e-01 0.0  -4.607143416410e-01   4.734743551640e-01 
5*0.0   8.706240594330e-02  -2.035154711310e-01 0.0   2.479247751940e-01  -3.298290923270e-01 5*0.0  -2.164293780780e-01   4.320825174970e-01 0.0  -4.609804665280e-01   4.697790288170e-01 
5*0.0   9.110264203050e-02  -2.011557375780e-01 0.0   2.492480423370e-01  -3.282237666420e-01 5*0.0  -2.243724690370e-01   4.268204417820e-01 0.0  -4.611551375780e-01   4.660701705060e-01 
5*0.0   9.503539578330e-02  -1.988018679360e-01 0.0   2.504753959680e-01  -3.265673510840e-01 5*0.0  -2.321474181530e-01   4.215796861030e-01 0.0  -4.612384289710e-01   4.623479033960e-01 
5*0.0   9.886093136110e-02  -1.964545746870e-01 0.0   2.516078206560e-01  -3.248609555710e-01 5*0.0  -2.397527709660e-01   4.163610831600e-01 0.0  -4.612304933580e-01   4.586123979130e-01 
5*0.0   1.025796238830e-01  -1.941145452250e-01 0.0   2.526463815630e-01  -3.231057402180e-01 5*0.0  -2.471872062380e-01   4.111654503540e-01 0.0  -4.611315600970e-01   4.548638697930e-01 
5*0.0   1.061919522040e-01  -1.917824423180e-01 0.0   2.535922176680e-01  -3.213029094480e-01 5*0.0  -2.544495348440e-01   4.059935893440e-01 0.0  -4.609419334150e-01   4.511025781200e-01 
5*0.0   1.096984895830e-01  -1.894589039230e-01 0.0   2.544465345970e-01  -3.194537064250e-01 5*0.0  -2.615386985270e-01   4.008462856460e-01 0.0  -4.606619905180e-01   4.473288233800e-01 
5*0.0   1.130998969700e-01  -1.871445437000e-01 0.0   2.552105983310e-01  -3.175594077100e-01 5*0.0  -2.684537685130e-01   3.957243082430e-01 0.0  -4.602921796430e-01   4.435429455140e-01 
5*0.0   1.163969155190e-01  -1.848399512150e-01 0.0   2.558857293030e-01  -3.156213185130e-01 5*0.0  -2.751939439960e-01   3.906284092430e-01 0.0  -4.598330180580e-01   4.397453219870e-01 
5*0.0   1.195903599620e-01  -1.825456922420e-01 0.0   2.564732968760e-01  -3.136407683010e-01 5*0.0  -2.817585505080e-01   3.855593235460e-01 0.0  -4.592850900310e-01   4.359363658750e-01 
5*0.0   1.226811123720e-01  -1.802623091560e-01 0.0   2.569747137870e-01  -3.116191063210e-01 5*0.0  -2.881470381580e-01   3.805177685520e-01 0.0  -4.586490447540e-01   4.321165239640e-01 
5*0.0   1.256701167380e-01  -1.779903213990e-01 0.0   2.573914318000e-01  -3.095576981030e-01 5*0.0  -2.943589797810e-01   3.755044438940e-01 0.0  -4.579255942340e-01   4.282862748800e-01 
5*0.0   1.285583721310e-01  -1.757302257020e-01 0.0   2.577249365630e-01  -3.074579216540e-01 5*0.0  -3.003940689650e-01   3.705200311850e-01 0.0  -4.571155111670e-01   4.244461272330e-01 
5*0.0   1.313469294600e-01  -1.734824967400e-01 0.0   2.579767439190e-01  -3.053211642490e-01 5*0.0  -3.062521179920e-01   3.655651938120e-01 0.0  -4.562196267770e-01   4.205966177960e-01 
5*0.0   1.340368852440e-01  -1.712475874360e-01 0.0   2.581483955580e-01  -3.031488193060e-01 5*0.0  -3.119330556880e-01   3.606405767330e-01 0.0  -4.552388286530e-01   4.167383097100e-01 
5*0.0   1.366293775560e-01  -1.690259295100e-01 0.0   2.582414555590e-01  -3.009422836430e-01 5*0.0  -3.174369251780e-01   3.557468063120e-01 0.0  -4.541740585640e-01   4.128717907190e-01 
5*0.0   1.391255823180e-01  -1.668179339450e-01 0.0   2.582575069430e-01  -2.987029548680e-01 5*0.0  -3.227638815770e-01   3.508844901750e-01 0.0  -4.530263102640e-01   4.089976714390e-01 
5*0.0   1.415267087180e-01  -1.646239914410e-01 0.0   2.581981484280e-01  -2.964322290400e-01 5*0.0  -3.279141895950e-01   3.460542170850e-01 0.0  -4.517966273040e-01   4.051165836620e-01 
5*0.0   1.438339960170e-01  -1.624444729170e-01 0.0   2.580649914700e-01  -2.941314982810e-01 5*0.0  -3.328882210870e-01   3.412565568450e-01 0.0  -4.504861008290e-01   4.012291786940e-01 
5*0.0   1.460487102300e-01  -1.602797300510e-01 0.0   2.578596576930e-01  -2.918021490810e-01 5*0.0  -3.376864525310e-01   3.364920602180e-01 0.0  -4.490958673930e-01   3.973361257340e-01 
5*0.0   1.481721407190e-01  -1.581300957280e-01 0.0   2.575837761230e-01  -2.894455601590e-01 5*0.0  -3.423094624590e-01   3.317612588700e-01 0.0  -4.476271067670e-01   3.934381102860e-01 
5*0.0   1.502055977030e-01  -1.559958845710e-01 0.0   2.572389809940e-01  -2.870631010450e-01 5*0.0  -3.467579288320e-01   3.270646653350e-01 0.0  -4.460810397710e-01   3.895358326130e-01 
5*0.0   1.521504088690e-01  -1.538773933950e-01 0.0   2.568269095540e-01  -2.846561302750e-01 5*0.0  -3.510326263790e-01   3.224027729980e-01 0.0  -4.444589261040e-01   3.856300062350e-01 
5*0.0   1.540079178900e-01  -1.517749017750e-01 0.0   2.563491998030e-01  -2.822259943380e-01 5*0.0  -3.551344238850e-01   3.177760560950e-01 0.0  -4.427620622050e-01   3.817213564590e-01 
5*0.0   1.557794815800e-01  -1.496886724910e-01 0.0   2.558074887010e-01  -2.797740261400e-01 5*0.0  -3.590642814570e-01   3.131849697360e-01 0.0  -4.409917791220e-01   3.778106189590e-01 
5*0.0   1.574664832260e-01  -1.476189523390e-01 0.0   2.552034120300e-01  -2.773015433530e-01 5*0.0  -3.628232477530e-01   3.086299499440e-01 0.0  -4.391494404090e-01   3.738985383890e-01 
5*0.0   1.590702627060e-01  -1.455659711280e-01 0.0   2.545385984350e-01  -2.748098489010e-01 5*0.0  -3.664124571890e-01   3.041114137060e-01 0.0  -4.372364400400e-01   3.699858670510e-01 
5*0.0   1.605921694250e-01  -1.435299433610e-01 0.0   2.538146729250e-01  -2.723002283680e-01 5*0.0  -3.698331271290e-01   2.996297590530e-01 0.0  -4.352542003610e-01   3.660733635900e-01 
5*0.0   1.620337179080e-01  -1.415110722860e-01 0.0   2.530332534290e-01  -2.697739498900e-01 5*0.0  -3.730865550580e-01   2.951853651400e-01 0.0  -4.332041700540e-01   3.621617917410e-01 
5*0.0   1.633962272730e-01  -1.395095421980e-01 0.0   2.521959485990e-01  -2.672322634120e-01 5*0.0  -3.761741157420e-01   2.907785923540e-01 0.0  -4.310878221480e-01   3.582519191180e-01 
5*0.0   1.646810936910e-01  -1.375255251130e-01 0.0   2.513043578700e-01  -2.646763997840e-01 5*0.0  -3.790972583870e-01   2.864097824280e-01 0.0  -4.289066520470e-01   3.543445160420e-01 
5*0.0   1.658897139360e-01  -1.355591794980e-01 0.0   2.503600699750e-01  -2.621075702580e-01 5*0.0  -3.818575037950e-01   2.820792585770e-01 0.0  -4.266621756070e-01   3.504403544150e-01 
5*0.0   1.670234847200e-01  -1.336106507390e-01 0.0   2.493646619710e-01  -2.595269660470e-01 5*0.0  -3.844564415150e-01   2.777873256380e-01 0.0  -4.243559272300e-01   3.465402066320e-01 
5*0.0   1.680837993770e-01  -1.316800714910e-01 0.0   2.483196982730e-01  -2.569357575630e-01 5*0.0  -3.868957270090e-01   2.735342702300e-01 0.0  -4.219894580150e-01   3.426448445360e-01 
5*0.0   1.690720540140e-01  -1.297675622860e-01 0.0   2.472267300580e-01  -2.543350941890e-01 5*0.0  -3.891770788190e-01   2.693203609240e-01 0.0  -4.195643339300e-01   3.387550384210e-01 
5*0.0   1.699896408290e-01  -1.278732317700e-01 0.0   2.460872940840e-01  -2.517261039210e-01 5*0.0  -3.913022757540e-01   2.651458484210e-01 0.0  -4.170821340310e-01   3.348715560630e-01 
5*0.0   1.708379326700e-01  -1.259971768410e-01 0.0   2.449029120740e-01  -2.491098929300e-01 5*0.0  -3.932731540860e-01   2.610109657470e-01 0.0  -4.145444487210e-01   3.309951618060e-01 
5*0.0   1.716183156160e-01  -1.241394836970e-01 0.0   2.436750902630e-01  -2.464875454000e-01 5*0.0  -3.950916047670e-01   2.569159284510e-01 0.0  -4.119528780500e-01   3.271266156790e-01 
5*0.0   1.723321630870e-01  -1.223002277320e-01 0.0   2.424053185480e-01  -2.438601232110e-01 5*0.0  -3.967595706720e-01   2.528609348220e-01 0.0  -4.093090300520e-01   3.232666725530e-01 
5*0.0   1.729808415700e-01  -1.204794739990e-01 0.0   2.410950699940e-01  -2.412286657790e-01 5*0.0  -3.982790438620e-01   2.488461661040e-01 0.0  -4.066145191330e-01   3.194160813430e-01 
5*0.0   1.735657101800e-01  -1.186772776160e-01 0.0   2.397458003080e-01  -2.385941899140e-01 5*0.0  -3.996520628740e-01   2.448717867310e-01 0.0  -4.038709644920e-01   3.155755842420e-01 
5*0.0   1.740881199690e-01  -1.168936840730e-01 0.0   2.383589473920e-01  -2.359576897070e-01 5*0.0  -4.008807100450e-01   2.409379445580e-01 0.0  -4.010799885970e-01   3.117459159990e-01 
5*0.0   1.745494134180e-01  -1.151287295980e-01 0.0   2.369359308100e-01  -2.333201363890e-01 5*0.0  -4.019671088620e-01   2.370447711130e-01 0.0  -3.982432156940e-01   3.079278032270e-01 
5*0.0   1.749509238340e-01  -1.133824414950e-01 0.0   2.354781514670e-01  -2.306824783140e-01 5*0.0  -4.029134213570e-01   2.331923818410e-01 0.0  -3.953622703670e-01   3.041219637510e-01 
5*0.0   1.752939749160e-01  -1.116548384520e-01 0.0   2.339869912020e-01  -2.280456408970e-01 5*0.0  -4.037218455250e-01   2.293808763710e-01 0.0  -3.924387761430e-01   3.003291059980e-01 
5*0.0   1.755798802880e-01  -1.099459308760e-01 0.0   2.324638124790e-01  -2.254105267370e-01 5*0.0  -4.043946127900e-01   2.256103387740e-01 0.0  -3.894743541370e-01   2.965499284080e-01 
5*0.0   1.758099429300e-01  -1.082557211600e-01 0.0   2.309099580420e-01  -2.227780154040e-01 5*0.0  -4.049339855090e-01   2.218808378320e-01 0.0  -3.864706217430e-01   2.927851188950e-01 
5*0.0   1.759854549640e-01  -1.065842040230e-01 0.0   2.293267506040e-01  -2.201489635510e-01 5*0.0  -4.053422545160e-01   2.181924273200e-01 0.0  -3.834291913780e-01   2.890353543270e-01 
5*0.0   1.761076973170e-01  -1.049313667970e-01 0.0   2.277154927250e-01  -2.175242051660e-01 5*0.0  -4.056217367120e-01   2.145451462790e-01 0.0  -3.803516692550e-01   2.853013000510e-01 
5*0.0   1.761779391030e-01  -1.032971896620e-01 0.0   2.260774665160e-01  -2.149045515060e-01 5*0.0  -4.057747726980e-01   2.109390193020e-01 0.0  -3.772396542160e-01   2.815836094410e-01 
5*0.0   1.761974377060e-01  -1.016816459960e-01 0.0   2.244139334170e-01  -2.122907910830e-01 5*0.0  -4.058037244530e-01   2.073740568210e-01 0.0  -3.740947365990e-01   2.778829234810e-01 
5*0.0   1.761674381140e-01  -1.000847025630e-01 0.0   2.227261339800e-01  -2.096836900090e-01 5*0.0  -4.057109730650e-01   2.038502553970e-01 0.0  -3.709184971570e-01   2.741998703800e-01 
5*0.0   1.760891728990e-01  -9.850631982940e-02 0.0   2.210152878160e-01  -2.070839919040e-01 5*0.0  -4.054989165040e-01   2.003675980140e-01 0.0  -3.677125060120e-01   2.705350652120e-01 
5*0.0   1.759638618060e-01  -9.694645217170e-02 0.0   2.192825934250e-01  -2.044924182560e-01 5*0.0  -4.051699674450e-01   1.969260543770e-01 0.0  -3.644783216590e-01   2.668891095860e-01 
5*0.0   1.757927116650e-01  -9.540504816230e-02 0.0   2.175292280620e-01  -2.019096684740e-01 5*0.0  -4.047265511470e-01   1.935255812060e-01 0.0  -3.612174900140e-01   2.632625913500e-01 
5*0.0   1.755769161660e-01  -9.388205079650e-02 0.0   2.157563476510e-01  -1.993364199210e-01 5*0.0  -4.041711033740e-01   1.901661225390e-01 0.0  -3.579315434960e-01   2.596560843100e-01 
5*0.0   1.753176554040e-01  -9.237739766520e-02 0.0   2.139650866880e-01  -1.967733284600e-01 5*0.0  -4.035060683770e-01   1.868476100320e-01 0.0  -3.546220001620e-01   2.560701479860e-01 
5*0.0   1.750160961000e-01  -9.089102127240e-02 0.0   2.121565582690e-01  -1.942210282530e-01 5*0.0  -4.027338969190e-01   1.835699632630e-01 0.0  -3.512903628770e-01   2.525053273900e-01 
5*0.0   1.746733912010e-01  -8.942284919770e-02 0.0   2.103318539190e-01  -1.916801322690e-01 5*0.0  -4.018570443580e-01   1.803330900320e-01 0.0  -3.479381185230e-01   2.489621528240e-01 
5*0.0   1.742906796830e-01  -8.797280430050e-02 0.0   2.084920436800e-01  -1.891512323560e-01 5*0.0  -4.008779687830e-01   1.771368866650e-01 0.0  -3.445667372570e-01   2.454411397100e-01 
5*0.0   1.738690865450e-01  -8.654080495080e-02 0.0   2.066381759870e-01  -1.866348994420e-01 5*0.0  -3.997991291980e-01   1.739812383210e-01 0.0  -3.411776717990e-01   2.419427884360e-01 
5*0.0   1.734097226100e-01  -8.512676521880e-02 0.0   2.047712777850e-01  -1.841316839000e-01 5*0.0  -3.986229837650e-01   1.708660192930e-01 0.0  -3.377723567660e-01   2.384675842290e-01 
5*0.0   1.729136844270e-01  -8.373059505620e-02 0.0   2.028923544970e-01  -1.816421156970e-01 5*0.0  -3.973519880960e-01   1.677910933080e-01 0.0  -3.343522080400e-01   2.350159970440e-01 
5*0.0   1.723820541550e-01  -8.235220050560e-02 0.0   2.010023900420e-01  -1.791667047000e-01 5*0.0  -3.959885936040e-01   1.647563138350e-01 0.0  -3.309186221760e-01   2.315884814800e-01 
5*0.0   1.718158995100e-01  -8.099148387860e-02 0.0   1.991023469100e-01  -1.767059408540e-01 5*0.0  -3.945352458980e-01   1.617615243800e-01 0.0  -3.274729758480e-01   2.281854767100e-01 
5*0.0   1.712162735600e-01  -7.964834389790e-02 0.0   1.971931662260e-01  -1.742602945540e-01 5*0.0  -3.929943832400e-01   1.588065587920e-01 0.0  -3.240166253260e-01   2.248074064360e-01 
5*0.0   1.705842148190e-01  -7.832267591790e-02 0.0   1.952757677850e-01  -1.718302169170e-01 5*0.0  -3.913684350490e-01   1.558912415570e-01 0.0  -3.205509059940e-01   2.214546788540e-01 
5*0.0   1.699207470800e-01  -7.701437206930e-02 0.0   1.933510501310e-01  -1.694161398630e-01 5*0.0  -3.896598204630e-01   1.530153880960e-01 0.0  -3.170771319030e-01   2.181276866500e-01 
5*0.0   1.692268793090e-01  -7.572332140140e-02 0.0   1.914198907350e-01  -1.670184767300e-01 5*0.0  -3.878709469510e-01   1.501788050590e-01 0.0  -3.135965953490e-01   2.148268069940e-01 
5*0.0   1.685036057360e-01  -7.444941008020e-02 0.0   1.894831460190e-01  -1.646376222890e-01 5*0.0  -3.860042089700e-01   1.473812906200e-01 0.0  -3.101105664960e-01   2.115524015700e-01 
5*0.0   1.677519057070e-01  -7.319252151000e-02 0.0   1.875416515030e-01  -1.622739532330e-01 5*0.0  -3.840619866890e-01   1.446226347650e-01 0.0  -3.066202930220e-01   2.083048166080e-01 
5*0.0   1.669727436860e-01  -7.195253648580e-02 0.0   1.855962219310e-01  -1.599278282690e-01 5*0.0  -3.820466447480e-01   1.419026195810e-01 0.0  -3.031269998030e-01   2.050843829330e-01 
5*0.0   1.661670691980e-01  -7.072933334090e-02 0.0   1.836476514140e-01  -1.575995886380e-01 5*0.0  -3.799605310820e-01   1.392210195410e-01 0.0  -2.996318886210e-01   2.018914160370e-01 
5*0.0   1.653358168950e-01  -6.952278809030e-02 0.0   1.816967135590e-01  -1.552895583060e-01 5*0.0  -3.778059757800e-01   1.365776017860e-01 0.0  -2.961361379080e-01   1.987262161500e-01 
5*0.0   1.644799064580e-01  -6.833277455230e-02 0.0   1.797441616950e-01  -1.529980442640e-01 5*0.0  -3.755852900070e-01   1.339721264070e-01 0.0  -2.926409025150e-01   1.955890683370e-01 
5*0.0   1.636002426600e-01  -6.715916449370e-02 0.0   1.777907289390e-01  -1.507253369060e-01 5*0.0  -3.733007649700e-01   1.314043467150e-01 0.0  -2.891473135090e-01   1.924802425970e-01 
5*0.0   1.626977152930e-01  -6.600182775300e-02 0.0   1.758371284110e-01  -1.484717103160e-01 5*0.0  -3.709546709270e-01   1.288740095220e-01 0.0  -2.856564780010e-01   1.893999939850e-01 
5*0.0   1.617731992400e-01  -6.486063234510e-02 0.0   1.738840534660e-01  -1.462374225450e-01 5*0.0  -3.685492562520e-01   1.263808554050e-01 0.0  -2.821694789960e-01   1.863485627310e-01 
5*0.0   1.608275545020e-01  -6.373544461100e-02 0.0   1.719321778150e-01  -1.440227159880e-01 5*0.0  -3.660867465400e-01   1.239246189750e-01 0.0  -2.786873752700e-01   1.833261743800e-01 
5*0.0   1.598616261710e-01  -6.262612931060e-02 0.0   1.699821558010e-01  -1.418278177130e-01 5*0.0  -3.635693437640e-01   1.215050291360e-01 0.0  -2.752112012720e-01   1.803330399400e-01 
5*0.0   1.588762445200e-01  -6.153254974760e-02 0.0   1.680346224990e-01  -1.396529397370e-01 5*0.0  -3.609992254720e-01   1.191218093490e-01 0.0  -2.717419670540e-01   1.773693560350e-01 
5*0.0   1.578722249750e-01  -6.045456786540e-02 0.0   1.660901940560e-01  -1.374982793810e-01 5*0.0  -3.583785440300e-01   1.167746778850e-01 0.0  -2.682806582130e-01   1.744353050710e-01 
5*0.0   1.568503682010e-01  -5.939204436280e-02 0.0   1.641494677800e-01  -1.353640195500e-01 5*0.0  -3.557094259110e-01   1.144633480740e-01 0.0  -2.648282358700e-01   1.715310554080e-01 
5*0.0   1.558114601310e-01  -5.834483879370e-02 0.0   1.622130224810e-01  -1.332503291360e-01 5*0.0  -3.529939710230e-01   1.121875285540e-01 0.0  -2.613856366580e-01   1.686567615400e-01 
5*0.0   1.547562720680e-01  -5.731280966480e-02 0.0   1.602814186430e-01  -1.311573632990e-01 5*0.0  -3.502342520810e-01   1.099469235140e-01 0.0  -2.579537727370e-01   1.658125642860e-01 
5*0.0   1.536855606560e-01  -5.629581452590e-02 0.0   1.583551986430e-01  -1.290852637540e-01 5*0.0  -3.474323140220e-01   1.077412329360e-01 0.0  -2.545335318290e-01   1.629985909770e-01 
5*0.0   1.526000680430e-01  -5.529371007680e-02 0.0   1.564348870760e-01  -1.270341591480e-01 5*0.0  -3.445901734560e-01   1.055701528230e-01 0.0  -2.511257772700e-01   1.602149556650e-01 
5*0.0   1.515005218570e-01  -5.430635223780e-02 0.0   1.545209908710e-01  -1.250041653510e-01 5*0.0  -3.417098181570e-01   1.034333754360e-01 0.0  -2.477313480820e-01   1.574617593250e-01 
5*0.0   1.503876353760e-01  -5.333359625220e-02 0.0   1.526139996960e-01  -1.229953858280e-01 5*0.0  -3.387932065960e-01   1.013305895200e-01 0.0  -2.443510590590e-01   1.547390900630e-01 
5*0.0   1.492621075430e-01  -5.237529675950e-02 0.0   1.507143860900e-01  -1.210079119180e-01 5*0.0  -3.358422675090e-01   9.926148052160e-02 0.0  -2.409857008780e-01   1.520470233410e-01 
5*0.0   1.481246230630e-01  -5.143130788470e-02 0.0   1.488226057860e-01  -1.190418231160e-01 5*0.0  -3.328588994980e-01   9.722573081210e-02 0.0  -2.376360402170e-01   1.493856221920e-01 
5*0.0   1.469758525310e-01  -5.050148331210e-02 0.0   1.469390979390e-01  -1.170971874560e-01 5*0.0  -3.298449706760e-01   9.522301989810e-02 0.0  -2.343028198940e-01   1.467549374450e-01 
5*0.0   1.458164524910e-01  -4.958567636120e-02 0.0   1.450642854300e-01  -1.151740617990e-01 5*0.0  -3.268023183370e-01   9.325302463160e-02 0.0  -2.309867590210e-01   1.441550079560e-01 
5*0.0   1.446470655270e-01  -4.868374005770e-02 0.0   1.431985751020e-01  -1.132724921640e-01 5*0.0  -3.237327486690e-01   9.131541941480e-02 0.0  -2.276885531680e-01   1.415858608420e-01 
5*0.0   1.434683204290e-01  -4.779552721720e-02 0.0   1.413423580400e-01  -1.113925139950e-01 5*0.0  -3.206380364900e-01   8.940987640060e-02 0.0  -2.244088745440e-01   1.390475117090e-01 
5*0.0   1.422808322120e-01  -4.692089048630e-02 0.0   1.394960098560e-01  -1.095341525200e-01 5*0.0  -3.175199250280e-01   8.753606568820e-02 0.0  -2.211483721890e-01   1.365399648970e-01 
5*0.0   1.410852023290e-01  -4.605968244280e-02 0.0   1.376598909510e-01  -1.076974230050e-01 5*0.0  -3.143801257180e-01   8.569365551510e-02 0.0  -2.179076721820e-01   1.340632137170e-01 
5*0.0   1.398820186910e-01  -4.521175563200e-02 0.0   1.358343467730e-01  -1.058823310710e-01 5*0.0  -3.112203180400e-01   8.388231244410e-02 0.0  -2.146873778530e-01   1.316172406920e-01 
5*0.0   1.386718558670e-01  -4.437696263990e-02 0.0   1.340197081620e-01  -1.040888730510e-01 5*0.0  -3.080421493830e-01   8.210170154610e-02 0.0  -2.114880700110e-01   1.292020178010e-01 
5*0.0   1.374552751730e-01  -4.355515615460e-02 0.0   1.322162915520e-01  -1.023170361960e-01 5*0.0  -3.048472349340e-01   8.035148657890e-02 0.0  -2.083103071850e-01   1.268175067260e-01 
5*0.0   1.362328247750e-01  -4.274618901110e-02 0.0   1.304243992780e-01  -1.005667989950e-01 5*0.0  -3.016371575990e-01   7.863133016040e-02 0.0  -2.051546258680e-01   1.244636590950e-01 
5*0.0   1.350050398900e-01  -4.194991426270e-02 0.0   1.286443198820e-01  -9.883813152850e-02 5*0.0  -2.984134679460e-01   7.694089393920e-02 0.0  -2.020215407710e-01   1.221404167300e-01 
5*0.0   1.337724428380e-01  -4.116618521670e-02 0.0   1.268763283630e-01  -9.713099563400e-02 5*0.0  -2.951776841780e-01   7.527983875950e-02 0.0  -1.989115450930e-01   1.198477118940e-01 
5*0.0   1.325355432530e-01  -4.039485550030e-02 0.0   1.251206864650e-01  -9.544534529170e-02 5*0.0  -2.919312921270e-01   7.364782482200e-02 0.0  -1.958251107910e-01   1.175854675380e-01 
5*0.0   1.312948381850e-01  -3.963577910120e-02 0.0   1.233776429580e-01  -9.378112683940e-02 5*0.0  -2.886757452730e-01   7.204451184090e-02 0.0  -1.927626888580e-01   1.153535975500e-01 
5*0.0   1.300508122290e-01  -3.888881041090e-02 0.0   1.216474339210e-01  -9.213827926600e-02 5*0.0  -2.854124647890e-01   7.046955919620e-02 0.0  -1.897247096120e-01   1.131520070000e-01 
5*0.0   1.288039377280e-01  -3.815380428290e-02 0.0   1.199302830260e-01  -9.051673448500e-02 5*0.0  -2.821428396000e-01   6.892262608230e-02 0.0  -1.867115829920e-01   1.109805923880e-01 
5*0.0   1.275546748630e-01  -3.743061606190e-02 0.0   1.182264017930e-01  -8.891641759240e-02 5*0.0  -2.788682264710e-01   6.740337165140e-02 0.0  -1.837236988520e-01   1.088392418890e-01 
5*0.0   1.263034718360e-01  -3.671910163560e-02 0.0   1.165359898960e-01  -8.733724711850e-02 5*0.0  -2.755899501160e-01   6.591145515420e-02 0.0  -1.807614272670e-01   1.067278356000e-01 
5*0.0   1.250507649950e-01  -3.601911746350e-02 0.0   1.148592354060e-01  -8.577913527260e-02 5*0.0  -2.723093033170e-01   6.444653607500e-02 0.0  -1.778251188470e-01   1.046462457830e-01 
5*0.0   1.237969790470e-01  -3.533052063130e-02 0.0   1.131963151080e-01  -8.424198823680e-02 5*0.0  -2.690275470730e-01   6.300827426370e-02 0.0  -1.749151050470e-01   1.025943371060e-01 
5*0.0   1.225425271330e-01  -3.465316886980e-02 0.0   1.115473947290e-01  -8.272570638350e-02 5*0.0  -2.657459107600e-01   6.159633006380e-02 0.0  -1.720316984840e-01   1.005719668870e-01 
5*0.0   1.212878110580e-01  -3.398692059910e-02 0.0   1.099126292410e-01  -8.123018449050e-02 5*0.0  -2.624655923100e-01   6.021036443530e-02 0.0  -1.691751932630e-01   9.857898533420e-02 
5*0.0   1.200332214060e-01  -3.333163496260e-02 0.0   1.082921631040e-01  -7.975531202990e-02 5*0.0  -2.591877584090e-01   5.885003907530e-02 0.0  -1.663458652990e-01   9.661523578160e-02 
5*0.0   1.187791377270e-01  -3.268717185390e-02 0.0   1.066861305500e-01  -7.830097335180e-02 5*0.0  -2.559135447060e-01   5.751501653330e-02 0.0  -1.635439726490e-01   9.468055492670e-02 
5*0.0   1.175259286780e-01  -3.205339194970e-02 0.0   1.050946558450e-01  -7.686704796560e-02 5*0.0  -2.526440560390e-01   5.620496032360e-02 0.0  -1.607697558360e-01   9.277477306410e-02 
5*0.0   1.162739522140e-01  -3.143015674020e-02 0.0   1.035178535430e-01  -7.545341071190e-02 5*0.0  -2.493803666790e-01   5.491953503300e-02 0.0  -1.580234381870e-01   9.089771431760e-02 
5*0.0   1.150235557210e-01  -3.081732855080e-02 0.0   1.019558287490e-01  -7.405993199040e-02 5*0.0  -2.461235205820e-01   5.365840642590e-02 0.0  -1.553052261650e-01   8.904919686990e-02 
5*0.0   1.137750761910e-01  -3.021477058070e-02 0.0   1.004086773460e-01  -7.268647803670e-02 5*0.0  -2.428745316550e-01   5.242124154490e-02 0.0  -1.526153097060e-01   8.722903318940e-02 
5*0.0   1.125288404540e-01  -2.962234691060e-02 0.0   9.887648633140e-02  -7.133291095780e-02 5*0.0  -2.396343840360e-01   5.120770880780e-02 0.0  -1.499538625550e-01   8.543703025530e-02 
5*0.0   1.112851652150e-01  -2.903992253930e-02 0.0   9.735933396500e-02  -6.999908919660e-02 5*0.0  -2.364040323870e-01   5.001747810130e-02 0.0  -1.473210426010e-01   8.367298977940e-02 
5*0.0   1.100443572600e-01  -2.846736338830e-02 0.0   9.585729006360e-02  -6.868486750970e-02 5*0.0  -2.331844021930e-01   4.885022087120e-02 0.0  -1.447169922220e-01   8.193670842520e-02 
5*0.0   1.088067137330e-01  -2.790453634710e-02 0.0   9.437041622770e-02  -6.739009720590e-02 5*0.0  -2.299763900740e-01   4.770561020900e-02 0.0  -1.421418386140e-01   8.022797802460e-02 
5*0.0   1.075725222400e-01  -2.735130930130e-02 0.0   9.289876615690e-02  -6.611462647920e-02 5*0.0  -2.267808641070e-01   4.658332093520e-02 0.0  -1.395956941370e-01   7.854658579120e-02 
5*0.0   1.063420608980e-01  -2.680755108800e-02 0.0   9.144238575910e-02  -6.485830035940e-02 5*0.0  -2.235986641580e-01   4.548302967890e-02 0.0  -1.370786566460e-01   7.689231453130e-02 
5*0.0   1.051155986680e-01  -2.627313158510e-02 0.0   9.000131348870e-02  -6.362096111560e-02 5*0.0  -2.204306022180e-01   4.440441495470e-02 0.0  -1.345908098360e-01   7.526494285070e-02 
5*0.0   1.038933954410e-01  -2.574792169060e-02 0.0   8.857558050100e-02  -6.240244827550e-02 5*0.0  -2.172774627510e-01   4.334715723610e-02 0.0  -1.321322235670e-01   7.366424535970e-02 
5*0.0   1.026757022750e-01  -2.523179335900e-02 0.0   8.716521095440e-02  -6.120259885970e-02 5*0.0  -2.141400030490e-01   4.231093902550e-02 0.0  -1.297029542110e-01   7.208999287370e-02 
5*0.0   1.014627613600e-01  -2.472461957010e-02 0.0   8.577022212880e-02  -6.002124754080e-02 5*0.0  -2.110189535930e-01   4.129544492160e-02 0.0  -1.273030449760e-01   7.054195261160e-02 
5*0.0   1.002548064910e-01  -2.422627442050e-02 0.0   8.439062480530e-02  -5.885822686090e-02 5*0.0  -2.079150184180e-01   4.030036168310e-02 0.0  -1.249325262430e-01   6.901988839030e-02 
5*0.0   9.905206298980e-02  -2.373663305180e-02 0.0   8.302642329790e-02  -5.771336721180e-02 5*0.0  -2.048288754890e-01   3.932537829030e-02 0.0  -1.225914158930e-01   6.752356081580e-02 
5*0.0   9.785474795880e-02  -2.325557172560e-02 0.0   8.167761578800e-02  -5.658649723130e-02 5*0.0  -2.017611770760e-01   3.837018600280e-02 0.0  -1.202797196380e-01   6.605272747150e-02 
5*0.0   9.666307044190e-02  -2.278296779540e-02 0.0   8.034419447550e-02  -5.547744373950e-02 5*0.0  -1.987125501400e-01   3.743447841510e-02 0.0  -1.179974313480e-01   6.460714310230e-02 
5*0.0   9.547723155280e-02  -2.231869973240e-02 0.0   7.902614581290e-02  -5.438603199980e-02 5*0.0  -1.956835967170e-01   3.651795150910e-02 0.0  -1.157445333680e-01   6.318655979600e-02 
5*0.0   9.429742467340e-02  -2.186264713180e-02 0.0   7.772345070760e-02  -5.331208586220e-02 5*0.0  -1.926748943110e-01   3.562030370360e-02 0.0  -1.135209968460e-01   6.179072716100e-02 
5*0.0   9.312383568780e-02  -2.141469073770e-02 0.0   7.643608465240e-02  -5.225542782160e-02 5*0.0  -1.896869962900e-01   3.474123590170e-02 0.0  -1.113267820490e-01   6.041939250000e-02 
5*0.0   9.195664286900e-02  -2.097471239460e-02 0.0   7.516401804280e-02  -5.121587919300e-02 5*0.0  -1.867204322800e-01   3.388045153530e-02 0.0  -1.091618386790e-01   5.907230098110e-02 
5*0.0   9.079601742390e-02  -2.054259513430e-02 0.0   7.390721623770e-02  -5.019326026320e-02 5*0.0  -1.837757085690e-01   3.303765660670e-02 0.0  -1.070261061820e-01   5.774919580450e-02 
5*0.0   8.964212330110e-02  -2.011822311080e-02 0.0   7.266563978580e-02  -4.918739038570e-02 5*0.0  -1.808533085050e-01   3.221255972810e-02 0.0  -1.049195140640e-01   5.644981836660e-02 
5*0.0   8.849511755360e-02  -1.970148164780e-02 0.0   7.143924467370e-02  -4.819808806760e-02 5*0.0  -1.779536929050e-01   3.140487215900e-02 0.0  -1.028419821910e-01   5.517390841960e-02 
5*0.0   8.735515042830e-02  -1.929225722440e-02 0.0   7.022798238890e-02  -4.722517118130e-02 5*0.0  -1.750773004550e-01   3.061430784010e-02 0.0  -1.007934210970e-01   5.392120422810e-02 
5*0.0   8.622236552110e-02  -1.889043748900e-02 0.0   6.903180018900e-02  -4.626845693190e-02 5*0.0  -1.722245481230e-01   2.984058342600e-02 0.0  -9.877373228040e-02   5.269144272240e-02 
5*0.0   8.509689985520e-02  -1.849591124240e-02 0.0   6.785064119250e-02  -4.532776210700e-02 5*0.0  -1.693958315610e-01   2.908341831520e-02 0.0  -9.678280849910e-02   5.148435964750e-02 
5*0.0   8.397888422260e-02  -1.810856847110e-02 0.0   6.668444461130e-02  -4.440290310640e-02 5*0.0  -1.665915255160e-01   2.834253467770e-02 0.0  -9.482053406560e-02   5.029968970940e-02 
5*0.0   8.286844309620e-02  -1.772830032110e-02 0.0   6.553314587930e-02  -4.349369604500e-02 5*0.0  -1.638119842370e-01   2.761765748070e-02 0.0  -9.288678513340e-02   4.913716671710e-02 
5*0.0   8.176569492810e-02  -1.735499911470e-02 0.0   6.439667679530e-02  -4.259995687800e-02 5*0.0  -1.610575418830e-01   2.690851451220e-02 0.0  -9.098142998240e-02   4.799652372210e-02 
5*0.0   8.067075223800e-02  -1.698855834010e-02 0.0   6.327496571300e-02  -4.172150144010e-02 5*0.0  -1.583285129300e-01   2.621483640240e-02 0.0  -8.910432929900e-02   4.687749315320e-02 
5*0.0   7.958372177280e-02  -1.662887266800e-02 0.0   6.216793765090e-02  -4.085814559010e-02 5*0.0  -1.556251925790e-01   2.553635664320e-02 0.0  -8.725533645350e-02   4.577980694870e-02 
5*0.0   7.850470462130e-02  -1.627583793110e-02 0.0   6.107551449570e-02  -4.000970530170e-02 5*0.0  -1.529478571590e-01   2.487281160600e-02 0.0  -8.543429777220e-02   4.470319668510e-02 
5*0.0   7.743379637570e-02  -1.592935113570e-02 0.0   5.999761506090e-02  -3.917599667410e-02 5*0.0  -1.502967645320e-01   2.422394055720e-02 0.0  -8.364105280640e-02   4.364739370160e-02 
5*0.0   7.637108722720e-02  -1.558931045060e-02 0.0   5.893415531880e-02  -3.835683608020e-02 5*0.0  -1.476721544970e-01   2.358948567200e-02 0.0  -8.187543459630e-02   4.261212922220e-02 
5*0.0   7.531666219070e-02  -1.525561522860e-02 0.0   5.788504845270e-02  -3.755204022360e-02 5*0.0  -1.450742491920e-01   2.296919204670e-02 0.0  -8.013726993170e-02   4.159713447390e-02 
5*0.0   7.427060110380e-02  -1.492816596680e-02 0.0   5.685020506970e-02  -3.676142620660e-02 5*0.0  -1.425032534880e-01   2.236280770910e-02 0.0  -7.842637960790e-02   4.060214080140e-02 
5*0.0   7.323297886490e-02  -1.460686433730e-02 0.0   5.582953324600e-02  -3.598481160150e-02 5*0.0  -1.399593553910e-01   2.177008362720e-02 0.0  -7.674257867700e-02   3.962687977860e-02 
5*0.0   7.220386550550e-02  -1.429161316370e-02 0.0   5.482293871130e-02  -3.522201452540e-02 5*0.0  -1.374427264330e-01   2.119077371600e-02 0.0  -7.508567669570e-02   3.867108331750e-02 
5*0.0   7.118332635840e-02  -1.398231643120e-02 0.0   5.383032495840e-02  -3.447285368420e-02 5*0.0  -1.349535220650e-01   2.062463484360e-02 0.0  -7.345547796810e-02   3.773448377220e-02 
5*0.0   7.017142209730e-02  -1.367887926780e-02 0.0   5.285159334940e-02  -3.373714847230e-02 5*0.0  -1.324918820470e-01   2.007142683480e-02 0.0  -7.185178178480e-02   3.681681404150e-02 
5*0.0   6.916820894910e-02  -1.338120795360e-02 0.0   5.188664322390e-02  -3.301471897510e-02 5*0.0  -1.300579308310e-01   1.953091247380e-02 0.0  -7.027438265640e-02   3.591780766720e-02 
5*0.0   6.817373877240e-02  -1.308920990540e-02 0.0   5.093537205110e-02  -3.230538610910e-02 5*0.0  -1.276517779460e-01   1.900285750530e-02 0.0  -6.872307054430e-02   3.503719892940e-02 
5*0.0   6.718805917670e-02  -1.280279368490e-02 0.0   4.999767549090e-02  -3.160897158440e-02 5*0.0  -1.252735183780e-01   1.848703063420e-02 0.0  -6.719763108580e-02   3.417472293900e-02 
5*0.0   6.621121362670e-02  -1.252186897690e-02 0.0   4.907344751360e-02  -3.092529800040e-02 5*0.0  -1.229232329440e-01   1.798320352430e-02 0.0  -6.569784581530e-02   3.333011572680e-02 
5*0.0   6.524324157470e-02  -1.224634659830e-02 0.0   4.816258053830e-02  -3.025418890810e-02 5*0.0  -1.206009886650e-01   1.749115079490e-02 0.0  -6.422349238090e-02   3.250311432960e-02 
5*0.0   6.428417856200e-02  -1.197613848200e-02 0.0   4.726496545950e-02  -2.959546883280e-02 5*0.0  -1.183068391380e-01   1.701065001750e-02 0.0  -6.277434475700e-02   3.169345687370e-02 
5*0.0   6.333405632230e-02  -1.171115767910e-02 0.0   4.638049183710e-02  -2.894896333050e-02 5*0.0  -1.160408248950e-01   1.654148170950e-02 0.0  -6.135017345200e-02   3.090088265450e-02 
5*0.0   6.239290290130e-02  -1.145131834600e-02 0.0   4.550904790660e-02  -2.831449900800e-02 5*0.0  -1.138029737700e-01   1.608342932870e-02 0.0  -5.995074571190e-02   3.012513221460e-02 
5*0.0   6.146074273980e-02  -1.119653573920e-02 0.0   4.465052070160e-02  -2.769190360500e-02 5*0.0  -1.115933012520e-01   1.563627926520e-02 0.0  -5.857582571950e-02   2.936594741740e-02 
5*0.0   6.053759679660e-02  -1.094672621090e-02 0.0   4.380479616000e-02  -2.708100598140e-02 5*0.0  -1.094118108380e-01   1.519982083280e-02 0.0  -5.722517478910e-02   2.862307151930e-02 
5*0.0   5.962348265640e-02  -1.070180720320e-02 0.0   4.297175919260e-02  -2.648163619680e-02 5*0.0  -1.072584943850e-01   1.477384625950e-02 0.0  -5.589855155720e-02   2.789624923830e-02 
5*0.0   5.871841456500e-02  -1.046169723160e-02 0.0   4.215129375250e-02  -2.589362552260e-02 5*0.0  -1.051333324510e-01   1.435815067680e-02 0.0  -5.459571216840e-02   2.718522682000e-02 
5*0.0   5.782240362110e-02  -1.022631589190e-02 0.0   4.134328293220e-02  -2.531680646590e-02 5*0.0  -1.030362946340e-01   1.395253210800e-02 0.0  -5.331641045730e-02   2.648975210070e-02 
5*0.0   5.693545780630e-02  -9.995583839970e-03 0.0   4.054760904250e-02  -2.475101282420e-02 5*0.0  -1.009673399100e-01   1.355679145570e-02 0.0  -5.206039812590e-02   2.580957456900e-02 
5*0.0   5.605758209880e-02  -9.769422794940e-03 0.0   3.976415368440e-02  -2.419607967850e-02 5*0.0  -9.892641696350e-02   1.317073248870e-02 0.0  -5.082742491740e-02   2.514444542280e-02 
5*0.0   5.518877853750e-02  -9.547755516070e-03 0.0   3.899279780920e-02  -2.365184346570e-02 5*0.0  -9.691346451090e-02   1.279416182710e-02 0.0  -4.961723878480e-02   2.449411762570e-02 
5*0.0   5.432904635110e-02  -9.330505813730e-03 0.0   3.823342181490e-02  -2.311814197130e-02 5*0.0  -9.492841162470e-02   1.242688892800e-02 0.0  -4.842958605590e-02   2.385834595960e-02 
5*0.0   5.347838201370e-02  -9.117598524430e-03 0.0   3.748590557740e-02  -2.259481434150e-02 5*0.0  -9.297117804860e-02   1.206872606920e-02 0.0  -4.726421159420e-02   2.323688707550e-02 
5*0.0   5.263677935470e-02  -8.908959515990e-03 0.0   3.675012855800e-02  -2.208170115040e-02 5*0.0  -9.104167451050e-02   1.171948833270e-02 0.0  -4.612085895570e-02   2.262949954150e-02 
5*0.0   5.180422962130e-02  -8.704515669170e-03 0.0   3.602596982670e-02  -2.157864436060e-02 5*0.0  -8.913980302880e-02   1.137899358780e-02 0.0  -4.499927054080e-02   2.203594388860e-02 
5*0.0   5.098072156210e-02  -8.504194876140e-03 0.0   3.531330814830e-02  -2.108548740020e-02 5*0.0  -8.726545721490e-02   1.104706247260e-02 0.0  -4.389918774370e-02   2.145598265460e-02 
5*0.0   5.016624151290e-02  -8.307926023110e-03 0.0   3.461202204140e-02  -2.060207514570e-02 5*0.0  -8.541852257070e-02   1.072351837600e-02 0.0  -4.282035109610e-02   2.088938042450e-02 
5*0.0   4.936077346990e-02  -8.115638992500e-03 0.0   3.392198981870e-02  -2.012825393040e-02 5*0.0  -8.359887678120e-02   1.040818741810e-02 0.0  -4.176250040850e-02   2.033590387030e-02 
5*0.0   4.856429917010e-02  -7.927264647950e-03 0.0   3.324308966060e-02  -1.966387158720e-02 5*0.0  -8.180639000160e-02   1.010089843080e-02 0.0  -4.072537490630e-02   1.979532178730e-02 
5*0.0   4.777679815560e-02  -7.742734823250e-03 0.0   3.257519965150e-02  -1.920877744660e-02 5*0.0  -8.004092514050e-02   9.801482937110e-03 0.0  -3.970871336270e-02   1.926740512880e-02 
5*0.0   4.699824786560e-02  -7.561982321460e-03 0.0   3.191819784210e-02  -1.876282233330e-02 5*0.0  -7.830233813720e-02   9.509775130760e-03 0.0  -3.871225422800e-02   1.875192703890e-02 
5*0.0   4.622862369260e-02  -7.384940899670e-03 0.0   3.127196229180e-02  -1.832585861350e-02 5*0.0  -7.659047823480e-02   9.225611854580e-03 0.0  -3.773573575430e-02   1.824866288290e-02 
5*0.0   4.546789903640e-02  -7.211545258550e-03 0.0   3.063637112270e-02  -1.789774016970e-02 5*0.0  -7.490518824750e-02   8.948832578850e-03 0.0  -3.677889611740e-02   1.775739027590e-02 
5*0.0   4.471604539990e-02  -7.041731039070e-03 0.0   3.001130255510e-02  -1.747832243000e-02 5*0.0  -7.324630482380e-02   8.679279379070e-03 0.0  -3.584147353430e-02   1.727788910930e-02 
5*0.0   4.397303245010e-02  -6.875434811030e-03 0.0   2.939663496840e-02  -1.706746236200e-02 5*0.0  -7.161365870460e-02   8.416796913360e-03 0.0  -3.492320637730e-02   1.680994157550e-02 
5*0.0   4.323882806580e-02  -6.712594060950e-03 0.0   2.879224692340e-02  -1.666501848180e-02 5*0.0  -7.000707497550e-02   8.161232399420e-03 0.0  -3.402383328480e-02   1.635333219090e-02 
5*0.0   4.251339841870e-02  -6.553147188580e-03 0.0   2.819801720940e-02  -1.627085087160e-02 5*0.0  -6.842637331540e-02   7.912435591200e-03 0.0  -3.314309326830e-02   1.590784781700e-02 
5*0.0   4.179670800870e-02  -6.397033490400e-03 0.0   2.761382488910e-02  -1.588482116830e-02 5*0.0  -6.687136823920e-02   7.670258755150e-03 0.0  -3.228072581590e-02   1.547327767930e-02 
5*0.0   4.108871976540e-02  -6.244193158570e-03 0.0   2.703954933530e-02  -1.550679257790e-02 5*0.0  -6.534186933640e-02   7.434556646250e-03 0.0  -3.143647099240e-02   1.504941338530e-02 
5*0.0   4.038939507160e-02  -6.094567266480e-03 0.0   2.647507025370e-02  -1.513662986540e-02 5*0.0  -6.383768150410e-02   7.205186483640e-03 0.0  -3.061006953620e-02   1.463604894000e-02 
5*0.0   3.969869382830e-02  -5.948097759120e-03 0.0   2.592026773710e-02  -1.477419937080e-02 5*0.0  -6.235860517550e-02   6.982007926090e-03 0.0  -2.980126295260e-02   1.423298076050e-02 
5*0.0   3.901657451700e-02  -5.804727446900e-03 0.0   2.537502228320e-02  -1.441936900440e-02 5*0.0  -6.090443654370e-02   6.764883047150e-03 0.0  -2.900979360430e-02   1.384000768840e-02 
5*0.0   3.834299425360e-02  -5.664399996070e-03 0.0   2.483921482530e-02  -1.407200823980e-02 5*0.0  -5.947496778030e-02   6.553676310090e-03 0.0  -2.823540479820e-02   1.345693100120e-02 
5*0.0   3.767790883200e-02  -5.527059915880e-03 0.0   2.431272677870e-02  -1.373198811980e-02 5*0.0  -5.806998724960e-02   6.348254542630e-03 0.0  -2.747784086900e-02   1.308355442150e-02 
5*0.0   3.702127278410e-02  -5.392652553300e-03 0.0   2.379544004910e-02  -1.339918126110e-02 5*0.0  -5.668927971800e-02   6.148486911480e-03 0.0  -2.673684726040e-02   1.271968412580e-02 
5*0.0   3.637303943360e-02  -5.261124083110e-03 0.0   2.328723707780e-02  -1.307346183770e-02 5*0.0  -5.533262655840e-02   5.954244896750e-03 0.0  -2.601217060260e-02   1.236512875070e-02 
5*0.0   3.573316093900e-02  -5.132421497490e-03 0.0   2.278800085930e-02  -1.275470559580e-02 5*0.0  -5.399980595010e-02   5.765402266130e-03 0.0  -2.530355878690e-02   1.201969939830e-02 
5*0.0   3.510158833730e-02  -5.006492596630e-03 0.0   2.229761495990e-02  -1.244278982980e-02 5*0.0  -5.269059307440e-02   5.581835049020e-03 0.0  -2.461076103750e-02   1.168320964080e-02 
5*0.0   3.447827159720e-02  -4.883285981010e-03 0.0   2.181596355880e-02  -1.213759339370e-02 5*0.0  -5.140476030480e-02   5.403421510470e-03 0.0  -2.393352798060e-02   1.135547552260e-02 
5*0.0   3.386315967050e-02  -4.762751042510e-03 0.0   2.134293145650e-02  -1.183899669440e-02 5*0.0  -5.014207739370e-02   5.230042125090e-03 0.0  -2.327161171020e-02   1.103631556220e-02 
5*0.0   3.325620052450e-02  -4.644837954220e-03 0.0   2.087840410650e-02  -1.154688168460e-02 5*0.0  -4.890231165380e-02   5.061579550810e-03 0.0  -2.262476585160e-02   1.072555075230e-02 
5*0.0   3.265734118870e-02  -4.529497659580e-03 0.0   2.042226762420e-02  -1.126113184800e-02 5*0.0  -4.768522813500e-02   4.897918602630e-03 0.0  -2.199274562170e-02   1.042300455880e-02 
5*0.0   3.206652780680e-02  -4.416681867640e-03 0.0   1.997440882110e-02  -1.098163221940e-02 5*0.0  -4.649058979780e-02   4.738946226280e-03 0.0  -2.137530788740e-02   1.012850291920e-02 
5*0.0   3.148370565720e-02  -4.306343043040e-03 0.0   1.953471521710e-02  -1.070826934440e-02 5*0.0  -4.531815768100e-02   4.584551471860e-03 0.0  -2.077221122030e-02   9.841874238950e-03 
5*0.0   3.090881922860e-02  -4.198434390680e-03 0.0   1.910307505640e-02  -1.044093129430e-02 5*0.0  -4.416769106620e-02   4.434625467420e-03 0.0  -2.018321595010e-02   9.562949387670e-03 
5*0.0   3.034181220050e-02  -4.092909855400e-03 0.0   1.867937731700e-02  -1.017950766260e-02 5*0.0  -4.303894763750e-02   4.289061392600e-03 0.0  -1.960808421410e-02   9.291561693600e-03 
5*0.0   2.978262757490e-02  -3.989724115310e-03 0.0   1.826351174550e-02  -9.923889532530e-03 5*0.0  -4.193168363700e-02   4.147754452210e-03 0.0  -1.904658000590e-02   9.027546937540e-03 
5*0.0   2.923120761100e-02  -3.888832559090e-03 0.0   1.785536887030e-02  -9.673969497920e-03 5*0.0  -4.084565401620e-02   4.010601849830e-03 0.0  -1.849846922010e-02   8.770743345660e-03 
5*0.0   2.868749390800e-02  -3.790191287040e-03 0.0   1.745483998980e-02  -9.429641635560e-03 5*0.0  -3.978061258360e-02   3.877502761490e-03 0.0  -1.796351969580e-02   8.520991581360e-03 
5*0.0   2.815142746430e-02  -3.693757102760e-03 0.0   1.706181721460e-02  -9.190801501850e-03 5*0.0  -3.873631214740e-02   3.748358309290e-03 0.0  -1.744150125700e-02   8.278134736330e-03 
5*0.0   2.762294868120e-02  -3.599487506350e-03 0.0   1.667619347190e-02  -8.957346120380e-03 5*0.0  -3.771250465500e-02   3.623071535200e-03 0.0  -1.693218575180e-02   8.042018320650e-03 
5*0.0   2.710199738250e-02  -3.507340672120e-03 0.0   1.629786251490e-02  -8.729173984480e-03 5*0.0  -3.670894132850e-02   3.501547374790e-03 0.0  -1.643534708810e-02   7.812490252160e-03 
5*0.0   2.658851289790e-02  -3.417275460410e-03 0.0   1.592671892710e-02  -8.506185030590e-03 5*0.0  -3.572537279550e-02   3.383692631150e-03 0.0  -1.595076126810e-02   7.589400844960e-03 
5*0.0   2.608243404680e-02  -3.329251395160e-03 0.0   1.556265815350e-02  -8.288280640850e-03 5*0.0  -3.476154921720e-02   3.269415948770e-03 0.0  -1.547820642090e-02   7.372602797240e-03 
5*0.0   2.558369920030e-02  -3.243228656230e-03 0.0   1.520557648840e-02  -8.075363625070e-03 5*0.0  -3.381722041170e-02   3.158627787620e-03 0.0  -1.501746283190e-02   7.161951178280e-03 
5*0.0   2.509224627080e-02  -3.159168075910e-03 0.0   1.485537109890e-02  -7.867338216870e-03 5*0.0  -3.289213597420e-02   3.051240397270e-03 0.0  -1.456831297140e-02   6.957303414860e-03 
5*0.0   2.460801281040e-02  -3.077031129720e-03 0.0   1.451194002060e-02  -7.664110056210e-03 5*0.0  -3.198604539360e-02   2.947167791110e-03 0.0  -1.413054152090e-02   6.758519276890e-03 
5*0.0   2.413093597850e-02  -2.996779925780e-03 0.0   1.417518218320e-02  -7.465586182000e-03 5*0.0  -3.109869816440e-02   2.846325720760e-03 0.0  -1.370393539710e-02   6.565460862460e-03 
5*0.0   2.366095259060e-02  -2.918377199080e-03 0.0   1.384499740680e-02  -7.271675020530e-03 5*0.0  -3.022984389690e-02   2.748631650500e-03 0.0  -1.328828377480e-02   6.377992582310e-03 
5*0.0   2.319799913340e-02  -2.841786296970e-03 0.0   1.352128640230e-02  -7.082286374590e-03 5*0.0  -2.937923242210e-02   2.654004731920e-03 0.0  -1.288337810730e-02   6.195981143660e-03 
5*0.0   2.274201183290e-02  -2.766971184240e-03 0.0   1.320395079730e-02  -6.897331410950e-03 5*0.0  -2.854661389430e-02   2.562365778650e-03 0.0  -1.248901214560e-02   6.019295533480e-03 
5*0.0   2.229292663820e-02  -2.693896421530e-03 0.0   1.289289311470e-02  -6.716722646130e-03 5*0.0  -2.773173888970e-02   2.473637241300e-03 0.0  -1.210498195590e-02   5.847807001290e-03 
5*0.0   2.185067924890e-02  -2.622527165280e-03 0.0   1.258801680720e-02  -6.540373943310e-03 5*0.0  -2.693435850220e-02   2.387743182480e-03 0.0  -1.173108593460e-02   5.681389041400e-03 
5*0.0   2.141520516170e-02  -2.552829154050e-03 0.0   1.228922623740e-02  -6.368200485690e-03 5*0.0  -2.615422443530e-02   2.304609252070e-03 0.0  -1.136712482310e-02   5.519917374680e-03 
5*0.0   2.098643969090e-02  -2.484768709680e-03 0.0   1.199642669990e-02  -6.200118778420e-03 5*0.0  -2.539108909170e-02   2.224162662520e-03 0.0  -1.101290171990e-02   5.363269929940e-03 
5*0.0   2.056431797220e-02  -2.418312719520e-03 0.0   1.170952441310e-02  -6.036046629550e-03 5*0.0  -2.464470565830e-02   2.146332164500e-03 0.0  -1.066822209160e-02   5.211326824760e-03 
5*0.0   2.014877500120e-02  -2.353428634410e-03 0.0   1.142842652530e-02  -5.875903139330e-03 5*0.0  -2.391482819000e-02   2.071048022580e-03 0.0  -1.033289378270e-02   5.063970346040e-03 
5*0.0   1.973974564610e-02  -2.290084460280e-03 0.0   1.115304112560e-02  -5.719608687390e-03 5*0.0  -2.320121168880e-02   1.998241991150e-03 0.0  -1.000672702330e-02   4.921084930090e-03 
5*0.0   1.933716469690e-02  -2.228248752160e-03 0.0   1.088327722980e-02  -5.567084917510e-03 5*0.0  -2.250361218070e-02   1.927847290540e-03 0.0  -9.689534436160e-03   4.782557142400e-03 
5*0.0   1.894096684870e-02  -2.167890602410e-03 0.0   1.061904479770e-02  -5.418254729240e-03 5*0.0  -2.182178678990e-02   1.859798583320e-03 0.0  -9.381131042080e-03   4.648275657040e-03 
5*0.0   1.855108672820e-02  -2.108979633400e-03 0.0   1.036025473160e-02  -5.273042264210e-03 5*0.0  -2.115549380940e-02   1.794031950780e-03 0.0  -9.081334263740e-03   4.518131235770e-03 
5*0.0   1.816745895370e-02  -2.051485999050e-03 0.0   1.010681886640e-02  -5.131372890800e-03 5*0.0  -2.050449276930e-02   1.730484869600e-03 0.0  -8.789963928720e-03   4.392016706840e-03 
5*0.0   1.779001809790e-02  -1.995380364440e-03 0.0   9.858649985540e-03  -4.993173193940e-03 5*0.0  -1.986854450250e-02   1.669096188830e-03 0.0  -8.506842271080e-03   4.269826943570e-03 
5*0.0   1.741869874330e-02  -1.940633908560e-03 0.0   9.615661815770e-03  -4.858370960910e-03 5*0.0  -1.924741120720e-02   1.609806106890e-03 0.0  -8.231793931770e-03   4.151458842540e-03 
5*0.0   1.705343548850e-02  -1.887218311610e-03 0.0   9.377769019120e-03  -4.726895170600e-03 5*0.0  -1.864085650710e-02   1.552556148970e-03 0.0  -7.964645957960e-03   4.036811301720e-03 
5*0.0   1.669416297570e-02  -1.835105752880e-03 0.0   9.144887209090e-03  -4.598675976870e-03 5*0.0  -1.804864550910e-02   1.497289144540e-03 0.0  -7.705227801190e-03   3.925785198270e-03 
5*0.0   1.634081589530e-02  -1.784268898920e-03 0.0   8.916932931490e-03  -4.473644698810e-03 5*0.0  -1.747054485800e-02   1.443949205070e-03 0.0  -7.453371314530e-03   3.818283366140e-03 
5*0.0   1.599332901250e-02  -1.734680899940e-03 0.0   8.693823672160e-03  -4.351733805860e-03 5*0.0  -1.690632278940e-02   1.392481702050e-03 0.0  -7.208910748660e-03   3.714210573560e-03 
5*0.0   1.565163717590e-02  -1.686315379880e-03 0.0   8.475477870930e-03  -4.232876907180e-03 5*0.0  -1.635574917950e-02   1.342833245140e-03 0.0  -6.971682746960e-03   3.613473500340e-03 
5*0.0   1.531567533130e-02  -1.639146433510e-03 0.0   8.261814890020e-03  -4.117008732820e-03 5*0.0  -1.581859559320e-02   1.294951660610e-03 0.0  -6.741526339690e-03   3.515980714960e-03 
5*0.0   1.498537854970e-02  -1.593148613960e-03 0.0   8.052755036370e-03  -4.004065131840e-03 5*0.0  -1.529463532940e-02   1.248785969990e-03 0.0  -6.518282937190e-03   3.421642651620e-03 
5*0.0   1.466068204120e-02  -1.548296934330e-03 0.0   7.848219545010e-03  -3.893983044470e-03 5*0.0  -1.478364346410e-02   1.204286368920e-03 0.0  -6.301796322220e-03   3.330371587150e-03 
5*0.0   1.434152115150e-02  -1.504566852350e-03 0.0   7.648130592740e-03  -3.786700506250e-03 5*0.0  -1.428539689150e-02   1.161404206280e-03 0.0  -6.091912641440e-03   3.242081617770e-03 
5*0.0   1.402783139700e-02  -1.461934271050e-03 0.0   7.452411276080e-03  -3.682156616020e-03 5*0.0  -1.379967436290e-02   1.120091963530e-03 0.0  -5.888480396040e-03   3.156688635870e-03 
5*0.0   1.371954847180e-02  -1.420375527450e-03 0.0   7.260985621370e-03  -3.580291540800e-03 5*0.0  -1.332625652350e-02   1.080303234250e-03 0.0  -5.691350431630e-03   3.074110306590e-03 
5*0.0   1.341660825230e-02  -1.379867388270e-03 0.0   7.073778585240e-03  -3.481046490570e-03 5*0.0  -1.286492594680e-02   1.041992703970e-03 0.0  -5.500375927330e-03   2.994266044480e-03 
5*0.0   1.311894683230e-02  -1.340387045170e-03 0.0   6.890716036270e-03  -3.384363710950e-03 5*0.0  -1.241546716760e-02   1.005116130190e-03 0.0  -5.315412384130e-03   2.917076990010e-03 
5*0.0   1.282650049800e-02  -1.301912102110e-03 0.0   6.711724764490e-03  -3.290186472120e-03 5*0.0  -1.197766671260e-02   9.696303227070e-04 0.0  -5.136317612580e-03   2.842465986130e-03 
5*0.0   1.253920577940e-02  -1.264420577070e-03 0.0   6.536732476410e-03  -3.198459047860e-03 5*0.0  -1.155131312920e-02   9.354931240620e-04 0.0  -4.962951719760e-03   2.770357554730e-03 
5*0.0   1.225699944570e-02  -1.227890893280e-03 0.0   6.365667784200e-03  -3.109126711460e-03 5*0.0  -1.113619701260e-02   9.026633903450e-04 0.0  -4.795177095670e-03   2.700677873220e-03 
5*0.0   1.197981851190e-02  -1.192301869570e-03 0.0   6.198460208770e-03  -3.022135720390e-03 5*0.0  -1.073211103080e-02   8.711009721650e-04 0.0  -4.632858398950e-03   2.633354750980e-03 
5*0.0   1.170760025620e-02  -1.157632720100e-03 0.0   6.035040170350e-03  -2.937433300930e-03 5*0.0  -1.033884994820e-02   8.407666958810e-04 0.0  -4.475862542030e-03   2.568317605940e-03 
5*0.0   1.144028223550e-02  -1.123863043240e-03 0.0   5.875338991170e-03  -2.854967638080e-03 5*0.0  -9.956210647210e-03   8.116223450800e-04 0.0  -4.324058675760e-03   2.505497441110e-03 
5*0.0   1.117780227650e-02  -1.090972819220e-03 0.0   5.719288884070e-03  -2.774687861900e-03 5*0.0  -9.583992148220e-03   7.836306422760e-04 0.0  -4.177318173460e-03   2.444826821250e-03 
5*0.0   1.092009851490e-02  -1.058942403270e-03 0.0   5.566822950430e-03  -2.696544037190e-03 5*0.0  -9.221995628120e-03   7.567552308620e-04 0.0  -4.035514614420e-03   2.386239849450e-03 
5*0.0   1.066710937960e-02  -1.027752518650e-03 0.0   5.417875176750e-03  -2.620487148110e-03 5*0.0  -8.870024437030e-03   7.309606572940e-04 0.0  -3.898523767080e-03   2.329672143940e-03 
5*0.0   1.041877361490e-02  -9.973842544020e-04 0.0   5.272380427750e-03  -2.546469087150e-03 5*0.0  -8.527884113640e-03   7.062123535200e-04 0.0  -3.766223571530e-03   2.275060814800e-03 
5*0.0   1.017503028750e-02  -9.678190551890e-04 0.0   5.130274440880e-03  -2.474442644410e-03 5*0.0  -8.195382399000e-03   6.824766196330e-04 0.0  -3.638494121790e-03   2.222344440920e-03 
5*0.0   9.935818797400e-03  -9.390387201950e-04 0.0   4.991493823660e-03  -2.404361491850e-03 5*0.0  -7.872329248850e-03   6.597206067790e-04 0.0  -3.515217647500e-03   2.171463046900e-03 
5*0.0   9.701078875720e-03  -9.110253932040e-04 0.0   4.855976047790e-03  -2.336180174010e-03 5*0.0  -7.558536844550e-03   6.379123002900e-04 0.0  -3.396278495340e-03   2.122358080140e-03 
5*0.0   9.470750610990e-03  -8.837615621680e-04 0.0   4.723659440490e-03  -2.269854095470e-03 5*0.0  -7.253819602700e-03   6.170205030600e-04 0.0  -3.281563110030e-03   2.074972388020e-03 
5*0.0   9.244774440900e-03  -8.572300498810e-04 0.0   4.594483183380e-03  -2.205339507520e-03 5*0.0  -6.957994183330e-03   5.970148191460e-04 0.0  -3.170960015000e-03   2.029250195150e-03 
5*0.0   9.023091160840e-03  -8.314140088390e-04 0.0   4.468387305760e-03  -2.142593498080e-03 5*0.0  -6.670879496880e-03   5.778656376190e-04 0.0  -3.064359792750e-03   1.985137080820e-03 
5*0.0   8.805641955100e-03  -8.062969211260e-04 0.0   4.345312673270e-03  -2.081573977060e-03 5*0.0  -6.392296709890e-03   5.595441166370e-04 0.0  -2.961655064860e-03   1.942579956490e-03 
5*0.0   8.592368364080e-03  -7.818625856630e-04 0.0   4.225200991340e-03  -2.022239668880e-03 5*0.0  -6.122069249540e-03   5.420221677510e-04 0.0  -2.862740471760e-03   1.901527043480e-03 
5*0.0   8.383212323420e-03  -7.580951183950e-04 0.0   4.107994792630e-03  -1.964550097000e-03 5*0.0  -5.860022806930e-03   5.252724404500e-04 0.0  -2.767512652240e-03   1.861927850780e-03 
5*0.0   8.178116160100e-03  -7.349789460630e-04 0.0   3.993637432060e-03  -1.908465573550e-03 5*0.0  -5.605985339290e-03   5.092683069270e-04 0.0  -2.675870222680e-03   1.823733153010e-03 
5*0.0   7.977022588990e-03  -7.124988000860e-04 0.0   3.882073084160e-03  -1.853947189330e-03 5*0.0  -5.359787071060e-03   4.939838470810e-04 0.0  -2.587713756070e-03   1.786894968490e-03 
5*0.0   7.779874738010e-03  -6.906397138880e-04 0.0   3.773246731550e-03  -1.800956799140e-03 5*0.0  -5.121260493980e-03   4.793938337430e-04 0.0  -2.502945760840e-03   1.751366537590e-03 
5*0.0   7.586616137280e-03  -6.693870146950e-04 0.0   3.667104160790e-03  -1.749457013790e-03 5*0.0  -4.890240365980e-03   4.654737181300e-04 0.0  -2.421470659450e-03   1.717102301090e-03 
5*0.0   7.397190733890e-03  -6.487263225200e-04 0.0   3.563591958320e-03  -1.699411187140e-03 5*0.0  -4.666563709310e-03   4.521996155200e-04 0.0  -2.343194766860e-03   1.684057878830e-03 
5*0.0   7.211542895220e-03  -6.286435433460e-04 0.0   3.462657502250e-03  -1.650783404860e-03 5*0.0  -4.450069807500e-03   4.395482911560e-04 0.0  -2.268026268830e-03   1.652190048470e-03 
5*0.0   7.029617405470e-03  -6.091248636600e-04 0.0   3.364248954450e-03  -1.603538473940e-03 5*0.0  -4.240600201530e-03   4.274971463690e-04 0.0  -2.195875200030e-03   1.621456724450e-03 
5*0.0   6.851359491260e-03  -5.901567483900e-04 0.0   3.268315255800e-03  -1.557641912110e-03 5*0.0  -4.037998685060e-03   4.160242049160e-04 0.0  -2.126653422080e-03   1.591816937140e-03 
5*0.0   6.676714796480e-03  -5.717259337070e-04 0.0   3.174806118770e-03  -1.513059935770e-03 5*0.0  -3.842111298770e-03   4.051080995480e-04 0.0  -2.060274601450e-03   1.563230812170e-03 
5*0.0   6.505629413150e-03  -5.538194245140e-04 0.0   3.083672022170e-03  -1.469759450390e-03 5*0.0  -3.652786323930e-03   3.947280587840e-04 0.0  -1.996654187280e-03   1.535659549960e-03 
5*0.0   6.338049877080e-03  -5.364244889170e-04 0.0   2.994864200300e-03  -1.427708039720e-03 5*0.0  -3.469874275120e-03   3.848638939020e-04 0.0  -1.935709389090e-03   1.509065405390e-03 
5*0.0   6.173923159650e-03  -5.195286543620e-04 0.0   2.908334643690e-03  -1.386873953630e-03 5*0.0  -3.293227892210e-03   3.754959861500e-04 0.0  -1.877359154440e-03   1.483411667790e-03 
5*0.0   6.013196693760e-03  -5.031197029020e-04 0.0   2.824036083640e-03  -1.347226099830e-03 5*0.0  -3.122702131570e-03   3.666052741620e-04 0.0  -1.821524146550e-03   1.458662641000e-03 
5*0.0   5.855818352770e-03  -4.871856674140e-04 0.0   2.741921992460e-03  -1.308734033390e-03 5*0.0  -2.958154156620e-03   3.581732415810e-04 0.0  -1.768126721810e-03   1.434783623700e-03 
5*0.0   5.701736476380e-03  -4.717148266880e-04 0.0   2.661946571240e-03  -1.271367943760e-03 5*0.0  -2.799443327620e-03   3.501819048960e-04 0.0  -1.717090907350e-03   1.411740889960e-03 
5*0.0   5.550899853560e-03  -4.566957019450e-04 0.0   2.584064746750e-03  -1.235098647990e-03 5*0.0  -2.646431190880e-03   3.426138014860e-04 0.0  -1.668342378520e-03   1.389501669950e-03 
5*0.0   5.403257742330e-03  -4.421170521260e-04 0.0   2.508232162970e-03  -1.199897578890e-03 5*0.0  -2.498981467290e-03   3.354519778570e-04 0.0  -1.621808436400e-03   1.368034130910e-03 
5*0.0   5.258759864540e-03  -4.279678710620e-04 0.0   2.434405173420e-03  -1.165736774950e-03 5*0.0  -2.356960040280e-03   3.286799780900e-04 0.0  -1.577417985290e-03   1.347307358320e-03 
5*0.0   5.117356406220e-03  -4.142373815150e-04 0.0   2.362540834660e-03  -1.132588871460e-03 5*0.0  -2.220234943180e-03   3.222818324880e-04 0.0  -1.535101510230e-03   1.327291337240e-03 
5*0.0   4.978998018510e-03  -4.009150329010e-04 0.0   2.292596901790e-03  -1.100427089440e-03 5*0.0  -2.088676346020e-03   3.162420464170e-04 0.0  -1.494791054530e-03   1.307956933960e-03 
5*0.0   4.843635833760e-03  -3.879904971130e-04 0.0   2.224531815980e-03  -1.069225228300e-03 5*0.0  -1.962156541850e-03   3.105455893460e-04 0.0  -1.456420197340e-03   1.289275877770e-03 
5*0.0   4.711221446290e-03  -3.754536632400e-04 0.0   2.158304702620e-03  -1.038957652440e-03 5*0.0  -1.840549932510e-03   3.051778840750e-04 0.0  -1.419924031320e-03   1.271220743030e-03 
5*0.0   4.581706934840e-03  -3.632946363400e-04 0.0   2.093875361740e-03  -1.009599285250e-03 5*0.0  -1.723733013920e-03   3.001247961640e-04 0.0  -1.385239140220e-03   1.253764931420e-03 
5*0.0   4.455044842780e-03  -3.515037309640e-04 0.0   2.031204261280e-03  -9.811255995840e-04 5*0.0  -1.611584360960e-03   2.953726235400e-04 0.0  -1.352303576690e-03   1.236882654420e-03 
5*0.0   4.331188200790e-03  -3.400714696140e-04 0.0   1.970252530160e-03  -9.535126057910e-04 5*0.0  -1.503984611860e-03   2.909080863020e-04 0.0  -1.321056840040e-03   1.220548916020e-03 
5*0.0   4.210090514890e-03  -3.289885783880e-04 0.0   1.910981951120e-03  -9.267368448830e-04 5*0.0  -1.400816452220e-03   2.867183167020e-04 0.0  -1.291439854160e-03   1.204739495640e-03 
5*0.0   4.091705765810e-03  -3.182459822800e-04 0.0   1.853354953880e-03  -9.007753793380e-04 5*0.0  -1.301964598600e-03   2.827908493160e-04 0.0  -1.263394945470e-03   1.189430931330e-03 
5*0.0   3.975988420550e-03  -3.078348036110e-04 0.0   1.797334607240e-03  -8.756057830360e-04 5*0.0  -1.207315781780e-03   2.791136113890e-04 0.0  -1.236865820970e-03   1.174600503100e-03 
5*0.0   3.862893424750e-03  -2.977463571420e-04 0.0   1.742884613120e-03  -8.512061338980e-04 5*0.0  -1.116758729630e-03   2.756749133690e-04 0.0  -1.211797546440e-03   1.160226216550e-03 
5*0.0   3.752376204810e-03  -2.879721470880e-04 0.0   1.689969297490e-03  -8.275550035360e-04 5*0.0  -1.030184149700e-03   2.724634396010e-04 0.0  -1.188136524720e-03   1.146286786730e-03 
5*0.0   3.644392669840e-03  -2.785038638360e-04 0.0   1.638553607390e-03  -8.046314497000e-04 5*0.0  -9.474847114290e-04   2.694682392160e-04 0.0  -1.165830474060e-03   1.132761622160e-03 
5*0.0   3.538899211680e-03  -2.693333802160e-04 0.0   1.588603098170e-03  -7.824150074410e-04 5*0.0  -8.685550281170e-04   2.666787171710e-04 0.0  -1.144828406700e-03   1.119630809170e-03 
5*0.0   3.435852700670e-03  -2.604527484860e-04 0.0   1.540083931740e-03  -7.608856811770e-04 5*0.0  -7.932916386130e-04   2.640846254770e-04 0.0  -1.125080607470e-03   1.106875096360e-03 
5*0.0   3.335210494120e-03  -2.518541971930e-04 0.0   1.492962865320e-03  -7.400239351720e-04 5*0.0  -7.215929887280e-04   2.616760545830e-04 0.0  -1.106538612590e-03   1.094475879410e-03 
5*0.0   3.236930425980e-03  -2.435301276340e-04 0.0   1.447207248060e-03  -7.198106863700e-04 5*0.0  -6.533594124230e-04   2.594434249310e-04 0.0  -1.089155188570e-03   1.082415186000e-03 
5*0.0   3.140970817790e-03  -2.354731109420e-04 0.0   1.402785009560e-03  -7.002272958630e-04 5*0.0  -5.884931127690e-04   2.573774786700e-04 0.0  -1.072884311310e-03   1.070675661010e-03 
5*0.0   3.047290466270e-03  -2.276758850040e-04 0.0   1.359664657860e-03  -6.812555608010e-04 5*0.0  -5.268981427030e-04   2.554692715390e-04 0.0  -1.057681145290e-03   1.059240551970e-03 
5*0.0   2.955848652730e-03  -2.201313510780e-04 0.0   1.317815268330e-03  -6.628777071170e-04 5*0.0  -4.684803855900e-04   2.537101649000e-04 0.0  -1.043502022970e-03   1.048093694670e-03 
5*0.0   2.866605129900e-03  -2.128325706400e-04 0.0   1.277206480520e-03  -6.450763806670e-04 5*0.0  -4.131475356190e-04   2.520918179340e-04 0.0  -1.030304424280e-03   1.037219499040e-03 
5*0.0   2.779520145040e-03  -2.057727637620e-04 0.0   1.237808486670e-03  -6.278346400820e-04 5*0.0  -3.608090780240e-04   2.506061799880e-04 0.0  -1.018046956350e-03   1.026602935280e-03 
5*0.0   2.694554410060e-03  -1.989453047480e-04 0.0   1.199592028460e-03  -6.111359490180e-04 5*0.0  -3.113762691780e-04   2.492454830800e-04 0.0  -1.006689333390e-03   1.016229520100e-03 
5*0.0   2.611669108880e-03  -1.923437176430e-04 0.0   1.162528388500e-03  -5.949641692040e-04 5*0.0  -2.647621165350e-04   2.480022345450e-04 0.0  -9.961923566740e-04   1.006085303320e-03 
5*0.0   2.530825927090e-03  -1.859616794350e-04 0.0   1.126589383060e-03  -5.793035515700e-04 5*0.0  -2.208813584770e-04   2.468692098420e-04 0.0  -9.865178948170e-04   9.961568545670e-04 
5*0.0   2.451986991870e-03  -1.797930098210e-04 0.0   1.091747357520e-03  -5.641387306100e-04 5*0.0  -1.796504440340e-04   2.458394454930e-04 0.0  -9.776288641220e-04   9.864312503150e-04 
5*0.0   2.375114925560e-03  -1.738316726390e-04 0.0   1.057975175710e-03  -5.494547160360e-04 5*0.0  -1.409875125360e-04   2.449062321790e-04 0.0  -9.694892091860e-04   9.768960610180e-04 
5*0.0   2.300172809810e-03  -1.680717729390e-04 0.0   1.025246217680e-03  -5.352368860850e-04 5*0.0  -1.048123731630e-04   2.440631079670e-04 0.0  -9.620638836480e-04   9.675393385440e-04 
5*0.0   2.227124209200e-03  -1.625075533650e-04 0.0   9.935343683290e-04  -5.214709800850e-04 5*0.0  -7.104648444470e-05   2.433038516850e-04 0.0  -9.553188311470e-04   9.583496037900e-04 
5*0.0   2.155933140360e-03  -1.571333916110e-04 0.0   9.628140145020e-04  -5.081430922760e-04 5*0.0  -3.961293370190e-05   2.426224764300e-04 0.0  -9.492209664640e-04   9.493158345200e-04 
5*0.0   2.086564092270e-03  -1.519437977910e-04 0.0   9.330600360020e-04  -4.952396640130e-04 5*0.0  -1.043641643940e-05   2.420132232160e-04 0.0  -9.437381568620e-04   9.404274534070e-04 
5*0.0   2.018982028550e-03  -1.469334129570e-04 0.0   9.042477984700e-04  -4.827474778330e-04 5*0.0   1.655678429070e-05   2.414705547470e-04 0.0  -9.388392036140e-04   9.316743162980e-04 
5*0.0   1.953152358250e-03  -1.420970046670e-04 0.0   8.763531506040e-04  -4.706536502040e-04 5*0.0   4.143881854490e-05   2.409891493320e-04 0.0  -9.344938237410e-04   9.230467006710e-04 
5*0.0   1.889040961230e-03  -1.374294665060e-04 0.0   8.493524120230e-04  -4.589456252630e-04 5*0.0   6.428029016070e-05   2.405638949220e-04 0.0  -9.306726319370e-04   9.145352943190e-04 
5*0.0   1.826614173670e-03  -1.329258140120e-04 0.0   8.232223712090e-04  -4.476111681570e-04 5*0.0   8.515027742640e-05   2.401898832750e-04 0.0  -9.273471227090e-04   9.061311842230e-04 
5*0.0   1.765838781920e-03  -1.285811830920e-04 0.0   7.979402767830e-04  -4.366383590450e-04 5*0.0   1.041163537450e-04   2.398624042560e-04 0.0  -9.244896527130e-04   8.978258456330e-04 
5*0.0   1.706682037660e-03  -1.243908283110e-04 0.0   7.734838306300e-04  -4.260155862780e-04 5*0.0   1.212446082810e-04   2.395769402420e-04 0.0  -9.220734232930e-04   8.896111313560e-04 
5*0.0   1.649111629200e-03  -1.203501176880e-04 0.0   7.498311834110e-04  -4.157315405140e-04 5*0.0   1.365996665830e-04   2.393291606650e-04 0.0  -9.200724632330e-04   8.814792612480e-04 
5*0.0   1.593095705840e-03  -1.164545347040e-04 0.0   7.269609269910e-04  -4.057752086780e-04 5*0.0   1.502447111620e-04   2.391149166710e-04 0.0  -9.184616117160e-04   8.734228118810e-04 
5*0.0   1.538602854450e-03  -1.126996726620e-04 0.0   7.048520878730e-04  -3.961358675740e-04 5*0.0   1.622415020420e-04   2.389302358860e-04 0.0  -9.172165014800e-04   8.654347064380e-04 
5*0.0   1.485602108940e-03  -1.090812337300e-04 0.0   6.834841205910e-04  -3.868030786370e-04 5*0.0   1.726503972460e-04   2.387713173110e-04 0.0  -9.163135422000e-04   8.575082047830e-04 
5*0.0   1.434062944340e-03  -1.055950265870e-04 0.0   6.628369037150e-04  -3.777666811920e-04 5*0.0   1.815303732270e-04   2.386345263260e-04 0.0  -9.157299040720e-04   8.496368937220e-04 
5*0.0   1.383955273500e-03  -1.022369644680e-04 0.0   6.428907301450e-04  -3.690167873470e-04 5*0.0   1.889390452400e-04   2.385163897990e-04 0.0  -9.154435016000e-04   8.418146774720e-04 
5*0.0   1.335249441700e-03  -9.900306237390e-05 0.0   6.236263033670e-04  -3.605437762460e-04 5*0.0   1.949326876250e-04   2.384135913170e-04 0.0  -9.154329776120e-04   8.340357682950e-04 
5*0.0   1.287916225880e-03  -9.588943585300e-05 0.0   6.050247314040e-04  -3.523382882780e-04 5*0.0   1.995662540280e-04   2.383229665130e-04 0.0  -9.156776874700e-04   8.262946773390e-04 
5*0.0   1.241926839220e-03  -9.289229903670e-05 0.0   5.870675185310e-04  -3.443912198330e-04 5*0.0   2.028933975200e-04   2.382414985090e-04 0.0  -9.161576835020e-04   8.185862056530e-04 
5*0.0   1.197252916520e-03  -9.000796127080e-05 0.0   5.697365624160e-04  -3.366937174330e-04 5*0.0   2.049664906320e-04   2.381663134570e-04 0.0  -9.168536996420e-04   8.109054353850e-04 
5*0.0   1.153866510680e-03  -8.723282624050e-05 0.0   5.530141447640e-04  -3.292371731510e-04 5*0.0   2.058366452860e-04   2.380946761820e-04 0.0  -9.177471362870e-04   8.032477211660e-04 
5*0.0   1.111740105970e-03  -8.456339034280e-05 0.0   5.368829281740e-04  -3.220132187640e-04 5*0.0   2.055537326220e-04   2.380239859320e-04 0.0  -9.188200453530e-04   7.956086816600e-04 
5*0.0   1.070846593190e-03  -8.199623927800e-05 0.0   5.213259485700e-04  -3.150137206570e-04 5*0.0   2.041664027170e-04   2.379517722230e-04 0.0  -9.200551155610e-04   7.879841913070e-04 
5*0.0   1.031159284280e-03  -7.952804812700e-05 0.0   5.063266098950e-04  -3.082307753050e-04 5*0.0   2.017221041800e-04   2.378756907770e-04 0.0  -9.214356579170e-04   7.803703722260e-04 
5*0.0   9.926519000810e-04  -7.715557775590e-05 0.0   4.918686787570e-04  -3.016567032070e-04 5*0.0   1.982671036410e-04   2.377935195630e-04 0.0  -9.229455914150e-04   7.727635862950e-04 
5*0.0   9.552985633040e-04  -7.487567390120e-05 0.0   4.779362778940e-04  -2.952840453230e-04 5*0.0   1.938465050970e-04   2.377031549260e-04 0.0  -9.245694289440e-04   7.651604274000e-04 
5*0.0   9.190738073580e-04  -7.268526499910e-05 0.0   4.645138802070e-04  -2.891055568650e-04 5*0.0   1.885042691370e-04   2.376026078120e-04 0.0  -9.262922634070e-04   7.575577138560e-04 
5*0.0   8.839525648170e-04  -7.058136111250e-05 0.0   4.515863051750e-04  -2.831142037980e-04 5*0.0   1.822832320310e-04   2.374900000810e-04 0.0  -9.280997540470e-04   7.499524809820e-04 
5*0.0   8.499101621370e-04  -6.856105102640e-05 0.0   4.391387104260e-04  -2.773031571510e-04 5*0.0   1.752251246820e-04   2.373635609090e-04 0.0  -9.299781129910e-04   7.423419738460e-04 
5*0.0   8.169223245480e-04  -6.662150183880e-05 0.0   4.271565885120e-04  -2.716657890210e-04 5*0.0   1.673705914270e-04   2.372216232770e-04 0.0  -9.319140919820e-04   7.347236401810e-04 
5*0.0   7.849651633720e-04  -6.475995598170e-05 0.0   4.156257601590e-04  -2.661956680100e-04 5*0.0   1.587592087000e-04   2.370626205430e-04 0.0  -9.338949693430e-04   7.270951234350e-04 
5*0.0   7.540151795320e-04  -6.297373081140e-05 0.0   4.045323689770e-04  -2.608865543530e-04 5*0.0   1.494295035400e-04   2.368850831080e-04 0.0  -9.359085371240e-04   7.194542560000e-04 
5*0.0   7.240492561460e-04  -6.126021595620e-05 0.0   3.938628766740e-04  -2.557323958440e-04 5*0.0   1.394189719440e-04   2.366876351480e-04 0.0  -9.379430884690e-04   7.117990525850e-04 
5*0.0   6.950446567800e-04  -5.961687282720e-05 0.0   3.836040573360e-04  -2.507273238470e-04 5*0.0   1.287640970700e-04   2.364689914400e-04 0.0  -9.399874051820e-04   7.041277037420e-04 
5*0.0   6.669790195910e-04  -5.804123156280e-05 0.0   3.737429919010e-04  -2.458656485220e-04 5*0.0   1.175003672710e-04   2.362279542610e-04 0.0  -9.420307454920e-04   6.964385695420e-04 
5*0.0   6.398303559770e-04  -5.653089092960e-05 0.0   3.642670635710e-04  -2.411418548590e-04 5*0.0   1.056622939720e-04   2.359634103670e-04 0.0  -9.440628320250e-04   6.887301733980e-04 
5*0.0   6.135770498070e-04  -5.508351623830e-05 0.0   3.551639517270e-04  -2.365505987730e-04 5*0.0   9.328342937970e-05   2.356743280460e-04 0.0  -9.460738399720e-04   6.810011960420e-04 
5*0.0   5.881978445630e-04  -5.369683762690e-05 0.0   3.464216281740e-04  -2.320867028500e-04 5*0.0   8.039638402460e-05   2.353597542460e-04 0.0  -9.480543854620e-04   6.732504696240e-04 
5*0.0   5.636718492030e-04  -5.236864886960e-05 0.0   3.380283506530e-04  -2.277451527090e-04 5*0.0   6.703284413290e-05   2.350188117810e-04 0.0  -9.499955141240e-04   6.654769719770e-04 
5*0.0   5.399785310170e-04  -5.109680615550e-05 0.0   3.299726588200e-04  -2.235210926380e-04 5*0.0   5.322358882640e-05   2.346506965990e-04 0.0  -9.518886898500e-04   6.576798210040e-04 
5*0.0   5.170977095730e-04  -4.987922624460e-05 0.0   3.222433687440e-04  -2.194098224860e-04 5*0.0   3.899850714630e-05   2.342546751320e-04 0.0  -9.537257837560e-04   6.498582692070e-04 
5*0.0   4.950095570100e-04  -4.871388532080e-05 0.0   3.148295684430e-04  -2.154067932730e-04 5*0.0   2.438661490330e-05   2.338300817020e-04 0.0  -9.554990633250e-04   6.420116983540e-04 
5*0.0   4.736945892710e-04  -4.759881767690e-05 0.0   3.077206130480e-04  -2.115076039430e-04 5*0.0   9.416071347000e-06   2.333763160070e-04 0.0  -9.572011817560e-04   6.341396142710e-04 
5*0.0   4.531336708810e-04  -4.653211430200e-05 0.0   3.009061190780e-04  -2.077079974700e-04 5*0.0  -5.885804341880e-06   2.328928406670e-04 0.0  -9.588251674920e-04   6.262416417670e-04 
5*0.0   4.333080013900e-04  -4.551192169530e-05 0.0   2.943759613480e-04  -2.040038575830e-04 5*0.0  -2.149251674130e-05   2.323791788320e-04 0.0  -9.603644139400e-04   6.183175196920e-04 
5*0.0   4.141991186900e-04  -4.453644036900e-05 0.0   2.881202665490e-04  -2.003912052980e-04 5*0.0  -3.737837805960e-05   2.318349118610e-04 0.0  -9.618126693790e-04   6.103670961140e-04 
5*0.0   3.957888913100e-04  -4.360392389230e-05 0.0   2.821294103920e-04  -1.968661952400e-04 5*0.0  -5.351849219120e-05   2.312596770560e-04 0.0  -9.631640270520e-04   6.023903236230e-04 
5*0.0   3.780595166320e-04  -4.271267720370e-05 0.0   2.763940114230e-04  -1.934251125530e-04 5*0.0  -6.988873895640e-05   2.306531654620e-04 0.0  -9.644129154410e-04   5.943872547570e-04 
5*0.0   3.609935156440e-04  -4.186105608530e-05 0.0   2.709049275530e-04  -1.900643695000e-04 5*0.0  -8.646575852550e-05   2.300151197250e-04 0.0  -9.655540887230e-04   5.863580375430e-04 
5*0.0   3.445737325870e-04  -4.104746528090e-05 0.0   2.656532512450e-04  -1.867805023680e-04 5*0.0  -1.032269360310e-04   2.293453320070e-04 0.0  -9.665826174060e-04   5.783029111670e-04 
5*0.0   3.287833278760e-04  -4.027035779010e-05 0.0   2.606303048100e-04  -1.835701681330e-04 5*0.0  -1.201503863660e-04   2.286436419590e-04 0.0  -9.674938791460e-04   5.702222017430e-04 
5*0.0   3.136057713660e-04  -3.952823349590e-05 0.0   2.558276372180e-04  -1.804301415980e-04 5*0.0  -1.372149391660e-04   2.279099347520e-04 0.0  -9.682835497360e-04   5.621163182120e-04 
5*0.0   2.990248503590e-04  -3.881963821520e-05 0.0   2.512370182040e-04  -1.773573120060e-04 5*0.0  -1.544001239860e-04   2.271441391610e-04 0.0  -9.689475942680e-04   5.539857483390e-04 
5*0.0   2.850246496990e-04  -3.814316243240e-05 0.0   2.468504353970e-04  -1.743486804880e-04 5*0.0  -1.716861556610e-04   2.263462257020e-04 0.0  -9.694822584780e-04   5.458310548270e-04 
5*0.0   2.715895629050e-04  -3.749744035340e-05 0.0   2.426600889990e-04  -1.714013567410e-04 5*0.0  -1.890539198530e-04   2.255162048210e-04 0.0  -9.698840602460e-04   5.376528715390e-04 
5*0.0   2.587042781960e-04  -3.688114876930e-05 0.0   2.386583885640e-04  -1.685125566580e-04 5*0.0  -2.064849587950e-04   2.246541251410e-04 0.0  -9.701497812770e-04   5.294518998170e-04 
5*0.0   2.463537791870e-04  -3.629300606210e-05 0.0   2.348379488350e-04  -1.656795988270e-04 5*0.0  -2.239614572090e-04   2.237600717450e-04 0.0  -9.702764589430e-04   5.212289049170e-04 
5*0.0   2.345233411190e-04  -3.573177114090e-05 0.0   2.311915849580e-04  -1.628999024560e-04 5*0.0  -2.414662284310e-04   2.228341645280e-04 0.0  -9.702613782890e-04   5.129847125340e-04 
5*0.0   2.231985250690e-04  -3.519624247160e-05 0.0   2.277123094540e-04  -1.601709842500e-04 5*0.0  -2.589827007090e-04   2.218765565750e-04 0.0  -9.701020642080e-04   5.047202054320e-04 
5*0.0   2.123651786380e-04  -3.468525724370e-05 0.0   2.243933273490e-04  -1.574904559920e-04 5*0.0  -2.764949036980e-04   2.208874326070e-04 0.0  -9.697962737700e-04   4.964363201760e-04 
5*0.0   2.020094240910e-04  -3.419768992700e-05 0.0   2.212280336700e-04  -1.548560218340e-04 5*0.0  -2.939874551400e-04   2.198670074550e-04 0.0  -9.693419887140e-04   4.881340439440e-04 
5*0.0   1.921176656270e-04  -3.373245224260e-05 0.0   2.182100080030e-04  -1.522654757480e-04 5*0.0  -3.114455477300e-04   2.188155245930e-04 0.0  -9.687374080920e-04   4.798144114590e-04 
5*0.0   1.826765763930e-04  -3.328849124820e-05 0.0   2.153330119400e-04  -1.497166991880e-04 5*0.0  -3.288549361750e-04   2.177332547050e-04 0.0  -9.679809410770e-04   4.714785019840e-04 
5*0.0   1.736730999900e-04  -3.286478908450e-05 0.0   2.125909850330e-04  -1.472076584220e-04 5*0.0  -3.462019244330e-04   2.166204943010e-04 0.0  -9.670711999140e-04   4.631274364310e-04 
