0.1, 140, SMo 3.9 4.9 relativ.
0.0, -0.0875289499 0.4205671108 -0.3193160460 0.0899881026 4*0.0, 5.0, 5.0, 9*0.0,
20*0.0,
20*0.0,
20*0.0,
3*0.0    0.13688   -0.74173   -0.37550    0.30351    0.32054   -0.17496   -0.10283 3*0.0    0.20687    0.20260    0.46976    0.44027   -0.02446    0.17292    0.48111 
3*0.0    0.21658   -0.52542   -0.50061    0.15139    0.17795   -0.16269   -0.14786 3*0.0    0.24455    0.24025    0.47969    0.44728   -0.02923    0.21263    0.48854 
3*0.0    0.11251   -0.38719   -0.45118    0.04520    0.18953   -0.22205   -0.22108 3*0.0    0.28282    0.27632    0.48286    0.45303   -0.03530    0.25106    0.49543 
3*0.0   -0.07395   -0.32633   -0.33324   -0.01757    0.27929   -0.31413   -0.30128 3*0.0    0.32027    0.31150    0.48076    0.45719   -0.04147    0.28737    0.50116 
3*0.0   -0.26585   -0.32272   -0.21972   -0.04965    0.37976   -0.39595   -0.36316 3*0.0    0.35427    0.34567    0.47553    0.45984   -0.04578    0.32029    0.50493 
3*0.0   -0.42019   -0.35367   -0.14383   -0.06392    0.45150   -0.44523   -0.39603 3*0.0    0.38215    0.37824    0.46885    0.46122   -0.04642    0.34886    0.50624 
3*0.0   -0.52052   -0.40059   -0.11141   -0.06995    0.47958   -0.45872   -0.40178 3*0.0    0.40183    0.40844    0.46160    0.46162   -0.04215    0.37269    0.50504 
3*0.0   -0.56665   -0.45043   -0.11454   -0.07364    0.46457   -0.44372   -0.38832 3*0.0    0.41207    0.43552    0.45385    0.46127   -0.03249    0.39201    0.50165 
3*0.0   -0.56655   -0.49517   -0.14088   -0.07803    0.41472   -0.41099   -0.36458 3*0.0    0.41251    0.45885    0.44517    0.46030   -0.01758    0.40740    0.49659 
3*0.0   -0.53114   -0.53053   -0.17852   -0.08427    0.34079   -0.37064   -0.33794 3*0.0    0.40345    0.47801    0.43486    0.45875    0.00193    0.41968    0.49046 
3*0.0   -0.47147   -0.55486   -0.21800   -0.09243    0.25323   -0.33041   -0.31344 3*0.0    0.38570    0.49277    0.42219    0.45661    0.02509    0.42965    0.48378 
3*0.0   -0.39728   -0.56812   -0.25279   -0.10200    0.16078   -0.29537   -0.29392 3*0.0    0.36042    0.50306    0.40653    0.45381    0.05080    0.43807    0.47699 
3*0.0   -0.31646   -0.57127   -0.27899   -0.11229    0.07009   -0.26820   -0.28047 3*0.0    0.32894    0.50898    0.38745    0.45028    0.07796    0.44553    0.47037 
3*0.0   -0.23498   -0.56575   -0.29479   -0.12261   -0.01426   -0.24981   -0.27300 3*0.0    0.29264    0.51074    0.36467    0.44593    0.10553    0.45247    0.46411 
3*0.0   -0.15705   -0.55314   -0.29994   -0.13237   -0.08943   -0.23988   -0.27070 3*0.0    0.25288    0.50864    0.33815    0.44070    0.13260    0.45917    0.45824 
3*0.0   -0.08537   -0.53502   -0.29519   -0.14111   -0.15399   -0.23736   -0.27240 3*0.0    0.21093    0.50302    0.30801    0.43452    0.15841    0.46578    0.45274 
3*0.0   -0.02150   -0.51284   -0.28190   -0.14851   -0.20758   -0.24082   -0.27685 3*0.0    0.16793    0.49428    0.27453    0.42737    0.18237    0.47232    0.44751 
3*0.0    0.03394   -0.48784   -0.26170   -0.15440   -0.25051   -0.24872   -0.28287 3*0.0    0.12490    0.48282    0.23811    0.41924    0.20405    0.47872    0.44241 
3*0.0    0.08090   -0.46109   -0.23626   -0.15872   -0.28357   -0.25959   -0.28944 3*0.0    0.08269    0.46903    0.19926    0.41013    0.22314    0.48485    0.43726 
3*0.0    0.11980   -0.43344   -0.20719   -0.16147   -0.30779   -0.27213   -0.29573 3*0.0    0.04202    0.45332    0.15856    0.40008    0.23948    0.49053    0.43189 
3*0.0    0.15125   -0.40556   -0.17591   -0.16273   -0.32430   -0.28524   -0.30114 3*0.0    0.00345    0.43606    0.11661    0.38915    0.25298    0.49555    0.42616 
3*0.0    0.17603   -0.37796   -0.14362   -0.16261   -0.33424   -0.29805   -0.30525 3*0.0   -0.03257    0.41760    0.07406    0.37740    0.26366    0.49971    0.41991 
3*0.0    0.19494   -0.35104   -0.11132   -0.16126   -0.33866   -0.30987   -0.30779 3*0.0   -0.06573    0.39824    0.03153    0.36491    0.27160    0.50280    0.41302 
3*0.0    0.20875   -0.32506   -0.07979   -0.15882   -0.33854   -0.32023   -0.30863 3*0.0   -0.09579    0.37830   -0.01036    0.35178    0.27691    0.50465    0.40542 
3*0.0    0.21823   -0.30023   -0.04963   -0.15546   -0.33475   -0.32879   -0.30774 3*0.0   -0.12262    0.35801   -0.05107    0.33812    0.27977    0.50510    0.39704 
3*0.0    0.22403   -0.27665   -0.02128   -0.15131   -0.32803   -0.33537   -0.30517 3*0.0   -0.14619    0.33762   -0.09007    0.32402    0.28036    0.50403    0.38785 
3*0.0    0.22674   -0.25440    0.00498   -0.14653   -0.31902   -0.33987   -0.30102 3*0.0   -0.16650    0.31733   -0.12692    0.30960    0.27888    0.50137    0.37787 
3*0.0    0.22690   -0.23351    0.02894   -0.14125   -0.30825   -0.34227   -0.29543 3*0.0   -0.18361    0.29730   -0.16125    0.29496    0.27556    0.49707    0.36713 
3*0.0    0.22495   -0.21398    0.05053   -0.13559   -0.29619   -0.34263   -0.28855 3*0.0   -0.19766    0.27767   -0.19275    0.28020    0.27059    0.49112    0.35566 
3*0.0    0.22130   -0.19578    0.06971   -0.12966   -0.28320   -0.34104   -0.28055 3*0.0   -0.20877    0.25858   -0.22120    0.26543    0.26421    0.48356    0.34355 
3*0.0    0.21627   -0.17887    0.08651   -0.12354   -0.26960   -0.33765   -0.27160 3*0.0   -0.21714    0.24012   -0.24643    0.25074    0.25661    0.47444    0.33088 
3*0.0    0.21017   -0.16320    0.10101   -0.11732   -0.25565   -0.33259   -0.26189 3*0.0   -0.22296    0.22236   -0.26835    0.23621    0.24800    0.46386    0.31773 
3*0.0    0.20322   -0.14872    0.11330   -0.11108   -0.24156   -0.32605   -0.25155 3*0.0   -0.22643    0.20536   -0.28694    0.22193    0.23857    0.45193    0.30422 
3*0.0    0.19566   -0.13536    0.12352   -0.10488   -0.22750   -0.31820   -0.24076 3*0.0   -0.22778    0.18917   -0.30224    0.20796    0.22849    0.43877    0.29043 
3*0.0    0.18764   -0.12306    0.13179   -0.09875   -0.21361   -0.30922   -0.22965 3*0.0   -0.22721    0.17382   -0.31430    0.19437    0.21793    0.42454    0.27647 
3*0.0    0.17932   -0.11176    0.13826   -0.09276   -0.20000   -0.29928   -0.21835 3*0.0   -0.22495    0.15931   -0.32327    0.18121    0.20704    0.40937    0.26245 
3*0.0    0.17083   -0.10138    0.14309   -0.08692   -0.18676   -0.28856   -0.20697 3*0.0   -0.22122    0.14566   -0.32930    0.16851    0.19595    0.39344    0.24844 
3*0.0    0.16226   -0.09187    0.14642   -0.08126   -0.17397   -0.27723   -0.19563 3*0.0   -0.21620    0.13287   -0.33256    0.15633    0.18478    0.37690    0.23455 
3*0.0    0.15372   -0.08317    0.14840   -0.07582   -0.16166   -0.26543   -0.18439 3*0.0   -0.21011    0.12091   -0.33328    0.14467    0.17365    0.35990    0.22085 
3*0.0    0.14526   -0.07522    0.14917   -0.07059   -0.14989   -0.25332   -0.17336 3*0.0   -0.20313    0.10977   -0.33166    0.13357    0.16264    0.34260    0.20741 
3*0.0    0.13695   -0.06795    0.14887   -0.06560   -0.13867   -0.24101   -0.16257 3*0.0   -0.19542    0.09943   -0.32794    0.12304    0.15183    0.32513    0.19430 
3*0.0    0.12884   -0.06133    0.14762   -0.06084   -0.12802   -0.22862   -0.15210 3*0.0   -0.18715    0.08986   -0.32235    0.11307    0.14129    0.30764    0.18157 
3*0.0    0.12095   -0.05529    0.14556   -0.05633   -0.11795   -0.21627   -0.14199 3*0.0   -0.17845    0.08102   -0.31513    0.10368    0.13108    0.29023    0.16927 
3*0.0    0.11333   -0.04980    0.14280   -0.05207   -0.10846   -0.20404   -0.13226 3*0.0   -0.16947    0.07289   -0.30650    0.09486    0.12124    0.27304    0.15743 
3*0.0    0.10599   -0.04481    0.13943   -0.04804   -0.09954   -0.19200   -0.12294 3*0.0   -0.16032    0.06542   -0.29668    0.08660    0.11181    0.25615    0.14609 
3*0.0    0.09895   -0.04027    0.13557   -0.04425   -0.09119   -0.18024   -0.11406 3*0.0   -0.15110    0.05858   -0.28590    0.07889    0.10281    0.23965    0.13526 
3*0.0    0.09222   -0.03616    0.13129   -0.04070   -0.08338   -0.16879   -0.10562 3*0.0   -0.14191    0.05233   -0.27434    0.07171    0.09427    0.22362    0.12496 
3*0.0    0.08580   -0.03243    0.12668   -0.03737   -0.07610   -0.15772   -0.09762 3*0.0   -0.13282    0.04664   -0.26219    0.06504    0.08619    0.20812    0.11520 
3*0.0    0.07969   -0.02905    0.12182   -0.03426   -0.06934   -0.14705   -0.09007 3*0.0   -0.12390    0.04147   -0.24962    0.05887    0.07858    0.19320    0.10598 
3*0.0    0.07390   -0.02599    0.11678   -0.03137   -0.06306   -0.13681   -0.08297 3*0.0   -0.11521    0.03678   -0.23678    0.05317    0.07145    0.17890    0.09731 
3*0.0    0.06842   -0.02323    0.11160   -0.02867   -0.05725   -0.12702   -0.07630 3*0.0   -0.10680    0.03254   -0.22382    0.04792    0.06478    0.16526    0.08916 
3*0.0    0.06325   -0.02073    0.10635   -0.02617   -0.05189   -0.11771   -0.07006 3*0.0   -0.09869    0.02871   -0.21086    0.04310    0.05857    0.15228    0.08154 
3*0.0    0.05838   -0.01848    0.10107   -0.02385   -0.04695   -0.10886   -0.06422 3*0.0   -0.09093    0.02527   -0.19801    0.03868    0.05280    0.13999    0.07443 
3*0.0    0.05381   -0.01645    0.09580   -0.02170   -0.04240   -0.10050   -0.05879 3*0.0   -0.08353    0.02218   -0.18535    0.03463    0.04747    0.12839    0.06781 
3*0.0    0.04951   -0.01463    0.09058   -0.01972   -0.03822   -0.09260   -0.05374 3*0.0   -0.07651    0.01940   -0.17298    0.03095    0.04255    0.11748    0.06166 
3*0.0    0.04549   -0.01299    0.08544   -0.01790   -0.03440   -0.08518   -0.04906 3*0.0   -0.06987    0.01693   -0.16096    0.02759    0.03803    0.10725    0.05597 
3*0.0    0.04173   -0.01151    0.08041   -0.01622   -0.03090   -0.07821   -0.04472 3*0.0   -0.06362    0.01472   -0.14935    0.02455    0.03388    0.09769    0.05072 
3*0.0    0.03822   -0.01019    0.07550   -0.01467   -0.02770   -0.07169   -0.04071 3*0.0   -0.05777    0.01276   -0.13818    0.02179    0.03009    0.08878    0.04587 
3*0.0    0.03495   -0.00900    0.07074   -0.01326   -0.02479   -0.06560   -0.03701 3*0.0   -0.05230    0.01101   -0.12750    0.01930    0.02664    0.08050    0.04142 
3*0.0    0.03191   -0.00794    0.06614   -0.01196   -0.02214   -0.05993   -0.03361 3*0.0   -0.04721    0.00947   -0.11733    0.01705    0.02351    0.07283    0.03733 
3*0.0    0.02908   -0.00699    0.06171   -0.01077   -0.01973   -0.05466   -0.03048 3*0.0   -0.04249    0.00811   -0.10768    0.01502    0.02067    0.06575    0.03359 
3*0.0    0.02646   -0.00614    0.05746   -0.00969   -0.01755   -0.04978   -0.02761 3*0.0   -0.03812    0.00691   -0.09856    0.01321    0.01810    0.05922    0.03017 
3*0.0    0.02404   -0.00539    0.05339   -0.00871   -0.01558   -0.04525   -0.02498 3*0.0   -0.03410    0.00586   -0.08998    0.01158    0.01579    0.05322    0.02705 
3*0.0    0.02180   -0.00472    0.04952   -0.00781   -0.01379   -0.04108   -0.02257 3*0.0   -0.03040    0.00494   -0.08193    0.01013    0.01372    0.04771    0.02421 
3*0.0    0.01974   -0.00412    0.04584   -0.00699   -0.01218   -0.03722   -0.02037 3*0.0   -0.02702    0.00414   -0.07441    0.00883    0.01186    0.04268    0.02164 
3*0.0    0.01784   -0.00359    0.04235   -0.00625   -0.01074   -0.03368   -0.01836 3*0.0   -0.02392    0.00344   -0.06740    0.00767    0.01021    0.03809    0.01930 
3*0.0    0.01609   -0.00312    0.03906   -0.00558   -0.00944   -0.03043   -0.01653 3*0.0   -0.02111    0.00283   -0.06089    0.00665    0.00873    0.03392    0.01719 
3*0.0    0.01448   -0.00270    0.03595   -0.00497   -0.00827   -0.02744   -0.01487 3*0.0   -0.01856    0.00231   -0.05487    0.00574    0.00742    0.03012    0.01528 
3*0.0    0.01301   -0.00233    0.03303   -0.00443   -0.00723   -0.02471   -0.01336 3*0.0   -0.01624    0.00186   -0.04931    0.00494    0.00627    0.02669    0.01356 
3*0.0    0.01167   -0.00201    0.03029   -0.00393   -0.00630   -0.02222   -0.01199 3*0.0   -0.01416    0.00147   -0.04419    0.00423    0.00525    0.02359    0.01201 
3*0.0    0.01044   -0.00172    0.02773   -0.00349   -0.00547   -0.01994   -0.01075 3*0.0   -0.01228    0.00114   -0.03949    0.00361    0.00436    0.02079    0.01062 
3*0.0    0.00932   -0.00147    0.02534   -0.00309   -0.00473   -0.01787   -0.00962 3*0.0   -0.01060    0.00087   -0.03519    0.00306    0.00358    0.01827    0.00937 
3*0.0    0.00830   -0.00125    0.02311   -0.00273   -0.00407   -0.01599   -0.00861 3*0.0   -0.00910    0.00063   -0.03127    0.00258    0.00290    0.01601    0.00825 
3*0.0    0.00737   -0.00106    0.02104   -0.00241   -0.00349   -0.01428   -0.00769 3*0.0   -0.00776    0.00043   -0.02770    0.00217    0.00231    0.01399    0.00725 
3*0.0    0.00653   -0.00089    0.01912   -0.00212   -0.00298   -0.01273   -0.00686 3*0.0   -0.00657    0.00027   -0.02445    0.00181    0.00180    0.01219    0.00636 
3*0.0    0.00577   -0.00075    0.01734   -0.00186   -0.00253   -0.01133   -0.00612 3*0.0   -0.00552    0.00013   -0.02152    0.00149    0.00136    0.01058    0.00557 
3*0.0    0.00509   -0.00062    0.01570   -0.00163   -0.00213   -0.01007   -0.00545 3*0.0   -0.00459    0.00002   -0.01887    0.00122    0.00099    0.00915    0.00486 
3*0.0    0.00447   -0.00051    0.01418   -0.00143   -0.00178   -0.00893   -0.00484 3*0.0   -0.00377   -0.00007   -0.01648    0.00099    0.00067    0.00788    0.00424 
3*0.0    0.00391   -0.00041    0.01279   -0.00125   -0.00148   -0.00791   -0.00430 3*0.0   -0.00306   -0.00014   -0.01434    0.00079    0.00041    0.00676    0.00368 
3*0.0    0.00341   -0.00033    0.01151   -0.00108   -0.00121   -0.00698   -0.00382 3*0.0   -0.00244   -0.00019   -0.01242    0.00062    0.00018    0.00578    0.00319 
3*0.0    0.00297   -0.00026    0.01034   -0.00094   -0.00098   -0.00616   -0.00338 3*0.0   -0.00190   -0.00024   -0.01071    0.00047 0.0    0.00491    0.00276 
3*0.0    0.00257   -0.00020    0.00927   -0.00081   -0.00079   -0.00542   -0.00299 3*0.0   -0.00144   -0.00027   -0.00918    0.00035   -0.00015    0.00415    0.00238 
3*0.0    0.00221   -0.00015    0.00829   -0.00070   -0.00062   -0.00476   -0.00265 3*0.0   -0.00104   -0.00029   -0.00783    0.00025   -0.00027    0.00348    0.00205 
3*0.0    0.00189   -0.00011    0.00740   -0.00060   -0.00047   -0.00417   -0.00234 3*0.0   -0.00070   -0.00030   -0.00663    0.00016   -0.00037    0.00290    0.00175 
3*0.0    0.00161   -0.00008    0.00659   -0.00052   -0.00034   -0.00364   -0.00206 3*0.0   -0.00042   -0.00031   -0.00557    0.00009   -0.00044    0.00240    0.00150 
3*0.0    0.00136   -0.00005    0.00586   -0.00044   -0.00024   -0.00318   -0.00182 3*0.0   -0.00017   -0.00031   -0.00464    0.00003   -0.00050    0.00196    0.00127 
3*0.0    0.00114   -0.00002    0.00520   -0.00038   -0.00015   -0.00276   -0.00160 3*0.0    0.00003   -0.00031   -0.00383   -0.00001   -0.00054    0.00158    0.00108 
3*0.0    0.00095 0.0    0.00459   -0.00032   -0.00007   -0.00239   -0.00140 3*0.0    0.00019   -0.00031   -0.00312   -0.00005   -0.00057    0.00126    0.00091 
3*0.0    0.00078    0.00002    0.00405   -0.00027   -0.00001   -0.00207   -0.00123 3*0.0    0.00032   -0.00030   -0.00250   -0.00008   -0.00058    0.00098    0.00076 
3*0.0    0.00063    0.00003    0.00356   -0.00022    0.00004   -0.00178   -0.00108 3*0.0    0.00043   -0.00029   -0.00196   -0.00010   -0.00059    0.00075    0.00063 
3*0.0    0.00051    0.00004    0.00313   -0.00019    0.00008   -0.00153   -0.00094 3*0.0    0.00051   -0.00028   -0.00150   -0.00012   -0.00059    0.00055    0.00052 
3*0.0    0.00039    0.00005    0.00273   -0.00015    0.00011   -0.00131   -0.00082 3*0.0    0.00057   -0.00026   -0.00111   -0.00013   -0.00058    0.00038    0.00043 
3*0.0    0.00030    0.00005    0.00238   -0.00013    0.00014   -0.00111   -0.00072 3*0.0    0.00062   -0.00025   -0.00077   -0.00014   -0.00057    0.00024    0.00035 
3*0.0    0.00022    0.00006    0.00207   -0.00010    0.00016   -0.00094   -0.00062 3*0.0    0.00065   -0.00023   -0.00049   -0.00015   -0.00055    0.00012    0.00028 
3*0.0    0.00015    0.00006    0.00179   -0.00008    0.00017   -0.00080   -0.00054 3*0.0    0.00067   -0.00022   -0.00025   -0.00015   -0.00053    0.00003    0.00022 
3*0.0    0.00009    0.00006    0.00154   -0.00006    0.00018   -0.00067   -0.00047 3*0.0    0.00068   -0.00021   -0.00005   -0.00015   -0.00051   -0.00005    0.00017 
3*0.0    0.00004    0.00006    0.00132   -0.00005    0.00019   -0.00056   -0.00041 3*0.0    0.00068   -0.00019    0.00011   -0.00015   -0.00049   -0.00011    0.00013 
4*0.0    0.00006    0.00113   -0.00004    0.00019   -0.00046   -0.00035 3*0.0    0.00067   -0.00018    0.00024   -0.00015   -0.00046   -0.00016    0.00009 
3*0.0   -0.00004    0.00006    0.00096   -0.00002    0.00019   -0.00038   -0.00030 3*0.0    0.00066   -0.00017    0.00035   -0.00014   -0.00044   -0.00020    0.00006 
3*0.0   -0.00007    0.00006    0.00080   -0.00002    0.00019   -0.00030   -0.00026 3*0.0    0.00064   -0.00015    0.00043   -0.00014   -0.00041   -0.00022    0.00004 
3*0.0   -0.00009    0.00006    0.00067   -0.00001    0.00019   -0.00024   -0.00022 3*0.0    0.00062   -0.00014    0.00050   -0.00013   -0.00039   -0.00024    0.00002 
3*0.0   -0.00011    0.00005    0.00056 0.0    0.00018   -0.00019   -0.00019 3*0.0    0.00059   -0.00013    0.00055   -0.00012   -0.00036   -0.00026 0.0 
3*0.0   -0.00012    0.00005    0.00046 0.0    0.00018   -0.00015   -0.00016 3*0.0    0.00057   -0.00012    0.00058   -0.00012   -0.00034   -0.00026   -0.00001 
3*0.0   -0.00013    0.00005    0.00037    0.00001    0.00017   -0.00011   -0.00014 3*0.0    0.00054   -0.00011    0.00060   -0.00011   -0.00031   -0.00027   -0.00002 
3*0.0   -0.00014    0.00005    0.00029    0.00001    0.00016   -0.00008   -0.00012 3*0.0    0.00051   -0.00010    0.00061   -0.00010   -0.00029   -0.00027   -0.00003 
3*0.0   -0.00014    0.00004    0.00023    0.00001    0.00015   -0.00005   -0.00010 3*0.0    0.00048   -0.00009    0.00061   -0.00010   -0.00027   -0.00026   -0.00004 
3*0.0   -0.00014    0.00004    0.00017    0.00001    0.00015   -0.00003   -0.00008 3*0.0    0.00045   -0.00008    0.00061   -0.00009   -0.00025   -0.00026   -0.00004 
3*0.0   -0.00014    0.00004    0.00013    0.00001    0.00014   -0.00001   -0.00007 3*0.0    0.00042   -0.00008    0.00060   -0.00008   -0.00023   -0.00025   -0.00004 
3*0.0   -0.00014    0.00004    0.00009    0.00001    0.00013 0.0   -0.00006 3*0.0    0.00040   -0.00007    0.00058   -0.00008   -0.00021   -0.00024   -0.00005 
3*0.0   -0.00014    0.00003    0.00005    0.00002    0.00012    0.00002   -0.00005 3*0.0    0.00037   -0.00006    0.00057   -0.00007   -0.00020   -0.00023   -0.00005 
3*0.0   -0.00014    0.00003    0.00003    0.00002    0.00011    0.00002   -0.00004 3*0.0    0.00034   -0.00006    0.00055   -0.00007   -0.00018   -0.00022   -0.00005 
3*0.0   -0.00013    0.00003 0.0    0.00002    0.00011    0.00003   -0.00003 3*0.0    0.00032   -0.00005    0.00052   -0.00006   -0.00016   -0.00021   -0.00005 
3*0.0   -0.00013    0.00003   -0.00002    0.00002    0.00010    0.00004   -0.00003 3*0.0    0.00030   -0.00005    0.00050   -0.00006   -0.00015   -0.00019   -0.00005 
3*0.0   -0.00012    0.00002   -0.00003    0.00001    0.00009    0.00004   -0.00002 3*0.0    0.00027   -0.00004    0.00047   -0.00005   -0.00014   -0.00018   -0.00005 
3*0.0   -0.00012    0.00002   -0.00004    0.00001    0.00009    0.00004   -0.00002 3*0.0    0.00025   -0.00004    0.00045   -0.00005   -0.00012   -0.00017   -0.00004 
3*0.0   -0.00011    0.00002   -0.00005    0.00001    0.00008    0.00005   -0.00001 3*0.0    0.00023   -0.00003    0.00042   -0.00004   -0.00011   -0.00016   -0.00004 
3*0.0   -0.00010    0.00002   -0.00006    0.00001    0.00007    0.00005   -0.00001 3*0.0    0.00021   -0.00003    0.00040   -0.00004   -0.00010   -0.00015   -0.00004 
3*0.0   -0.00010    0.00002   -0.00007    0.00001    0.00007    0.00005   -0.00001 3*0.0    0.00019   -0.00003    0.00037   -0.00004   -0.00009   -0.00014   -0.00004 
3*0.0   -0.00009    0.00002   -0.00007    0.00001    0.00006    0.00005 4*0.0    0.00018   -0.00002    0.00035   -0.00003   -0.00008   -0.00013   -0.00004 
3*0.0   -0.00009    0.00001   -0.00007    0.00001    0.00006    0.00004 4*0.0    0.00016   -0.00002    0.00033   -0.00003   -0.00008   -0.00012   -0.00003 
3*0.0   -0.00008    0.00001   -0.00007    0.00001    0.00005    0.00004 4*0.0    0.00015   -0.00002    0.00030   -0.00003   -0.00007   -0.00011   -0.00003 
3*0.0   -0.00008    0.00001   -0.00007    0.00001    0.00005    0.00004 4*0.0    0.00013   -0.00002    0.00028   -0.00003   -0.00006   -0.00010   -0.00003 
3*0.0   -0.00007    0.00001   -0.00007    0.00001    0.00004    0.00004 4*0.0    0.00012   -0.00002    0.00026   -0.00002   -0.00006   -0.00009   -0.00003 
3*0.0   -0.00007    0.00001   -0.00007    0.00001    0.00004    0.00004 4*0.0    0.00011   -0.00001    0.00024   -0.00002   -0.00005   -0.00008   -0.00003 
3*0.0   -0.00006    0.00001   -0.00007    0.00001    0.00004    0.00004 4*0.0    0.00010   -0.00001    0.00022   -0.00002   -0.00005   -0.00008   -0.00002 
3*0.0   -0.00006    0.00001   -0.00007    0.00001    0.00003    0.00003 4*0.0    0.00009   -0.00001    0.00020   -0.00002   -0.00004   -0.00007   -0.00002 
3*0.0   -0.00005    0.00001   -0.00006    0.00001    0.00003    0.00003 4*0.0    0.00008   -0.00001    0.00019   -0.00002   -0.00004   -0.00006   -0.00002 
3*0.0   -0.00005    0.00001   -0.00006    0.00001    0.00003    0.00003 4*0.0    0.00007   -0.00001    0.00017   -0.00001   -0.00003   -0.00006   -0.00002 
3*0.0   -0.00004    0.00001   -0.00006    0.00001    0.00003    0.00003 4*0.0    0.00007   -0.00001    0.00016   -0.00001   -0.00003   -0.00005   -0.00002 
3*0.0   -0.00004    0.00001   -0.00006    0.00001    0.00002    0.00003 4*0.0    0.00006   -0.00001    0.00015   -0.00001   -0.00003   -0.00005   -0.00002 
3*0.0   -0.00004 0.0   -0.00005 0.0    0.00002    0.00002 4*0.0    0.00005   -0.00001    0.00013   -0.00001   -0.00002   -0.00004   -0.00001 
3*0.0   -0.00003 0.0   -0.00005 0.0    0.00002    0.00002 4*0.0    0.00005 0.0    0.00012   -0.00001   -0.00002   -0.00004   -0.00001 
3*0.0   -0.00003 0.0   -0.00005 0.0    0.00002    0.00002 4*0.0    0.00004 0.0    0.00011   -0.00001   -0.00002   -0.00004   -0.00001 
3*0.0   -0.00003 0.0   -0.00004 0.0    0.00002    0.00002 4*0.0    0.00004 0.0    0.00010   -0.00001   -0.00002   -0.00003   -0.00001 
3*0.0   -0.00003 0.0   -0.00004 0.0    0.00001    0.00002 4*0.0    0.00003 0.0    0.00009   -0.00001   -0.00001   -0.00003   -0.00001 
3*0.0   -0.00002 0.0   -0.00004 0.0    0.00001    0.00002 4*0.0    0.00003 0.0    0.00008   -0.00001   -0.00001   -0.00003   -0.00001 
