0.1, 200,
0.0, 0.1819984589 -0.2293276827 0.1217709688 5*0.0, 5.0, 5.0, 9*0.0,
20*0.0,
20*0.0,
20*0.0,
3*0.0   -0.07417    0.76798    0.27121   -0.36970   -0.27429    0.10731    0.01343 3*0.0   -0.21618   -0.21107   -0.40049   -0.36630    0.01828   -0.15333    0.40153 
3*0.0   -0.17537    0.56498    0.43122   -0.22188   -0.12563    0.09224   -0.03517 3*0.0   -0.25461   -0.25041   -0.41542   -0.37473    0.02072   -0.18997    0.41162 
3*0.0   -0.10347    0.42748    0.41732   -0.11244   -0.12138    0.14490   -0.10800 3*0.0   -0.29291   -0.28771   -0.42445   -0.38234    0.02439   -0.22598    0.42160 
3*0.0    0.05338    0.35929    0.32338   -0.04301   -0.19662    0.23428   -0.19135 3*0.0   -0.33008   -0.32372   -0.42847   -0.38870    0.02841   -0.26059    0.43088 
3*0.0    0.22500    0.34472    0.21991   -0.00383   -0.28962    0.32011   -0.26216 3*0.0   -0.36390   -0.35847   -0.42927   -0.39374    0.03107   -0.29258    0.43864 
3*0.0    0.36973    0.36428    0.14347    0.01645   -0.36218    0.37890   -0.30805 3*0.0   -0.39198   -0.39148   -0.42846   -0.39765    0.03065   -0.32091    0.44428 
3*0.0    0.46937    0.40122    0.10499    0.02691   -0.39793    0.40445   -0.32797 3*0.0   -0.41239   -0.42211   -0.42703   -0.40066    0.02595   -0.34508    0.44758 
3*0.0    0.52093    0.44332    0.10082    0.03359   -0.39500    0.40128   -0.32737 3*0.0   -0.42388   -0.44970   -0.42525   -0.40298    0.01639   -0.36511    0.44869 
3*0.0    0.52976    0.48267    0.12122    0.03991   -0.35929    0.37838   -0.31386 3*0.0   -0.42597   -0.47367   -0.42283   -0.40474    0.00200   -0.38146    0.44801 
3*0.0    0.50479    0.51478    0.15539    0.04742   -0.29970    0.34511   -0.29447 3*0.0   -0.41880   -0.49361   -0.41914   -0.40600   -0.01672   -0.39479    0.44602 
3*0.0    0.45570    0.53763    0.19406    0.05651   -0.22539    0.30921   -0.27454 3*0.0   -0.40301   -0.50927   -0.41342   -0.40675   -0.03899   -0.40586    0.44322 
3*0.0    0.39135    0.55080    0.23039    0.06692   -0.14438    0.27614   -0.25747 3*0.0   -0.37959   -0.52057   -0.40495   -0.40693   -0.06384   -0.41538    0.44003 
3*0.0    0.31909    0.55487    0.25997    0.07811   -0.06295    0.24916   -0.24498 3*0.0   -0.34973   -0.52757   -0.39314   -0.40646   -0.09028   -0.42392    0.43675 
3*0.0    0.24459    0.55094    0.28048    0.08945    0.01436    0.22974   -0.23753 3*0.0   -0.31471   -0.53042   -0.37757   -0.40524   -0.11732   -0.43195    0.43357 
3*0.0    0.17197    0.54035    0.29115    0.10041    0.08459    0.21808   -0.23479 3*0.0   -0.27580   -0.52939   -0.35805   -0.40317   -0.14409   -0.43974    0.43056 
3*0.0    0.10399    0.52445    0.29228    0.11052    0.14609    0.21351   -0.23594 3*0.0   -0.23423   -0.52479   -0.33457   -0.40020   -0.16985   -0.44746    0.42772 
3*0.0    0.04231    0.50451    0.28487    0.11945    0.19816    0.21494   -0.23997 3*0.0   -0.19114   -0.51698   -0.30728   -0.39625   -0.19397   -0.45512    0.42498 
3*0.0   -0.01219    0.48168    0.27026    0.12701    0.24080    0.22103   -0.24585 3*0.0   -0.14753   -0.50633   -0.27649   -0.39129   -0.21601   -0.46268    0.42221 
3*0.0   -0.05926    0.45692    0.24992    0.13308    0.27449    0.23047   -0.25267 3*0.0   -0.10429   -0.49322   -0.24263   -0.38532   -0.23561   -0.47001    0.41928 
3*0.0   -0.09904    0.43105    0.22531    0.13763    0.29998    0.24203   -0.25962 3*0.0   -0.06218   -0.47803   -0.20619   -0.37833   -0.25258   -0.47694    0.41605 
3*0.0   -0.13193    0.40472    0.19778    0.14072    0.31815    0.25464   -0.26610 3*0.0   -0.02180   -0.46113   -0.16773   -0.37036   -0.26681   -0.48326    0.41236 
3*0.0   -0.15849    0.37843    0.16852    0.14242    0.32994    0.26741   -0.27164 3*0.0    0.01633   -0.44286   -0.12787   -0.36146   -0.27826   -0.48878    0.40811 
3*0.0   -0.17936    0.35259    0.13852    0.14285    0.33628    0.27964   -0.27592 3*0.0    0.05183   -0.42354   -0.08719   -0.35170   -0.28699   -0.49330    0.40318 
3*0.0   -0.19519    0.32750    0.10863    0.14214    0.33804    0.29079   -0.27875 3*0.0    0.08441   -0.40347   -0.04629   -0.34114   -0.29309   -0.49665    0.39749 
3*0.0   -0.20663    0.30335    0.07948    0.14042    0.33600    0.30048   -0.28004 3*0.0    0.11388   -0.38291   -0.00575   -0.32989   -0.29670   -0.49866    0.39099 
3*0.0   -0.21429    0.28030    0.05160    0.13783    0.33087    0.30846   -0.27978 3*0.0    0.14013   -0.36211    0.03390   -0.31802   -0.29800   -0.49923    0.38366 
3*0.0   -0.21870    0.25844    0.02534    0.13451    0.32326    0.31458   -0.27800 3*0.0    0.16310   -0.34127    0.07217   -0.30565   -0.29717   -0.49825    0.37547 
3*0.0   -0.22042    0.23783    0.00097    0.13059    0.31372    0.31877   -0.27478 3*0.0    0.18283   -0.32058    0.10862   -0.29287   -0.29441   -0.49567    0.36646 
3*0.0   -0.21987    0.21847   -0.02135    0.12619    0.30269    0.32105   -0.27025 3*0.0    0.19938   -0.30020    0.14290   -0.27978   -0.28993   -0.49147    0.35665 
3*0.0   -0.21743    0.20037   -0.04153    0.12141    0.29056    0.32145   -0.26453 3*0.0    0.21287   -0.28027    0.17468   -0.26648   -0.28393   -0.48566    0.34609 
3*0.0   -0.21347    0.18349   -0.05954    0.11634    0.27766    0.32008   -0.25777 3*0.0    0.22343   -0.26091    0.20372   -0.25307   -0.27662   -0.47827    0.33486 
3*0.0   -0.20829    0.16781   -0.07539    0.11109    0.26426    0.31705   -0.25011 3*0.0    0.23124   -0.24219    0.22984   -0.23964   -0.26820   -0.46936    0.32303 
3*0.0   -0.20215    0.15327   -0.08916    0.10571    0.25058    0.31250   -0.24169 3*0.0    0.23650   -0.22420    0.25290   -0.22627   -0.25885   -0.45903    0.31067 
3*0.0   -0.19527    0.13982   -0.10092    0.10028    0.23681    0.30658   -0.23265 3*0.0    0.23940   -0.20699    0.27286   -0.21305   -0.24876   -0.44737    0.29789 
3*0.0   -0.18784    0.12741   -0.11078    0.09485    0.22310    0.29944   -0.22313 3*0.0    0.24017   -0.19061    0.28968   -0.20003   -0.23808   -0.43451    0.28477 
3*0.0   -0.18003    0.11597   -0.11885    0.08947    0.20959    0.29125   -0.21325 3*0.0    0.23902   -0.17507    0.30341   -0.18729   -0.22697   -0.42059    0.27142 
3*0.0   -0.17197    0.10545   -0.12528    0.08418    0.19636    0.28216   -0.20313 3*0.0    0.23617   -0.16040    0.31412   -0.17489   -0.21558   -0.40573    0.25791 
3*0.0   -0.16378    0.09579   -0.13018    0.07901    0.18351    0.27231   -0.19287 3*0.0    0.23182   -0.14660    0.32191   -0.16286   -0.20402   -0.39009    0.24435 
3*0.0   -0.15555    0.08692   -0.13369    0.07398    0.17108    0.26186   -0.18257 3*0.0    0.22620   -0.13366    0.32694   -0.15125   -0.19242   -0.37381    0.23081 
3*0.0   -0.14737    0.07880   -0.13595    0.06913    0.15913    0.25095   -0.17232 3*0.0    0.21948   -0.12157    0.32936   -0.14010   -0.18087   -0.35703    0.21738 
3*0.0   -0.13928    0.07137   -0.13708    0.06445    0.14769    0.23970   -0.16217 3*0.0    0.21187   -0.11032    0.32936   -0.12942   -0.16946   -0.33991    0.20414 
3*0.0   -0.13136    0.06458   -0.13720    0.05997    0.13679    0.22822   -0.15221 3*0.0    0.20353   -0.09987    0.32715   -0.11925   -0.15828   -0.32256    0.19115 
3*0.0   -0.12364    0.05837   -0.13644    0.05569    0.12643    0.21664   -0.14249 3*0.0    0.19463   -0.09020    0.32293   -0.10959   -0.14737   -0.30514    0.17846 
3*0.0   -0.11614    0.05271   -0.13490    0.05162    0.11663    0.20504   -0.13304 3*0.0    0.18532   -0.08128    0.31691   -0.10044   -0.13681   -0.28775    0.16615 
3*0.0   -0.10890    0.04755   -0.13269    0.04775    0.10738    0.19351   -0.12391 3*0.0    0.17573   -0.07307    0.30932   -0.09183   -0.12662   -0.27051    0.15424 
3*0.0   -0.10194    0.04286   -0.12991    0.04410    0.09868    0.18213   -0.11514 3*0.0    0.16598   -0.06554    0.30036   -0.08373   -0.11686   -0.25351    0.14278 
3*0.0   -0.09525    0.03859   -0.12663    0.04065    0.09052    0.17096   -0.10673 3*0.0    0.15618   -0.05865    0.29024   -0.07615   -0.10754   -0.23685    0.13180 
3*0.0   -0.08886    0.03470   -0.12295    0.03740    0.08289    0.16007   -0.09871 3*0.0    0.14642   -0.05236    0.27916   -0.06907   -0.09868   -0.22062    0.12133 
3*0.0   -0.08277    0.03118   -0.11894    0.03436    0.07577    0.14949   -0.09109 3*0.0    0.13680   -0.04664    0.26731   -0.06249   -0.09030   -0.20487    0.11137 
3*0.0   -0.07697    0.02798   -0.11466    0.03151    0.06914    0.13927   -0.08388 3*0.0    0.12736   -0.04144    0.25487   -0.05638   -0.08239   -0.18967    0.10194 
3*0.0   -0.07146    0.02508   -0.11017    0.02884    0.06298    0.12944   -0.07707 3*0.0    0.11819   -0.03674    0.24202   -0.05073   -0.07497   -0.17506    0.09305 
3*0.0   -0.06625    0.02246   -0.10553    0.02636    0.05728    0.12001   -0.07066 3*0.0    0.10932   -0.03249    0.22889   -0.04553   -0.06803   -0.16109    0.08470 
3*0.0   -0.06133    0.02009   -0.10079    0.02404    0.05200    0.11102   -0.06465 3*0.0    0.10079   -0.02866    0.21564   -0.04075   -0.06156   -0.14777    0.07688 
3*0.0   -0.05668    0.01794   -0.09600    0.02189    0.04713    0.10247   -0.05903 3*0.0    0.09263   -0.02522    0.20238   -0.03637   -0.05555   -0.13515    0.06958 
3*0.0   -0.05230    0.01601   -0.09118    0.01990    0.04264    0.09436   -0.05379 3*0.0    0.08487   -0.02214    0.18923   -0.03236   -0.04998   -0.12321    0.06279 
3*0.0   -0.04819    0.01426   -0.08637    0.01806    0.03852    0.08670   -0.04891 3*0.0    0.07752   -0.01938    0.17628   -0.02872   -0.04484   -0.11198    0.05651 
3*0.0   -0.04433    0.01269   -0.08161    0.01636    0.03474    0.07948   -0.04439 3*0.0    0.07059   -0.01692    0.16363   -0.02541   -0.04012   -0.10145    0.05070 
3*0.0   -0.04072    0.01127   -0.07692    0.01479    0.03127    0.07271   -0.04020 3*0.0    0.06409   -0.01473    0.15134   -0.02241   -0.03578   -0.09161    0.04535 
3*0.0   -0.03734    0.01000   -0.07232    0.01335    0.02811    0.06636   -0.03634 3*0.0    0.05800   -0.01279    0.13948   -0.01970   -0.03182   -0.08245    0.04045 
3*0.0   -0.03418    0.00886   -0.06783    0.01203    0.02522    0.06044   -0.03278 3*0.0    0.05233   -0.01107    0.12808   -0.01727   -0.02820   -0.07396    0.03597 
3*0.0   -0.03124    0.00784   -0.06346    0.01081    0.02258    0.05492   -0.02951 3*0.0    0.04707   -0.00955    0.11720   -0.01508   -0.02492   -0.06611    0.03188 
3*0.0   -0.02851    0.00692   -0.05923    0.00970    0.02019    0.04980   -0.02651 3*0.0    0.04221   -0.00822    0.10685   -0.01313   -0.02195   -0.05889    0.02817 
3*0.0   -0.02597    0.00610   -0.05516    0.00869    0.01802    0.04505   -0.02377 3*0.0    0.03773   -0.00704    0.09706   -0.01139   -0.01926   -0.05226    0.02481 
3*0.0   -0.02361    0.00537   -0.05124    0.00777    0.01605    0.04067   -0.02126 3*0.0    0.03361   -0.00602    0.08785   -0.00984   -0.01685   -0.04620    0.02177 
3*0.0   -0.02143    0.00472   -0.04748    0.00693    0.01427    0.03663   -0.01898 3*0.0    0.02984   -0.00512    0.07920   -0.00846   -0.01468   -0.04068    0.01904 
3*0.0   -0.01941    0.00414   -0.04390    0.00616    0.01266    0.03291   -0.01691 3*0.0    0.02641   -0.00434    0.07113   -0.00725   -0.01274   -0.03567    0.01660 
3*0.0   -0.01755    0.00362   -0.04048    0.00547    0.01121    0.02950   -0.01503 3*0.0    0.02329   -0.00367    0.06363   -0.00619   -0.01101   -0.03114    0.01441 
3*0.0   -0.01584    0.00316   -0.03724    0.00485    0.00991    0.02638   -0.01334 3*0.0    0.02046   -0.00308    0.05668   -0.00525   -0.00947   -0.02706    0.01247 
3*0.0   -0.01427    0.00276   -0.03418    0.00429    0.00874    0.02353   -0.01180 3*0.0    0.01791   -0.00258    0.05028   -0.00444   -0.00811   -0.02341    0.01074 
3*0.0   -0.01283    0.00240   -0.03129    0.00378    0.00769    0.02094   -0.01042 3*0.0    0.01561   -0.00214    0.04439   -0.00373   -0.00691   -0.02014    0.00922 
3*0.0   -0.01150    0.00208   -0.02857    0.00332    0.00675    0.01859   -0.00918 3*0.0    0.01355   -0.00177    0.03901   -0.00312   -0.00585   -0.01723    0.00788 
3*0.0   -0.01030    0.00180   -0.02602    0.00292    0.00592    0.01645   -0.00807 3*0.0    0.01171   -0.00146    0.03411   -0.00259   -0.00493   -0.01466    0.00670 
3*0.0   -0.00920    0.00156   -0.02363    0.00255    0.00517    0.01453   -0.00707 3*0.0    0.01007   -0.00119    0.02967   -0.00213   -0.00412   -0.01239    0.00568 
3*0.0   -0.00819    0.00134   -0.02140    0.00223    0.00451    0.01279   -0.00618 3*0.0    0.00862   -0.00097    0.02565   -0.00175   -0.00342   -0.01040    0.00479 
3*0.0   -0.00728    0.00115   -0.01933    0.00194    0.00392    0.01123   -0.00539 3*0.0    0.00733   -0.00078    0.02204   -0.00142   -0.00281   -0.00867    0.00402 
3*0.0   -0.00646    0.00099   -0.01741    0.00168    0.00340    0.00984   -0.00469 3*0.0    0.00620   -0.00062    0.01880   -0.00114   -0.00229   -0.00716    0.00335 
3*0.0   -0.00571    0.00084   -0.01563    0.00145    0.00294    0.00859   -0.00407 3*0.0    0.00521   -0.00049    0.01592   -0.00091   -0.00185   -0.00587    0.00278 
3*0.0   -0.00503    0.00072   -0.01399    0.00125    0.00253    0.00747   -0.00352 3*0.0    0.00435   -0.00038    0.01336   -0.00072   -0.00147   -0.00476    0.00230 
3*0.0   -0.00443    0.00061   -0.01248    0.00108    0.00218    0.00649   -0.00304 3*0.0    0.00359   -0.00029    0.01110   -0.00056   -0.00115   -0.00381    0.00189 
3*0.0   -0.00388    0.00052   -0.01110    0.00092    0.00186    0.00561   -0.00261 3*0.0    0.00294   -0.00022    0.00912   -0.00044   -0.00088   -0.00302    0.00155 
3*0.0   -0.00339    0.00043   -0.00983    0.00078    0.00159    0.00484   -0.00224 3*0.0    0.00238   -0.00016    0.00740   -0.00033   -0.00066   -0.00235    0.00127 
3*0.0   -0.00296    0.00036   -0.00868    0.00067    0.00135    0.00416   -0.00191 3*0.0    0.00191   -0.00012    0.00590   -0.00025   -0.00048   -0.00181    0.00103 
3*0.0   -0.00257    0.00031   -0.00763    0.00056    0.00115    0.00357   -0.00163 3*0.0    0.00150   -0.00008    0.00461   -0.00019   -0.00033   -0.00136    0.00084 
3*0.0   -0.00222    0.00025   -0.00669    0.00048    0.00097    0.00305   -0.00139 3*0.0    0.00116   -0.00006    0.00351   -0.00014   -0.00021   -0.00100    0.00068 
3*0.0   -0.00191    0.00021   -0.00583    0.00040    0.00081    0.00259   -0.00118 3*0.0    0.00087   -0.00004    0.00258   -0.00010   -0.00011   -0.00072    0.00056 
3*0.0   -0.00164    0.00017   -0.00506    0.00033    0.00068    0.00220   -0.00099 3*0.0    0.00063   -0.00002    0.00180   -0.00008   -0.00004   -0.00051    0.00046 
3*0.0   -0.00140    0.00014   -0.00437    0.00028    0.00056    0.00187   -0.00084 3*0.0    0.00043   -0.00001    0.00115   -0.00006    0.00002   -0.00035    0.00038 
3*0.0   -0.00119    0.00012   -0.00375    0.00023    0.00047    0.00158   -0.00070 3*0.0    0.00027 0.0    0.00062   -0.00005    0.00006   -0.00023    0.00033 
3*0.0   -0.00101    0.00009   -0.00320    0.00019    0.00038    0.00133   -0.00059 3*0.0    0.00014 0.0    0.00020   -0.00004    0.00009   -0.00016    0.00029 
3*0.0   -0.00085    0.00008   -0.00272    0.00016    0.00031    0.00112   -0.00049 3*0.0    0.00004 0.0   -0.00013   -0.00004    0.00010   -0.00012    0.00026 
3*0.0   -0.00071    0.00006   -0.00229    0.00013    0.00025    0.00095   -0.00041 3*0.0   -0.00003 0.0   -0.00039   -0.00005    0.00011   -0.00011    0.00024 
3*0.0   -0.00059    0.00005   -0.00191    0.00010    0.00021    0.00080   -0.00034 3*0.0   -0.00009 0.0   -0.00057   -0.00005    0.00011   -0.00011    0.00023 
3*0.0   -0.00048    0.00004   -0.00158    0.00008    0.00016    0.00068   -0.00029 3*0.0   -0.00013 0.0   -0.00070   -0.00006    0.00011   -0.00014    0.00022 
3*0.0   -0.00039    0.00003   -0.00130    0.00007    0.00013    0.00058   -0.00024 3*0.0   -0.00016 0.0   -0.00078   -0.00006    0.00010   -0.00017    0.00022 
3*0.0   -0.00032    0.00002   -0.00105    0.00006    0.00010    0.00049   -0.00020 3*0.0   -0.00017   -0.00001   -0.00081   -0.00007    0.00009   -0.00022    0.00022 
3*0.0   -0.00025    0.00002   -0.00084    0.00005    0.00008    0.00043   -0.00017 3*0.0   -0.00018   -0.00001   -0.00082   -0.00008    0.00008   -0.00027    0.00023 
3*0.0   -0.00020    0.00001   -0.00066    0.00004    0.00006    0.00037   -0.00015 3*0.0   -0.00018   -0.00001   -0.00079   -0.00009    0.00007   -0.00032    0.00023 
3*0.0   -0.00015    0.00001   -0.00051    0.00003    0.00005    0.00033   -0.00013 3*0.0   -0.00018   -0.00002   -0.00075   -0.00009    0.00005   -0.00037    0.00024 
3*0.0   -0.00012    0.00001   -0.00038    0.00003    0.00004    0.00030   -0.00011 3*0.0   -0.00017   -0.00002   -0.00068   -0.00010    0.00004   -0.00043    0.00024 
3*0.0   -0.00009    0.00001   -0.00028    0.00002    0.00003    0.00028   -0.00010 3*0.0   -0.00015   -0.00002   -0.00061   -0.00010    0.00002   -0.00048    0.00025 
3*0.0   -0.00006    0.00001   -0.00019    0.00002    0.00002    0.00026   -0.00009 3*0.0   -0.00014   -0.00002   -0.00052   -0.00011    0.00001   -0.00052    0.00025 
3*0.0   -0.00004 0.0   -0.00012    0.00002    0.00002    0.00024   -0.00008 3*0.0   -0.00012   -0.00002   -0.00043   -0.00011   -0.00001   -0.00057    0.00026 
3*0.0   -0.00002 0.0   -0.00007    0.00002    0.00002    0.00024   -0.00007 3*0.0   -0.00010   -0.00003   -0.00034   -0.00011   -0.00002   -0.00061    0.00026 
3*0.0   -0.00001 0.0   -0.00003    0.00002    0.00001    0.00023   -0.00007 3*0.0   -0.00008   -0.00003   -0.00024   -0.00012   -0.00003   -0.00064    0.00026 
6*0.0    0.00002    0.00001    0.00023   -0.00007 3*0.0   -0.00006   -0.00003   -0.00015   -0.00012   -0.00004   -0.00067    0.00026 
5*0.0    0.00002    0.00002    0.00001    0.00022   -0.00006 3*0.0   -0.00004   -0.00003   -0.00006   -0.00012   -0.00005   -0.00069    0.00025 
3*0.0    0.00001 0.0    0.00004    0.00002    0.00001    0.00022   -0.00006 3*0.0   -0.00003   -0.00003    0.00003   -0.00012   -0.00006   -0.00071    0.00025 
3*0.0    0.00001 0.0    0.00004    0.00002    0.00001    0.00022   -0.00006 3*0.0   -0.00001   -0.00003    0.00011   -0.00011   -0.00007   -0.00072    0.00024 
3*0.0    0.00001 0.0    0.00004    0.00002    0.00001    0.00022   -0.00006 4*0.0   -0.00003    0.00019   -0.00011   -0.00008   -0.00072    0.00023 
3*0.0    0.00001 0.0    0.00004    0.00002    0.00002    0.00022   -0.00006 3*0.0    0.00002   -0.00003    0.00026   -0.00011   -0.00008   -0.00072    0.00023 
3*0.0    0.00001 0.0    0.00004    0.00002    0.00002    0.00022   -0.00006 3*0.0    0.00003   -0.00003    0.00033   -0.00010   -0.00009   -0.00072    0.00022 
3*0.0    0.00001 0.0    0.00003    0.00002    0.00002    0.00022   -0.00006 3*0.0    0.00004   -0.00003    0.00038   -0.00010   -0.00009   -0.00071    0.00021 
3*0.0    0.00001 0.0    0.00002    0.00002    0.00002    0.00021   -0.00005 3*0.0    0.00005   -0.00003    0.00044   -0.00010   -0.00009   -0.00070    0.00019 
3*0.0    0.00001 2*0.0    0.00002    0.00002    0.00021   -0.00005 3*0.0    0.00006   -0.00003    0.00048   -0.00009   -0.00009   -0.00068    0.00018 
3*0.0    0.00001 0.0   -0.00001    0.00002    0.00002    0.00021   -0.00005 3*0.0    0.00006   -0.00002    0.00052   -0.00009   -0.00009   -0.00066    0.00017 
5*0.0   -0.00002    0.00002    0.00002    0.00020   -0.00005 3*0.0    0.00007   -0.00002    0.00055   -0.00008   -0.00009   -0.00064    0.00016 
5*0.0   -0.00003    0.00002    0.00002    0.00020   -0.00005 3*0.0    0.00007   -0.00002    0.00057   -0.00008   -0.00009   -0.00061    0.00014 
5*0.0   -0.00005    0.00002    0.00002    0.00019   -0.00004 3*0.0    0.00008   -0.00002    0.00059   -0.00007   -0.00009   -0.00058    0.00013 
5*0.0   -0.00006    0.00002    0.00002    0.00018   -0.00004 3*0.0    0.00008   -0.00002    0.00061   -0.00007   -0.00009   -0.00055    0.00012 
3*0.0   -0.00001 0.0   -0.00007    0.00002    0.00002    0.00017   -0.00004 3*0.0    0.00008   -0.00002    0.00062   -0.00006   -0.00008   -0.00052    0.00010 
3*0.0   -0.00001 0.0   -0.00008    0.00002    0.00002    0.00017   -0.00004 3*0.0    0.00008   -0.00002    0.00062   -0.00005   -0.00008   -0.00049    0.00009 
3*0.0   -0.00001 0.0   -0.00009    0.00001    0.00002    0.00016   -0.00003 3*0.0    0.00008   -0.00002    0.00062   -0.00005   -0.00008   -0.00045    0.00008 
3*0.0   -0.00001 0.0   -0.00010    0.00001    0.00002    0.00015   -0.00003 3*0.0    0.00008   -0.00001    0.00062   -0.00004   -0.00008   -0.00042    0.00006 
3*0.0   -0.00001 0.0   -0.00011    0.00001    0.00002    0.00014   -0.00003 3*0.0    0.00008   -0.00001    0.00061   -0.00004   -0.00007   -0.00038    0.00005 
3*0.0   -0.00001 0.0   -0.00011    0.00001    0.00002    0.00013   -0.00002 3*0.0    0.00008   -0.00001    0.00060   -0.00003   -0.00007   -0.00035    0.00004 
3*0.0   -0.00001 0.0   -0.00012    0.00001    0.00002    0.00011   -0.00002 3*0.0    0.00008   -0.00001    0.00059   -0.00003   -0.00006   -0.00031    0.00003 
3*0.0   -0.00002 0.0   -0.00012    0.00001    0.00002    0.00010   -0.00002 3*0.0    0.00008   -0.00001    0.00057   -0.00002   -0.00006   -0.00028    0.00001 
3*0.0   -0.00002 0.0   -0.00012    0.00001    0.00002    0.00009   -0.00001 3*0.0    0.00007   -0.00001    0.00055   -0.00002   -0.00006   -0.00024 0.0 
3*0.0   -0.00002 0.0   -0.00013    0.00001    0.00002    0.00008   -0.00001 3*0.0    0.00007   -0.00001    0.00053   -0.00002   -0.00005   -0.00021   -0.00001 
3*0.0   -0.00002 0.0   -0.00013    0.00001    0.00001    0.00007   -0.00001 3*0.0    0.00007   -0.00001    0.00051   -0.00001   -0.00005   -0.00018   -0.00002 
3*0.0   -0.00002 0.0   -0.00013    0.00001    0.00001    0.00006 4*0.0    0.00007   -0.00001    0.00049   -0.00001   -0.00004   -0.00014   -0.00003 
3*0.0   -0.00002 0.0   -0.00013    0.00001    0.00001    0.00005 4*0.0    0.00006 0.0    0.00046 0.0   -0.00004   -0.00011   -0.00003 
3*0.0   -0.00002 0.0   -0.00013 0.0    0.00001    0.00004 4*0.0    0.00006 0.0    0.00044 0.0   -0.00004   -0.00008   -0.00004 
3*0.0   -0.00002 0.0   -0.00012 0.0    0.00001    0.00002 4*0.0    0.00006 0.0    0.00041 0.0   -0.00003   -0.00006   -0.00005 
3*0.0   -0.00002 0.0   -0.00012 0.0    0.00001    0.00001    0.00001 3*0.0    0.00005 0.0    0.00039    0.00001   -0.00003   -0.00003   -0.00006 
3*0.0   -0.00002 0.0   -0.00012 0.0    0.00001 0.0    0.00001 3*0.0    0.00005 0.0    0.00036    0.00001   -0.00003 0.0   -0.00006 
3*0.0   -0.00002 0.0   -0.00012 0.0    0.00001   -0.00001    0.00001 3*0.0    0.00005 0.0    0.00034    0.00001   -0.00002    0.00002   -0.00007 
3*0.0   -0.00001 0.0   -0.00011 0.0    0.00001   -0.00002    0.00001 3*0.0    0.00004 0.0    0.00031    0.00001   -0.00002    0.00004   -0.00007 
3*0.0   -0.00001 0.0   -0.00011 0.0    0.00001   -0.00002    0.00002 3*0.0    0.00004 0.0    0.00029    0.00002   -0.00002    0.00007   -0.00008 
3*0.0   -0.00001 0.0   -0.00010 2*0.0   -0.00003    0.00002 3*0.0    0.00004 0.0    0.00027    0.00002   -0.00001    0.00009   -0.00008 
3*0.0   -0.00001 0.0   -0.00010 2*0.0   -0.00004    0.00002 3*0.0    0.00003 0.0    0.00024    0.00002   -0.00001    0.00011   -0.00009 
3*0.0   -0.00001 0.0   -0.00009 2*0.0   -0.00005    0.00002 3*0.0    0.00003 0.0    0.00022    0.00002   -0.00001    0.00012   -0.00009 
3*0.0   -0.00001 0.0   -0.00009 2*0.0   -0.00006    0.00002 3*0.0    0.00003 0.0    0.00020    0.00002   -0.00001    0.00014   -0.00009 
3*0.0   -0.00001 0.0   -0.00008 2*0.0   -0.00006    0.00002 3*0.0    0.00002 0.0    0.00018    0.00002 0.0    0.00015   -0.00009 
3*0.0   -0.00001 0.0   -0.00008 2*0.0   -0.00007    0.00003 3*0.0    0.00002 0.0    0.00016    0.00002 0.0    0.00017   -0.00010 
3*0.0   -0.00001 0.0   -0.00007   -0.00001 0.0   -0.00008    0.00003 3*0.0    0.00002 0.0    0.00014    0.00002 0.0    0.00018   -0.00010 
3*0.0   -0.00001 0.0   -0.00007   -0.00001 0.0   -0.00008    0.00003 3*0.0    0.00002 0.0    0.00012    0.00002 0.0    0.00019   -0.00010 
3*0.0   -0.00001 0.0   -0.00006   -0.00001 0.0   -0.00009    0.00003 3*0.0    0.00001 0.0    0.00010    0.00003 0.0    0.00020   -0.00010 
3*0.0   -0.00001 0.0   -0.00005   -0.00001 0.0   -0.00009    0.00003 3*0.0    0.00001 0.0    0.00008    0.00003 0.0    0.00021   -0.00010 
3*0.0   -0.00001 0.0   -0.00005   -0.00001 0.0   -0.00009    0.00003 3*0.0    0.00001 0.0    0.00007    0.00003    0.00001    0.00022   -0.00010 
3*0.0   -0.00001 0.0   -0.00004   -0.00001 0.0   -0.00010    0.00003 3*0.0    0.00001 0.0    0.00005    0.00003    0.00001    0.00022   -0.00010 
3*0.0   -0.00001 0.0   -0.00004   -0.00001 0.0   -0.00010    0.00003 3*0.0    0.00001 0.0    0.00004    0.00003    0.00001    0.00023   -0.00010 
5*0.0   -0.00003   -0.00001 0.0   -0.00010    0.00003 3*0.0    0.00001 0.0    0.00003    0.00003    0.00001    0.00023   -0.00010 
5*0.0   -0.00003   -0.00001 0.0   -0.00011    0.00003 5*0.0    0.00001    0.00003    0.00001    0.00024   -0.00010 
5*0.0   -0.00003   -0.00001 0.0   -0.00011    0.00003 6*0.0    0.00003    0.00001    0.00024   -0.00010 
5*0.0   -0.00002   -0.00001 0.0   -0.00011    0.00003 5*0.0   -0.00001    0.00003    0.00001    0.00024   -0.00009 
5*0.0   -0.00002   -0.00001   -0.00001   -0.00011    0.00003 5*0.0   -0.00002    0.00003    0.00001    0.00024   -0.00009 
5*0.0   -0.00001   -0.00001   -0.00001   -0.00011    0.00003 5*0.0   -0.00003    0.00003    0.00001    0.00024   -0.00009 
5*0.0   -0.00001   -0.00001   -0.00001   -0.00011    0.00003 5*0.0   -0.00004    0.00003    0.00001    0.00024   -0.00009 
5*0.0   -0.00001   -0.00001   -0.00001   -0.00011    0.00003 5*0.0   -0.00004    0.00003    0.00001    0.00024   -0.00009 
6*0.0   -0.00001   -0.00001   -0.00011    0.00003 5*0.0   -0.00005    0.00002    0.00001    0.00024   -0.00009 
6*0.0   -0.00001   -0.00001   -0.00011    0.00003 5*0.0   -0.00006    0.00002    0.00001    0.00024   -0.00008 
6*0.0   -0.00001   -0.00001   -0.00011    0.00003 5*0.0   -0.00006    0.00002    0.00001    0.00024   -0.00008 
5*0.0    0.00001   -0.00001   -0.00001   -0.00011    0.00003 5*0.0   -0.00007    0.00002    0.00001    0.00024   -0.00008 
5*0.0    0.00001   -0.00001   -0.00001   -0.00011    0.00003 5*0.0   -0.00007    0.00002    0.00001    0.00023   -0.00008 
5*0.0    0.00001   -0.00001   -0.00001   -0.00011    0.00003 3*0.0   -0.00001 0.0   -0.00007    0.00002    0.00001    0.00023   -0.00007 
5*0.0    0.00001   -0.00001   -0.00001   -0.00011    0.00003 3*0.0   -0.00001 0.0   -0.00008    0.00002    0.00001    0.00023   -0.00007 
5*0.0    0.00001   -0.00001   -0.00001   -0.00011    0.00003 3*0.0   -0.00001 0.0   -0.00008    0.00002    0.00001    0.00022   -0.00007 
5*0.0    0.00002   -0.00001   -0.00001   -0.00011    0.00003 3*0.0   -0.00001 0.0   -0.00008    0.00002    0.00001    0.00022   -0.00007 
5*0.0    0.00002   -0.00001   -0.00001   -0.00011    0.00003 3*0.0   -0.00001 0.0   -0.00008    0.00002    0.00001    0.00021   -0.00006 
5*0.0    0.00002   -0.00001   -0.00001   -0.00010    0.00003 3*0.0   -0.00001 0.0   -0.00009    0.00002    0.00001    0.00021   -0.00006 
5*0.0    0.00002   -0.00001   -0.00001   -0.00010    0.00003 3*0.0   -0.00001 0.0   -0.00009    0.00002    0.00001    0.00021   -0.00006 
5*0.0    0.00002   -0.00001   -0.00001   -0.00010    0.00002 3*0.0   -0.00001 0.0   -0.00009    0.00002    0.00001    0.00020   -0.00006 
5*0.0    0.00002   -0.00001   -0.00001   -0.00010    0.00002 3*0.0   -0.00001 0.0   -0.00009    0.00002    0.00001    0.00020   -0.00005 
5*0.0    0.00002   -0.00001   -0.00001   -0.00010    0.00002 3*0.0   -0.00001 0.0   -0.00009    0.00002    0.00001    0.00019   -0.00005 
5*0.0    0.00002   -0.00001   -0.00001   -0.00009    0.00002 3*0.0   -0.00001 0.0   -0.00009    0.00002    0.00001    0.00019   -0.00005 
5*0.0    0.00002   -0.00001   -0.00001   -0.00009    0.00002 3*0.0   -0.00001 0.0   -0.00009    0.00002    0.00001    0.00018   -0.00005 
5*0.0    0.00003   -0.00001   -0.00001   -0.00009    0.00002 3*0.0   -0.00001 0.0   -0.00009    0.00001    0.00001    0.00018   -0.00004 
5*0.0    0.00003   -0.00001   -0.00001   -0.00009    0.00002 3*0.0   -0.00001 0.0   -0.00009    0.00001    0.00001    0.00017   -0.00004 
5*0.0    0.00003   -0.00001   -0.00001   -0.00009    0.00002 3*0.0   -0.00001 0.0   -0.00009    0.00001    0.00001    0.00017   -0.00004 
5*0.0    0.00003   -0.00001   -0.00001   -0.00008    0.00002 3*0.0   -0.00001 0.0   -0.00009    0.00001    0.00001    0.00016   -0.00004 
5*0.0    0.00003   -0.00001   -0.00001   -0.00008    0.00002 3*0.0   -0.00001 0.0   -0.00008    0.00001    0.00001    0.00016   -0.00004 
5*0.0    0.00003 2*0.0   -0.00008    0.00002 3*0.0   -0.00001 0.0   -0.00008    0.00001    0.00001    0.00015   -0.00003 
5*0.0    0.00003 2*0.0   -0.00008    0.00002 3*0.0   -0.00001 0.0   -0.00008    0.00001    0.00001    0.00015   -0.00003 
5*0.0    0.00003 2*0.0   -0.00007    0.00002 3*0.0   -0.00001 0.0   -0.00008    0.00001    0.00001    0.00014   -0.00003 
5*0.0    0.00003 2*0.0   -0.00007    0.00002 3*0.0   -0.00001 0.0   -0.00008    0.00001    0.00001    0.00014   -0.00003 
5*0.0    0.00003 2*0.0   -0.00007    0.00001 3*0.0   -0.00001 0.0   -0.00008    0.00001    0.00001    0.00013   -0.00003 
5*0.0    0.00003 2*0.0   -0.00007    0.00001 3*0.0   -0.00001 0.0   -0.00008    0.00001    0.00001    0.00013   -0.00002 
5*0.0    0.00003 2*0.0   -0.00007    0.00001 3*0.0   -0.00001 0.0   -0.00007    0.00001    0.00001    0.00012   -0.00002 
5*0.0    0.00002 2*0.0   -0.00006    0.00001 3*0.0   -0.00001 0.0   -0.00007    0.00001    0.00001    0.00012   -0.00002 
5*0.0    0.00002 2*0.0   -0.00006    0.00001 3*0.0   -0.00001 0.0   -0.00007    0.00001    0.00001    0.00011   -0.00002 
5*0.0    0.00002 2*0.0   -0.00006    0.00001 3*0.0   -0.00001 0.0   -0.00007    0.00001    0.00001    0.00011   -0.00002 
5*0.0    0.00002 2*0.0   -0.00006    0.00001 3*0.0   -0.00001 0.0   -0.00007    0.00001    0.00001    0.00010   -0.00002 
5*0.0    0.00002 2*0.0   -0.00006    0.00001 5*0.0   -0.00006    0.00001    0.00001    0.00010   -0.00001 
5*0.0    0.00002 2*0.0   -0.00005    0.00001 5*0.0   -0.00006    0.00001    0.00001    0.00010   -0.00001 
5*0.0    0.00002 2*0.0   -0.00005    0.00001 5*0.0   -0.00006    0.00001    0.00001    0.00009   -0.00001 
