################################################################################
# Neural network connection values (weights and biases).
################################################################################
# Col  Name       Description
################################################################################
# 1    connection Neural network connection value.
# 2    t          Connection type (a = weight, b = bias).
# 3    index      Index enumerating weights.
# 4    l_s        Starting point layer (end point layer for biases).
# 5    n_s        Starting point neuron in starting layer (end point neuron for biases).
# 6    l_e        End point layer.
# 7    n_e        End point neuron in end layer.
################################################################################
#                      1 2         3     4     5     6     7
#             connection t     index   l_s   n_s   l_e   n_e
############################################################
 -1.4743705267740645E-01 a         1     0     1     1     1
 -1.5215533213459007E+00 a         2     0     1     1     2
 -1.4899453641878876E-01 a         3     0     1     1     3
 -3.5032784365845882E-01 a         4     0     1     1     4
 -1.9022189818238897E-01 a         5     0     1     1     5
 -1.1129910619577259E-01 a         6     0     1     1     6
  3.7580309635485259E-01 a         7     0     1     1     7
 -1.2499709400658915E-01 a         8     0     1     1     8
  1.6641001299851366E-01 a         9     0     1     1     9
 -5.4242625408284428E-01 a        10     0     1     1    10
  1.0213789199140556E-01 a        11     0     1     1    11
 -8.4949186764976448E-01 a        12     0     1     1    12
 -4.8320407395894077E-01 a        13     0     1     1    13
  2.5171093101704722E-01 a        14     0     1     1    14
 -1.6197521909019563E-01 a        15     0     1     1    15
  3.4332878937677280E-02 a        16     0     1     1    16
 -1.3841260584868517E-01 a        17     0     1     1    17
  1.2520843227356687E-01 a        18     0     1     1    18
 -1.6650608168961702E-03 a        19     0     1     1    19
 -4.3736831564518247E-01 a        20     0     1     1    20
  6.7729016872592551E-01 a        21     0     2     1     1
  1.9608513821148843E+00 a        22     0     2     1     2
  1.5538011882714298E-01 a        23     0     2     1     3
  8.6524253401853046E-01 a        24     0     2     1     4
  3.9850561246547667E-01 a        25     0     2     1     5
 -1.4766092919593471E-01 a        26     0     2     1     6
 -7.4884334265617664E-02 a        27     0     2     1     7
  4.0451012032855921E-02 a        28     0     2     1     8
  5.8150586406682403E-01 a        29     0     2     1     9
 -3.6074900920469111E-01 a        30     0     2     1    10
 -2.5358153040895202E-02 a        31     0     2     1    11
 -3.8974860027384442E-02 a        32     0     2     1    12
  5.7023795818743894E-01 a        33     0     2     1    13
  1.4146517839832992E-01 a        34     0     2     1    14
 -6.9101351530338126E-02 a        35     0     2     1    15
 -2.7347029360534836E-01 a        36     0     2     1    16
  3.3592037043747519E-01 a        37     0     2     1    17
  2.9767382410695081E-01 a        38     0     2     1    18
 -2.6543689046523565E-02 a        39     0     2     1    19
  6.0744448429190401E-01 a        40     0     2     1    20
 -3.8812072910929124E-01 a        41     0     3     1     1
  4.0713524749102864E-02 a        42     0     3     1     2
  8.1374064528990112E-02 a        43     0     3     1     3
 -3.2399119747901944E-01 a        44     0     3     1     4
 -4.8542764899827284E-01 a        45     0     3     1     5
  4.6339100505656122E-01 a        46     0     3     1     6
 -4.0247767858116568E-01 a        47     0     3     1     7
 -2.2039708055232317E-02 a        48     0     3     1     8
 -4.1767435079319076E-01 a        49     0     3     1     9
 -4.0877592234879612E-01 a        50     0     3     1    10
  4.3780594031600573E-01 a        51     0     3     1    11
 -3.5964330326981436E-01 a        52     0     3     1    12
  8.2061544306872458E-02 a        53     0     3     1    13
 -1.7620088977182158E-01 a        54     0     3     1    14
  1.1622093856149046E-03 a        55     0     3     1    15
 -4.0656161886100450E-01 a        56     0     3     1    16
 -8.1556490182009012E-01 a        57     0     3     1    17
 -6.5634861776691589E-02 a        58     0     3     1    18
 -5.9713931187088032E-01 a        59     0     3     1    19
  1.7731383847852701E-02 a        60     0     3     1    20
  3.2579363899367098E-01 a        61     0     4     1     1
 -7.5153877337157082E-01 a        62     0     4     1     2
  2.5467941986578058E-01 a        63     0     4     1     3
  3.3651017014479329E-01 a        64     0     4     1     4
  2.6664243190835635E-01 a        65     0     4     1     5
  1.2380489099221827E-01 a        66     0     4     1     6
  2.2716093516324802E-02 a        67     0     4     1     7
  6.3131808384849109E-01 a        68     0     4     1     8
  3.0486941068511506E-02 a        69     0     4     1     9
  5.7052446331191907E-02 a        70     0     4     1    10
 -5.5276496356921412E-01 a        71     0     4     1    11
  3.2967332443871883E-01 a        72     0     4     1    12
 -4.0183389155615074E-01 a        73     0     4     1    13
 -5.6871462145770524E-01 a        74     0     4     1    14
  3.1436456212877528E-01 a        75     0     4     1    15
  4.4003743827448732E-01 a        76     0     4     1    16
  5.4767813656277609E-01 a        77     0     4     1    17
 -8.2931590262113897E-01 a        78     0     4     1    18
  2.5394529515080044E-01 a        79     0     4     1    19
  2.1028115583362794E-01 a        80     0     4     1    20
 -5.2853400991053123E-01 a        81     0     5     1     1
  7.3065814923525751E-01 a        82     0     5     1     2
  1.0665463698073970E-02 a        83     0     5     1     3
  1.1585464039003703E-01 a        84     0     5     1     4
  4.2826279559513203E-01 a        85     0     5     1     5
 -6.0234490641987093E-01 a        86     0     5     1     6
 -3.0834489081490318E-01 a        87     0     5     1     7
 -1.1518397393925846E-02 a        88     0     5     1     8
  1.0377733309229970E-01 a        89     0     5     1     9
 -7.2785775875506928E-02 a        90     0     5     1    10
  1.5603741947798852E-01 a        91     0     5     1    11
 -1.1570880284432916E-01 a        92     0     5     1    12
  2.2435935786450156E-01 a        93     0     5     1    13
  4.4171972194700787E-01 a        94     0     5     1    14
 -3.8391441018374783E-01 a        95     0     5     1    15
 -4.2490607812812092E-01 a        96     0     5     1    16
  3.1987697386055308E-02 a        97     0     5     1    17
 -4.8804934117440954E-02 a        98     0     5     1    18
 -2.6297178811676236E-01 a        99     0     5     1    19
  4.2771854062306047E-01 a       100     0     5     1    20
  1.1346850341333237E-01 a       101     0     6     1     1
 -4.0741928826142798E-01 a       102     0     6     1     2
 -7.3062569745118888E-01 a       103     0     6     1     3
 -7.1632308272000578E-01 a       104     0     6     1     4
  2.4249002295121145E-02 a       105     0     6     1     5
  2.8005195884367905E-02 a       106     0     6     1     6
  5.0719155941781491E-01 a       107     0     6     1     7
 -5.2312990647764923E-01 a       108     0     6     1     8
  1.9861220686507425E-01 a       109     0     6     1     9
  6.7825003544516815E-01 a       110     0     6     1    10
  9.1013549015700732E-02 a       111     0     6     1    11
  1.6215012310720109E-01 a       112     0     6     1    12
 -1.7521410646507629E-01 a       113     0     6     1    13
  3.3054793243964299E-02 a       114     0     6     1    14
 -1.8319227685310027E-01 a       115     0     6     1    15
  7.3509279071718159E-01 a       116     0     6     1    16
 -6.6419983408281846E-01 a       117     0     6     1    17
  9.5907930058522176E-02 a       118     0     6     1    18
  3.6786929965152210E-01 a       119     0     6     1    19
 -5.0356439642708439E-01 a       120     0     6     1    20
 -2.3182619899645526E-02 a       121     0     7     1     1
  3.9563952107780853E-01 a       122     0     7     1     2
 -1.0560394022169201E-01 a       123     0     7     1     3
  1.4426319526577480E-01 a       124     0     7     1     4
  2.5516526436551795E-01 a       125     0     7     1     5
  3.6402586984371121E-01 a       126     0     7     1     6
 -1.2167336995549678E-01 a       127     0     7     1     7
  5.1121793025880088E-02 a       128     0     7     1     8
  1.6700040627406670E-01 a       129     0     7     1     9
 -1.2643170834953085E-01 a       130     0     7     1    10
 -3.5201171665537245E-01 a       131     0     7     1    11
 -2.7566569966254356E-01 a       132     0     7     1    12
  4.1393127187308959E-01 a       133     0     7     1    13
 -5.6995535387294982E-01 a       134     0     7     1    14
  6.3393899017041020E-04 a       135     0     7     1    15
  2.7263382850494089E-01 a       136     0     7     1    16
  6.7393175113671849E-02 a       137     0     7     1    17
 -3.0866862698200564E-01 a       138     0     7     1    18
  8.0707204271758107E-02 a       139     0     7     1    19
 -5.1843686798253119E-01 a       140     0     7     1    20
  2.5550259950803444E-01 a       141     0     8     1     1
  1.0805640494626336E+00 a       142     0     8     1     2
 -1.6277300677974377E-01 a       143     0     8     1     3
  2.4380931244323356E-01 a       144     0     8     1     4
 -3.8401892486960082E-01 a       145     0     8     1     5
 -3.2577137993938611E-02 a       146     0     8     1     6
 -5.5138102261168651E-02 a       147     0     8     1     7
 -2.5915775737724783E-02 a       148     0     8     1     8
 -7.1060066446113762E-02 a       149     0     8     1     9
 -3.8124913768769242E-01 a       150     0     8     1    10
  3.8215357456365667E-01 a       151     0     8     1    11
 -2.1705575218219009E-01 a       152     0     8     1    12
  4.4469247760313152E-01 a       153     0     8     1    13
 -1.1313908273018553E-01 a       154     0     8     1    14
 -1.4726168172532902E-01 a       155     0     8     1    15
 -7.1039527477822195E-01 a       156     0     8     1    16
 -1.1697389694373948E-01 a       157     0     8     1    17
  2.5527781775660446E-01 a       158     0     8     1    18
  1.9171988276249841E-01 a       159     0     8     1    19
  5.8564003361028742E-03 a       160     0     8     1    20
  4.3236245130372880E-01 a       161     0     9     1     1
 -1.9725162686441378E-01 a       162     0     9     1     2
 -1.2906177661885632E-01 a       163     0     9     1     3
  4.3882176142055335E-01 a       164     0     9     1     4
  8.8216122473210798E-02 a       165     0     9     1     5
  1.1532602108003100E-01 a       166     0     9     1     6
  1.8001965236868908E-01 a       167     0     9     1     7
  7.3471579929394737E-01 a       168     0     9     1     8
  1.0483230835869493E-01 a       169     0     9     1     9
 -6.5003960583469508E-02 a       170     0     9     1    10
  1.1302794741569769E-01 a       171     0     9     1    11
 -7.3521776973581185E-02 a       172     0     9     1    12
 -1.4511063355986295E-01 a       173     0     9     1    13
 -1.9326090226811957E-01 a       174     0     9     1    14
 -7.9684253526931065E-02 a       175     0     9     1    15
  7.3128410533028931E-01 a       176     0     9     1    16
 -2.4618369958995445E-01 a       177     0     9     1    17
 -3.7092577161807377E-01 a       178     0     9     1    18
  2.4269090407883409E-01 a       179     0     9     1    19
 -1.3726100046019435E-01 a       180     0     9     1    20
  4.8200559660348258E-01 a       181     0    10     1     1
 -2.2303730231465699E-01 a       182     0    10     1     2
 -8.8696957083465797E-02 a       183     0    10     1     3
 -5.9097176229768907E-02 a       184     0    10     1     4
 -4.1866778122705683E-01 a       185     0    10     1     5
  4.3473484547773826E-02 a       186     0    10     1     6
  7.0436183037143454E-02 a       187     0    10     1     7
 -1.9265136847292658E-01 a       188     0    10     1     8
 -8.2249155012526290E-03 a       189     0    10     1     9
  2.6085973021179831E-01 a       190     0    10     1    10
  3.1764917124751983E-02 a       191     0    10     1    11
  1.2245098465362768E-01 a       192     0    10     1    12
 -3.2700707221035208E-01 a       193     0    10     1    13
 -6.5350390208879477E-02 a       194     0    10     1    14
  2.0739755714605840E-01 a       195     0    10     1    15
 -6.2271282603151993E-03 a       196     0    10     1    16
 -2.3822795190542903E-01 a       197     0    10     1    17
 -7.8930578171361759E-02 a       198     0    10     1    18
 -5.4794088102816230E-01 a       199     0    10     1    19
  2.4998425246705064E-01 a       200     0    10     1    20
  1.6765958690971888E-01 a       201     0    11     1     1
  8.5609097357366848E-01 a       202     0    11     1     2
  1.1242735694970885E-01 a       203     0    11     1     3
  3.6706049189024692E-01 a       204     0    11     1     4
  3.1873741862498495E-01 a       205     0    11     1     5
 -2.1307599977307610E-02 a       206     0    11     1     6
  8.3740012426867183E-01 a       207     0    11     1     7
 -3.4311338165802965E-02 a       208     0    11     1     8
  2.8787347811722225E-01 a       209     0    11     1     9
 -1.3055199581411559E-02 a       210     0    11     1    10
  1.2492048683127281E-01 a       211     0    11     1    11
  1.8123437389883684E-01 a       212     0    11     1    12
  4.6644880870819461E-01 a       213     0    11     1    13
 -1.5475019042661969E-01 a       214     0    11     1    14
  1.3078160747683362E-01 a       215     0    11     1    15
  2.0571904657107137E-01 a       216     0    11     1    16
 -3.1256181843984632E-01 a       217     0    11     1    17
  3.7682547624935564E-01 a       218     0    11     1    18
  2.2671088382656993E-01 a       219     0    11     1    19
  2.0009979817734284E-02 a       220     0    11     1    20
 -4.4118038187995373E-01 a       221     0    12     1     1
 -1.3809006866136631E-01 a       222     0    12     1     2
 -9.9872380533879826E-02 a       223     0    12     1     3
  4.8309023894749219E-02 a       224     0    12     1     4
  7.2101603135343514E-02 a       225     0    12     1     5
 -5.8415826745421937E-02 a       226     0    12     1     6
 -2.2701425627718813E-01 a       227     0    12     1     7
 -6.0100125402830024E-02 a       228     0    12     1     8
 -3.7036889684512131E-02 a       229     0    12     1     9
  4.0837018938424180E-01 a       230     0    12     1    10
 -5.7004449977702702E-02 a       231     0    12     1    11
 -8.8122566344657108E-02 a       232     0    12     1    12
  2.4744352025754604E-01 a       233     0    12     1    13
  1.6117705192153592E-01 a       234     0    12     1    14
 -7.7612781571883810E-02 a       235     0    12     1    15
 -3.0984541966707119E-01 a       236     0    12     1    16
  5.2984651260593607E-01 a       237     0    12     1    17
  3.3452656594763992E-02 a       238     0    12     1    18
  9.2998459300961900E-02 a       239     0    12     1    19
 -1.2365470734613709E-01 a       240     0    12     1    20
 -2.5257519000998828E-03 a       241     0    13     1     1
 -2.9781772337820833E-01 a       242     0    13     1     2
 -1.3919241352895109E-01 a       243     0    13     1     3
  5.5278894616453234E-01 a       244     0    13     1     4
 -4.6122342442210273E-01 a       245     0    13     1     5
  3.5668030487836344E-01 a       246     0    13     1     6
 -9.9578250478721564E-01 a       247     0    13     1     7
 -1.2979237942202254E-01 a       248     0    13     1     8
 -3.8387859294750526E-01 a       249     0    13     1     9
  1.1188929539185803E-01 a       250     0    13     1    10
  5.6786302446928456E-02 a       251     0    13     1    11
  4.4385832651477197E-01 a       252     0    13     1    12
 -1.0816705289411912E+00 a       253     0    13     1    13
  2.4390653309355997E-01 a       254     0    13     1    14
 -2.2276325752587389E-03 a       255     0    13     1    15
 -3.4301841852124643E-01 a       256     0    13     1    16
  3.8842047433567767E-01 a       257     0    13     1    17
 -4.0522993355880066E-01 a       258     0    13     1    18
 -5.9229616532439655E-01 a       259     0    13     1    19
  4.1012966712494175E-01 a       260     0    13     1    20
  3.8482150604920151E-01 a       261     0    14     1     1
  3.6526813808889463E-01 a       262     0    14     1     2
  7.5533477040462441E-02 a       263     0    14     1     3
  2.1100423169750465E-01 a       264     0    14     1     4
 -1.0266545654369541E-01 a       265     0    14     1     5
  2.4677956538659068E-01 a       266     0    14     1     6
 -2.2301598944317325E-02 a       267     0    14     1     7
  2.0029067359768726E-01 a       268     0    14     1     8
  2.0732349914777701E-01 a       269     0    14     1     9
  3.3978594340956747E-01 a       270     0    14     1    10
  2.9927090008565849E-01 a       271     0    14     1    11
 -1.4674878351405890E-01 a       272     0    14     1    12
  1.4657172377893904E-01 a       273     0    14     1    13
 -3.8457922702685571E-01 a       274     0    14     1    14
 -1.9772501001799231E-01 a       275     0    14     1    15
  2.4558638954082504E-01 a       276     0    14     1    16
 -5.0037743009447377E-01 a       277     0    14     1    17
 -5.7148673565681318E-01 a       278     0    14     1    18
 -7.6555408219160193E-01 a       279     0    14     1    19
 -1.3426496693006942E-01 a       280     0    14     1    20
 -4.1187204149964317E-02 a       281     0    15     1     1
 -5.6561359000328504E-01 a       282     0    15     1     2
  1.4141077497628263E-02 a       283     0    15     1     3
 -1.2729766739160580E-02 a       284     0    15     1     4
  1.4881657284075697E-01 a       285     0    15     1     5
  9.3666748465322902E-01 a       286     0    15     1     6
  7.3493041201458242E-01 a       287     0    15     1     7
 -7.5178889974098984E-01 a       288     0    15     1     8
 -4.9251463898918740E-01 a       289     0    15     1     9
 -2.6303325528622196E-01 a       290     0    15     1    10
  8.0874244976286802E-01 a       291     0    15     1    11
 -3.8619221408528365E-01 a       292     0    15     1    12
 -4.4726598536988604E-01 a       293     0    15     1    13
 -6.8431645842911937E-01 a       294     0    15     1    14
  1.1617894914992800E-01 a       295     0    15     1    15
  5.2766651125300057E-01 a       296     0    15     1    16
 -2.6123895491395921E-01 a       297     0    15     1    17
  6.3743433635001090E-01 a       298     0    15     1    18
  1.6096547250369880E-01 a       299     0    15     1    19
 -7.8007716031397376E-02 a       300     0    15     1    20
 -2.2807428963875359E-02 a       301     0    16     1     1
 -1.1948348167441596E-01 a       302     0    16     1     2
  1.6861670726937863E-02 a       303     0    16     1     3
  2.3858479508246155E-01 a       304     0    16     1     4
  2.2574170846481401E-01 a       305     0    16     1     5
  3.9763296310332728E-02 a       306     0    16     1     6
 -1.5147306306839339E-01 a       307     0    16     1     7
  9.8724163019402428E-02 a       308     0    16     1     8
 -5.1486990453789988E-02 a       309     0    16     1     9
  1.4902740478495194E-02 a       310     0    16     1    10
  7.2401983184467431E-04 a       311     0    16     1    11
  3.8709513746980284E-01 a       312     0    16     1    12
 -1.0529316167271910E-01 a       313     0    16     1    13
 -2.7513341306485462E-01 a       314     0    16     1    14
 -8.5605805159050294E-02 a       315     0    16     1    15
 -9.1666226011135887E-02 a       316     0    16     1    16
  4.6079125484514416E-01 a       317     0    16     1    17
 -1.4073045991605335E-01 a       318     0    16     1    18
 -4.2879273454074168E-01 a       319     0    16     1    19
 -2.1153413854980474E-01 a       320     0    16     1    20
  1.4618276282759381E-02 a       321     0    17     1     1
  1.5910227156964885E-01 a       322     0    17     1     2
  6.0701680012015978E-03 a       323     0    17     1     3
  1.7897022468842991E-01 a       324     0    17     1     4
  3.6976418559448103E-02 a       325     0    17     1     5
 -3.7735335583922343E-02 a       326     0    17     1     6
 -1.5981683952875397E-01 a       327     0    17     1     7
  2.0800631750544116E-01 a       328     0    17     1     8
 -5.6313125772847097E-02 a       329     0    17     1     9
 -5.9807022224637955E-02 a       330     0    17     1    10
 -2.0970482738183724E-01 a       331     0    17     1    11
 -4.2602565582021357E-01 a       332     0    17     1    12
 -1.1271079358006006E-01 a       333     0    17     1    13
 -1.4961124604555093E-01 a       334     0    17     1    14
  1.2995568419430226E-01 a       335     0    17     1    15
 -1.4277369838976800E-01 a       336     0    17     1    16
 -5.6955418105217315E-02 a       337     0    17     1    17
 -1.0036174011662711E-02 a       338     0    17     1    18
 -2.1388261238327380E-01 a       339     0    17     1    19
  2.4662650235615183E-01 a       340     0    17     1    20
 -4.2072195055862877E-01 a       341     0    18     1     1
  3.5155574758012481E-01 a       342     0    18     1     2
  8.9313162175688535E-02 a       343     0    18     1     3
 -2.0926015152514610E-01 a       344     0    18     1     4
  2.1155606121601278E-02 a       345     0    18     1     5
 -4.3077736581016081E-02 a       346     0    18     1     6
 -2.2200055044583003E-01 a       347     0    18     1     7
 -3.2445668324958898E-01 a       348     0    18     1     8
 -3.4124263901425095E-01 a       349     0    18     1     9
  4.9028885374927189E-01 a       350     0    18     1    10
 -5.2893507351285729E-02 a       351     0    18     1    11
  3.0461304573692066E-01 a       352     0    18     1    12
  1.7791331662750798E-01 a       353     0    18     1    13
 -4.4645173753133670E-02 a       354     0    18     1    14
  2.9327313676768502E-01 a       355     0    18     1    15
  8.0075840542826279E-02 a       356     0    18     1    16
 -3.3435494417975165E-01 a       357     0    18     1    17
 -1.0108034337654326E-01 a       358     0    18     1    18
 -4.8373409625532722E-03 a       359     0    18     1    19
 -1.2147005768503916E-01 a       360     0    18     1    20
  5.6624161150010588E-01 a       361     0    19     1     1
  1.1340212574751244E-02 a       362     0    19     1     2
  4.7593265086697929E-02 a       363     0    19     1     3
 -1.8057370535521264E-01 a       364     0    19     1     4
  3.9526392856070919E-01 a       365     0    19     1     5
  1.9341779654781593E-02 a       366     0    19     1     6
  5.5182573249287208E-02 a       367     0    19     1     7
 -2.6392888087787547E-01 a       368     0    19     1     8
  2.0334602486182471E-01 a       369     0    19     1     9
 -2.3133928516013486E-01 a       370     0    19     1    10
  5.4490555551556408E-02 a       371     0    19     1    11
  2.5416082242339122E-01 a       372     0    19     1    12
 -1.8323085721891418E-02 a       373     0    19     1    13
 -2.4056164064991775E-01 a       374     0    19     1    14
 -1.4854440220743489E-01 a       375     0    19     1    15
  1.4402882597682620E-01 a       376     0    19     1    16
 -1.7487765769521155E-01 a       377     0    19     1    17
 -1.3056722455134415E-01 a       378     0    19     1    18
  2.2390760582030819E-01 a       379     0    19     1    19
  1.1499438274453759E-02 a       380     0    19     1    20
  4.7460658363042069E-01 a       381     0    20     1     1
 -1.3486047394942680E+00 a       382     0    20     1     2
 -2.2055452071372655E-01 a       383     0    20     1     3
 -1.1994012058895766E-01 a       384     0    20     1     4
 -5.8154032398373889E-01 a       385     0    20     1     5
  1.2663223304421956E-01 a       386     0    20     1     6
  5.8058771577377466E-01 a       387     0    20     1     7
  7.2606062726628484E-01 a       388     0    20     1     8
  1.4073033673916624E-01 a       389     0    20     1     9
  4.4388919689001199E-01 a       390     0    20     1    10
  1.0447617793558994E-01 a       391     0    20     1    11
  2.7314719269908150E-01 a       392     0    20     1    12
 -3.4112412739345305E-01 a       393     0    20     1    13
  2.3182420437177892E-01 a       394     0    20     1    14
 -3.2347229033238151E-01 a       395     0    20     1    15
 -4.3091262831504969E-03 a       396     0    20     1    16
  1.0186473629196628E+00 a       397     0    20     1    17
  5.0024209737215031E-01 a       398     0    20     1    18
  3.3771368160177839E-01 a       399     0    20     1    19
 -1.9376803915346161E-01 a       400     0    20     1    20
  6.5371868130210314E-02 a       401     0    21     1     1
  3.7843097378361468E-01 a       402     0    21     1     2
  8.1108589101173342E-02 a       403     0    21     1     3
 -2.0713573295340515E-01 a       404     0    21     1     4
  4.5001251506719131E-01 a       405     0    21     1     5
  2.9888599223456547E-02 a       406     0    21     1     6
 -4.0885650935481493E-01 a       407     0    21     1     7
  3.4145736939268484E-01 a       408     0    21     1     8
 -3.5920389522235885E-01 a       409     0    21     1     9
  2.1043328279976015E-01 a       410     0    21     1    10
  6.4560723557537711E-02 a       411     0    21     1    11
  5.2308037101321159E-01 a       412     0    21     1    12
 -7.5805048393468272E-02 a       413     0    21     1    13
 -4.4369165563139590E-01 a       414     0    21     1    14
  1.5617830427843524E-01 a       415     0    21     1    15
  5.4995386148192216E-02 a       416     0    21     1    16
  1.3493893377684121E-01 a       417     0    21     1    17
 -1.0946270166402747E-02 a       418     0    21     1    18
  4.8917568898435743E-01 a       419     0    21     1    19
  1.0819511669619146E-01 a       420     0    21     1    20
 -5.7483119905163205E-01 a       421     0    22     1     1
 -7.5872061664823620E-01 a       422     0    22     1     2
 -3.8929529803992013E-01 a       423     0    22     1     3
 -5.7081513796393279E-01 a       424     0    22     1     4
 -3.0221938796860078E-02 a       425     0    22     1     5
 -3.9632577029491876E-02 a       426     0    22     1     6
  1.0561563103109257E-04 a       427     0    22     1     7
 -4.8572014261185820E-02 a       428     0    22     1     8
 -3.1674296898049920E-01 a       429     0    22     1     9
 -1.1660971938878323E-01 a       430     0    22     1    10
 -2.0146974325952885E-01 a       431     0    22     1    11
 -1.4238808067911138E-01 a       432     0    22     1    12
 -1.2309468923464649E-01 a       433     0    22     1    13
  3.4251343964479111E-02 a       434     0    22     1    14
 -3.8686788492201571E-02 a       435     0    22     1    15
  6.6306937889395970E-02 a       436     0    22     1    16
  6.5292639339095654E-02 a       437     0    22     1    17
  2.8861242574335677E-01 a       438     0    22     1    18
 -2.2249798842043170E-01 a       439     0    22     1    19
 -2.2026900041108580E-01 a       440     0    22     1    20
 -1.6173197299373390E-01 a       441     0    23     1     1
 -2.3264597155155525E-01 a       442     0    23     1     2
  2.3932965771969616E-01 a       443     0    23     1     3
  1.7685243618705712E-01 a       444     0    23     1     4
 -3.6343096843226796E-01 a       445     0    23     1     5
 -1.4380418555357938E-01 a       446     0    23     1     6
 -3.3441176676002424E-02 a       447     0    23     1     7
 -8.2227933165836498E-01 a       448     0    23     1     8
 -1.3671475546889753E-01 a       449     0    23     1     9
 -4.9513816979735736E-01 a       450     0    23     1    10
  7.7656787317944523E-02 a       451     0    23     1    11
 -3.8614652641214575E-01 a       452     0    23     1    12
  4.7662330424920865E-02 a       453     0    23     1    13
  8.5893752193151129E-01 a       454     0    23     1    14
  1.4427841697529459E-01 a       455     0    23     1    15
  1.2962799093796501E-01 a       456     0    23     1    16
 -3.2919956777602877E-01 a       457     0    23     1    17
 -7.9877420145195943E-02 a       458     0    23     1    18
 -1.2896167408032283E-01 a       459     0    23     1    19
 -4.1671940646195678E-02 a       460     0    23     1    20
 -6.7664421601233898E-02 a       461     0    24     1     1
  3.2200563682296074E-01 a       462     0    24     1     2
  1.8578365366215449E-01 a       463     0    24     1     3
  2.3037570805901750E-01 a       464     0    24     1     4
  4.6493259676611359E-01 a       465     0    24     1     5
 -6.9180899442399862E-03 a       466     0    24     1     6
 -2.2630432335536330E-02 a       467     0    24     1     7
  1.2737670667372752E-01 a       468     0    24     1     8
  6.2541769752930090E-02 a       469     0    24     1     9
  2.3656171146942068E-01 a       470     0    24     1    10
 -1.4607654520483715E-01 a       471     0    24     1    11
 -2.5892201547391618E-02 a       472     0    24     1    12
 -2.8572038202450870E-02 a       473     0    24     1    13
 -2.8468837506827382E-01 a       474     0    24     1    14
  2.7676172062101656E-02 a       475     0    24     1    15
  7.7541628142212089E-03 a       476     0    24     1    16
  2.3085241669212699E-02 a       477     0    24     1    17
  6.4541563943582098E-02 a       478     0    24     1    18
 -1.0774613768570104E-01 a       479     0    24     1    19
  1.2787756719765556E-01 a       480     0    24     1    20
  4.3840321761611865E-02 a       481     0    25     1     1
 -1.2209681588396996E-02 a       482     0    25     1     2
  7.0679915327439391E-02 a       483     0    25     1     3
 -4.8668355673842756E-02 a       484     0    25     1     4
 -6.8347755183451722E-02 a       485     0    25     1     5
 -7.3796997088455260E-02 a       486     0    25     1     6
  3.1502681823720058E-01 a       487     0    25     1     7
 -1.6652695775694418E-01 a       488     0    25     1     8
  2.0469045504769537E-01 a       489     0    25     1     9
 -1.6305753986031657E-01 a       490     0    25     1    10
 -7.5539705188721926E-02 a       491     0    25     1    11
 -3.4812875002836870E-02 a       492     0    25     1    12
  1.5257593573173266E-02 a       493     0    25     1    13
  5.1671580168733307E-02 a       494     0    25     1    14
 -2.0621176914683603E-01 a       495     0    25     1    15
  1.7183918457529337E-01 a       496     0    25     1    16
 -3.0377900807021901E-01 a       497     0    25     1    17
  1.9643072828685570E-01 a       498     0    25     1    18
  1.6150184172058885E-01 a       499     0    25     1    19
 -3.7476993887215287E-02 a       500     0    25     1    20
  2.2507065440473259E-01 a       501     0    26     1     1
 -9.1776543429233817E-02 a       502     0    26     1     2
  2.5287990826010226E-01 a       503     0    26     1     3
 -3.2153676308325402E-01 a       504     0    26     1     4
 -3.3066793903158469E-02 a       505     0    26     1     5
 -3.0236654904156224E-02 a       506     0    26     1     6
 -2.3745360365139075E-02 a       507     0    26     1     7
 -1.8728758441678822E-01 a       508     0    26     1     8
  1.9941018281737682E-01 a       509     0    26     1     9
 -4.7687099140493605E-01 a       510     0    26     1    10
  3.5459582438574153E-02 a       511     0    26     1    11
 -2.2609694748646222E-01 a       512     0    26     1    12
 -1.1687647936594453E-01 a       513     0    26     1    13
 -3.1930092686559150E-02 a       514     0    26     1    14
  1.3625148443089088E-01 a       515     0    26     1    15
 -4.9152176005818476E-01 a       516     0    26     1    16
 -1.4951510937671136E-01 a       517     0    26     1    17
 -1.7013986353898686E-01 a       518     0    26     1    18
 -1.4078628125034548E-01 a       519     0    26     1    19
  2.3146089379847465E-01 a       520     0    26     1    20
 -6.4890624232781002E-01 a       521     0    27     1     1
 -2.0153191923510924E-01 a       522     0    27     1     2
 -5.3404404977557385E-01 a       523     0    27     1     3
 -7.2766133241651945E-02 a       524     0    27     1     4
 -5.4885031998199074E-01 a       525     0    27     1     5
 -1.5199648386456099E-01 a       526     0    27     1     6
 -4.8754166370371432E-01 a       527     0    27     1     7
  9.7625790388254596E-01 a       528     0    27     1     8
  5.1811234553957553E-01 a       529     0    27     1     9
  1.1849153446684615E-01 a       530     0    27     1    10
  1.6231022967921890E-01 a       531     0    27     1    11
 -1.0430773251179755E-01 a       532     0    27     1    12
  4.4249149084526829E-01 a       533     0    27     1    13
  1.9407598323638175E-01 a       534     0    27     1    14
 -7.8105969712357379E-02 a       535     0    27     1    15
 -1.5980176041602212E-01 a       536     0    27     1    16
 -6.1817931330313014E-01 a       537     0    27     1    17
 -3.3174904906031688E-01 a       538     0    27     1    18
  6.8370278705504306E-01 a       539     0    27     1    19
  3.4237294544069180E-01 a       540     0    27     1    20
  1.3456000374355492E+00 b       541     1     1
 -7.8416187283346483E-01 b       542     1     2
 -7.2369667590430797E-01 b       543     1     3
  6.0042160834876690E-01 b       544     1     4
  3.8125215384148141E-02 b       545     1     5
 -1.8055554774486824E+00 b       546     1     6
  8.4645072844873259E-01 b       547     1     7
 -1.2858151635204693E+00 b       548     1     8
 -9.2611266121153679E-01 b       549     1     9
 -1.4606468158284076E+00 b       550     1    10
 -1.6831253919782885E-01 b       551     1    11
  5.6617994003561756E-01 b       552     1    12
  2.3750276026455637E-02 b       553     1    13
 -3.6123390435548991E-01 b       554     1    14
  4.3218234557686258E-01 b       555     1    15
 -1.4960183442920025E+00 b       556     1    16
 -5.3504151375165132E-01 b       557     1    17
  5.2316218943464499E-01 b       558     1    18
 -5.4001044239774265E-01 b       559     1    19
  5.1431136278081147E-01 b       560     1    20
  8.8406452113584444E-01 a       561     1     1     2     1
  1.6851711319656154E-01 a       562     1     1     2     2
 -3.7478011597114905E-02 a       563     1     1     2     3
 -1.5398685232702441E-01 a       564     1     1     2     4
 -6.7172352118139478E-01 a       565     1     1     2     5
 -9.3086918960573944E-02 a       566     1     1     2     6
  3.6687255420750975E-01 a       567     1     1     2     7
 -2.1806864107886473E-01 a       568     1     1     2     8
 -5.6922019148333960E-02 a       569     1     1     2     9
 -5.1029135740496956E-01 a       570     1     1     2    10
  2.8133916458318453E-01 a       571     1     1     2    11
  9.8290304208910984E-01 a       572     1     1     2    12
 -6.1727111421988756E-01 a       573     1     1     2    13
  2.6301011982423983E-01 a       574     1     1     2    14
 -2.9165915945335791E-01 a       575     1     1     2    15
  3.7897728587830491E-02 a       576     1     1     2    16
 -3.3171281875268799E-01 a       577     1     1     2    17
 -5.4315059116815145E-01 a       578     1     1     2    18
 -1.7857577466388133E-01 a       579     1     1     2    19
  7.8205230765690262E-02 a       580     1     1     2    20
  5.6449647850345230E-01 a       581     1     2     2     1
 -3.0612500718809788E-01 a       582     1     2     2     2
 -3.2079326264666375E-01 a       583     1     2     2     3
 -5.8230389447240616E-01 a       584     1     2     2     4
  9.2650259120173473E-01 a       585     1     2     2     5
  1.2214894910883350E-01 a       586     1     2     2     6
 -5.2978266410893471E-01 a       587     1     2     2     7
 -6.8994473070979878E-01 a       588     1     2     2     8
 -7.0888875422312064E-02 a       589     1     2     2     9
 -1.2181371986525617E-01 a       590     1     2     2    10
  4.6427317206437219E-01 a       591     1     2     2    11
 -4.3691162622211349E-01 a       592     1     2     2    12
 -2.9904922928459866E-03 a       593     1     2     2    13
 -4.2751586201362407E-01 a       594     1     2     2    14
  4.7638196451231551E-01 a       595     1     2     2    15
  3.8587042056842691E-01 a       596     1     2     2    16
  1.1935974976939805E-01 a       597     1     2     2    17
 -2.4741409648065577E-01 a       598     1     2     2    18
 -3.4493590262431273E-01 a       599     1     2     2    19
 -1.9249841290847439E-01 a       600     1     2     2    20
 -7.9508727902226950E-01 a       601     1     3     2     1
  3.2801149575637978E-01 a       602     1     3     2     2
  1.9081906422007071E-02 a       603     1     3     2     3
  4.2030828462060771E-01 a       604     1     3     2     4
  4.8767367549267510E-01 a       605     1     3     2     5
  9.7608961870977395E-01 a       606     1     3     2     6
  3.5980657959301765E-01 a       607     1     3     2     7
 -5.5580198895384048E-01 a       608     1     3     2     8
  3.9393955132888886E-01 a       609     1     3     2     9
 -6.4357012114742740E-01 a       610     1     3     2    10
 -2.3978079819506917E-01 a       611     1     3     2    11
  7.3665020551898741E-01 a       612     1     3     2    12
  2.8871621620141835E-01 a       613     1     3     2    13
 -5.6311645756632178E-01 a       614     1     3     2    14
  3.8819797683133783E-01 a       615     1     3     2    15
 -3.3035550499415456E-01 a       616     1     3     2    16
  6.9787633429825824E-01 a       617     1     3     2    17
 -4.1073763250668922E-02 a       618     1     3     2    18
  5.3849929847725786E-01 a       619     1     3     2    19
  3.2131948985563807E-01 a       620     1     3     2    20
 -8.3773442508006460E-02 a       621     1     4     2     1
 -9.9714195994151344E-01 a       622     1     4     2     2
  1.5252475651266478E-01 a       623     1     4     2     3
  2.5289198484321151E-01 a       624     1     4     2     4
  7.2772232142649529E-01 a       625     1     4     2     5
  2.7266644745894320E-01 a       626     1     4     2     6
  1.3484332182685071E-01 a       627     1     4     2     7
 -1.0398693628340884E-01 a       628     1     4     2     8
 -8.8109473299350163E-02 a       629     1     4     2     9
 -6.3274982957245957E-02 a       630     1     4     2    10
 -3.8070417804446444E-01 a       631     1     4     2    11
 -2.2437644996661354E-01 a       632     1     4     2    12
  4.5672782283288604E-01 a       633     1     4     2    13
 -5.4137184701667374E-01 a       634     1     4     2    14
  8.4313024688888327E-01 a       635     1     4     2    15
  3.4019854186429534E-02 a       636     1     4     2    16
  1.7240566227077903E-01 a       637     1     4     2    17
  5.2289436546009982E-01 a       638     1     4     2    18
 -5.0289587103571753E-01 a       639     1     4     2    19
  2.9019383151393247E-01 a       640     1     4     2    20
  1.1048312866691661E-01 a       641     1     5     2     1
  2.3578318777938573E-01 a       642     1     5     2     2
 -6.6601698555095656E-01 a       643     1     5     2     3
  3.5293300283474222E-01 a       644     1     5     2     4
 -1.5569291911009320E-01 a       645     1     5     2     5
 -5.5985773354939583E-01 a       646     1     5     2     6
 -1.4172995527098922E-01 a       647     1     5     2     7
 -4.0162045103260308E-01 a       648     1     5     2     8
  3.4321677431381536E-01 a       649     1     5     2     9
  3.8961477994122407E-01 a       650     1     5     2    10
 -6.0230759287785829E-01 a       651     1     5     2    11
 -3.6671553674523114E-02 a       652     1     5     2    12
 -3.5548950616860014E-01 a       653     1     5     2    13
 -1.5909514017662243E-01 a       654     1     5     2    14
  7.8436341096563972E-02 a       655     1     5     2    15
  2.1457740851521229E-01 a       656     1     5     2    16
 -2.6456705436802796E-02 a       657     1     5     2    17
  2.6172342026658507E-01 a       658     1     5     2    18
  2.7913208584777804E-01 a       659     1     5     2    19
 -1.4431216226988935E-01 a       660     1     5     2    20
  4.3900668672273702E-01 a       661     1     6     2     1
 -7.3704560818567633E-01 a       662     1     6     2     2
 -6.2650485144248313E-01 a       663     1     6     2     3
 -3.7700493170182925E-01 a       664     1     6     2     4
 -3.6660996103081567E-01 a       665     1     6     2     5
  8.1404465962114314E-01 a       666     1     6     2     6
 -7.2119470482045200E-01 a       667     1     6     2     7
  1.1484349629671886E-01 a       668     1     6     2     8
  1.1805208126387479E+00 a       669     1     6     2     9
  8.4966891560402838E-02 a       670     1     6     2    10
 -1.2272904690242070E-01 a       671     1     6     2    11
 -3.6022490541461633E-01 a       672     1     6     2    12
  5.3632096167322707E-01 a       673     1     6     2    13
  4.6817049554403273E-02 a       674     1     6     2    14
 -9.6917419144591427E-02 a       675     1     6     2    15
  3.5270213666597583E-01 a       676     1     6     2    16
  1.3636469902852728E+00 a       677     1     6     2    17
 -7.5982662766322345E-02 a       678     1     6     2    18
  3.4618412944462856E-01 a       679     1     6     2    19
 -6.7673558688884508E-03 a       680     1     6     2    20
 -1.0114267582342709E+00 a       681     1     7     2     1
  1.0528150139969032E-01 a       682     1     7     2     2
 -5.2702984315621343E-02 a       683     1     7     2     3
  2.4754333657285471E-01 a       684     1     7     2     4
 -4.9984868862296328E-01 a       685     1     7     2     5
  6.9097193466648565E-01 a       686     1     7     2     6
 -1.7668152274389987E-01 a       687     1     7     2     7
  3.3230342338399516E-01 a       688     1     7     2     8
  5.9971787358840513E-03 a       689     1     7     2     9
  7.8710820778753876E-01 a       690     1     7     2    10
  7.3722357787726767E-01 a       691     1     7     2    11
 -7.0577394381032432E-01 a       692     1     7     2    12
  7.0834618272509253E-01 a       693     1     7     2    13
  8.1796599509624979E-02 a       694     1     7     2    14
 -3.8395458091748047E-01 a       695     1     7     2    15
  3.7296642917416695E-01 a       696     1     7     2    16
 -2.3898146484352626E-02 a       697     1     7     2    17
 -1.3691999616486880E-01 a       698     1     7     2    18
 -3.9677496127278078E-01 a       699     1     7     2    19
  4.6882943839486418E-01 a       700     1     7     2    20
  3.2884525336464188E-01 a       701     1     8     2     1
 -1.2496632106377650E+00 a       702     1     8     2     2
 -2.9557244026643686E-01 a       703     1     8     2     3
  3.8708555418229956E-02 a       704     1     8     2     4
  6.7203187083802463E-02 a       705     1     8     2     5
  1.1520010893080569E-01 a       706     1     8     2     6
 -3.4174529576600349E-01 a       707     1     8     2     7
 -3.6263093593772605E-01 a       708     1     8     2     8
 -1.3952567765368984E-01 a       709     1     8     2     9
  3.4630406739299541E-02 a       710     1     8     2    10
 -8.8666589982241162E-01 a       711     1     8     2    11
  2.0605821282770984E-01 a       712     1     8     2    12
 -1.6311176680165082E-01 a       713     1     8     2    13
 -3.2609126012309314E-01 a       714     1     8     2    14
  5.0818567453074370E-01 a       715     1     8     2    15
  7.5586725689910905E-01 a       716     1     8     2    16
  4.2809481873312355E-01 a       717     1     8     2    17
  4.3532274736525595E-01 a       718     1     8     2    18
  2.5146221515578443E-01 a       719     1     8     2    19
  7.3658169212652513E-01 a       720     1     8     2    20
 -6.1168795634090090E-01 a       721     1     9     2     1
  3.1876315225387897E-01 a       722     1     9     2     2
 -5.1697685482665623E-01 a       723     1     9     2     3
 -2.8679735517939817E-02 a       724     1     9     2     4
  8.6603832735016850E-01 a       725     1     9     2     5
  6.1133419226696706E-01 a       726     1     9     2     6
  4.6640346311151831E-01 a       727     1     9     2     7
 -4.0474019186728188E-01 a       728     1     9     2     8
  5.1882445414298461E-01 a       729     1     9     2     9
  4.5443960872771577E-01 a       730     1     9     2    10
  5.1033165375931011E-01 a       731     1     9     2    11
 -4.2749082543341360E-01 a       732     1     9     2    12
  2.0770242104183062E-01 a       733     1     9     2    13
 -2.2183046686756572E-01 a       734     1     9     2    14
 -1.3477575743136350E-01 a       735     1     9     2    15
 -1.4454814496538151E-01 a       736     1     9     2    16
  6.4988094157312715E-01 a       737     1     9     2    17
 -4.6900084663705560E-01 a       738     1     9     2    18
 -8.5643999485991815E-02 a       739     1     9     2    19
 -3.6546626679271638E-01 a       740     1     9     2    20
 -6.7080160742410444E-01 a       741     1    10     2     1
  5.2065201470323863E-01 a       742     1    10     2     2
  5.7761176292947580E-01 a       743     1    10     2     3
  7.1550397606811103E-02 a       744     1    10     2     4
 -7.0301030867159248E-02 a       745     1    10     2     5
  4.1307074823409745E-01 a       746     1    10     2     6
  5.9186521758423138E-01 a       747     1    10     2     7
 -7.6882115988183930E-01 a       748     1    10     2     8
 -2.1504354738686771E-01 a       749     1    10     2     9
 -7.0194502809905968E-01 a       750     1    10     2    10
 -2.0402896238231250E-01 a       751     1    10     2    11
 -8.3628781531842145E-01 a       752     1    10     2    12
 -6.2690398188077825E-02 a       753     1    10     2    13
  1.1188300812214234E-01 a       754     1    10     2    14
 -2.3283408098756131E-01 a       755     1    10     2    15
 -4.4635478076779095E-01 a       756     1    10     2    16
  3.1878569529565404E-01 a       757     1    10     2    17
  9.6856353155355857E-01 a       758     1    10     2    18
  7.6509383909582562E-01 a       759     1    10     2    19
  4.3926897845114249E-01 a       760     1    10     2    20
  7.9291857118558207E-01 a       761     1    11     2     1
  2.5964786246083010E-01 a       762     1    11     2     2
 -2.8598616302223066E-02 a       763     1    11     2     3
 -2.5490349405406142E-02 a       764     1    11     2     4
  2.8212289423449172E-01 a       765     1    11     2     5
 -1.4347968661221744E-01 a       766     1    11     2     6
  1.7825750295678241E-03 a       767     1    11     2     7
 -7.4090100526495825E-02 a       768     1    11     2     8
  1.2564849635791226E+00 a       769     1    11     2     9
  1.8865497081726620E-01 a       770     1    11     2    10
  2.0540590682296336E-01 a       771     1    11     2    11
  3.3589355625573092E-01 a       772     1    11     2    12
 -6.2780013404956792E-01 a       773     1    11     2    13
  3.2737835509247637E-02 a       774     1    11     2    14
 -5.9373363076951069E-01 a       775     1    11     2    15
 -2.6890840826477913E-01 a       776     1    11     2    16
 -1.1286859128564429E-01 a       777     1    11     2    17
 -1.7782147090750655E-01 a       778     1    11     2    18
  7.8902900404752549E-02 a       779     1    11     2    19
  3.8525135499208824E-01 a       780     1    11     2    20
  2.1716759592397136E-01 a       781     1    12     2     1
  2.7341090111806682E-01 a       782     1    12     2     2
  7.3746223410048295E-01 a       783     1    12     2     3
 -4.9926772547911086E-02 a       784     1    12     2     4
  8.1080641359693575E-02 a       785     1    12     2     5
  3.2345822839143147E-02 a       786     1    12     2     6
 -2.8441289569527600E-01 a       787     1    12     2     7
  5.7826948471645534E-01 a       788     1    12     2     8
  4.3285152181841832E-03 a       789     1    12     2     9
 -2.3817958745115095E-01 a       790     1    12     2    10
  2.8306827904003645E-01 a       791     1    12     2    11
  2.1800521132003059E-01 a       792     1    12     2    12
 -7.5272270425547738E-02 a       793     1    12     2    13
  2.5823828476120836E-01 a       794     1    12     2    14
  4.9770442729497250E-01 a       795     1    12     2    15
 -5.2297961516439384E-01 a       796     1    12     2    16
 -2.1191237665272283E-01 a       797     1    12     2    17
 -3.4166324537056214E-01 a       798     1    12     2    18
 -4.1074122365025012E-01 a       799     1    12     2    19
 -2.5180769216275611E-01 a       800     1    12     2    20
 -4.0533341548531771E-01 a       801     1    13     2     1
  4.7197667276233951E-01 a       802     1    13     2     2
  6.0873566286701386E-01 a       803     1    13     2     3
  3.8787889669793812E-01 a       804     1    13     2     4
 -5.6844935266597796E-01 a       805     1    13     2     5
  1.3487523751244856E-01 a       806     1    13     2     6
 -5.9158838601250741E-01 a       807     1    13     2     7
 -1.2842225824518622E-01 a       808     1    13     2     8
 -6.9238097176316993E-01 a       809     1    13     2     9
  3.5719762239579456E-01 a       810     1    13     2    10
 -2.0423917361832480E-01 a       811     1    13     2    11
  2.7137686312143743E-02 a       812     1    13     2    12
  7.7623814830871385E-01 a       813     1    13     2    13
  2.8523999320190591E-01 a       814     1    13     2    14
 -6.1945449032674282E-01 a       815     1    13     2    15
 -1.7564939893979215E-01 a       816     1    13     2    16
  9.0147132832312057E-02 a       817     1    13     2    17
 -6.6119529133304544E-02 a       818     1    13     2    18
 -5.4627123466857240E-02 a       819     1    13     2    19
  9.0470301748470424E-03 a       820     1    13     2    20
  4.1310056694285824E-01 a       821     1    14     2     1
 -5.6157455214424556E-01 a       822     1    14     2     2
  1.6291127256914323E-01 a       823     1    14     2     3
 -9.6125772935980985E-02 a       824     1    14     2     4
 -3.7765569066422328E-01 a       825     1    14     2     5
 -2.3720271794552442E-01 a       826     1    14     2     6
  3.9152467726593643E-01 a       827     1    14     2     7
  4.3630476380194771E-01 a       828     1    14     2     8
 -3.1126946621137863E-01 a       829     1    14     2     9
  2.8625674214311298E-02 a       830     1    14     2    10
 -2.7972633230820132E-01 a       831     1    14     2    11
  1.1877447570823195E-01 a       832     1    14     2    12
 -4.5635985869027773E-01 a       833     1    14     2    13
 -5.2366357492214843E-01 a       834     1    14     2    14
 -5.6259565575911503E-02 a       835     1    14     2    15
 -8.7817319916245279E-02 a       836     1    14     2    16
 -2.0628891542282712E-01 a       837     1    14     2    17
  1.9784160092012540E-01 a       838     1    14     2    18
 -3.4657700042179207E-01 a       839     1    14     2    19
 -3.8228399386055573E-01 a       840     1    14     2    20
  3.4486666759219997E-01 a       841     1    15     2     1
  3.0751956570762660E-03 a       842     1    15     2     2
  2.5017481389127999E-01 a       843     1    15     2     3
  1.8327814441002191E-01 a       844     1    15     2     4
  1.1184429041238471E-01 a       845     1    15     2     5
 -3.2863235040779976E-01 a       846     1    15     2     6
  9.2064507700266765E-02 a       847     1    15     2     7
  2.3791041217989198E-01 a       848     1    15     2     8
  7.0253820722316918E-01 a       849     1    15     2     9
  8.6767897344893496E-01 a       850     1    15     2    10
  6.0830546297093979E-01 a       851     1    15     2    11
  5.2928323768448404E-01 a       852     1    15     2    12
  2.4827143627642131E-01 a       853     1    15     2    13
  5.2172202111687505E-01 a       854     1    15     2    14
  3.0330099026929092E-01 a       855     1    15     2    15
  4.6530616361511073E-01 a       856     1    15     2    16
  3.2800960156833409E-01 a       857     1    15     2    17
  3.7267231014200092E-01 a       858     1    15     2    18
 -2.0345849154795226E-01 a       859     1    15     2    19
  2.6527307576426434E-01 a       860     1    15     2    20
 -1.3865396748988243E-01 a       861     1    16     2     1
  2.1984540462939320E-01 a       862     1    16     2     2
  3.0495674358224145E-01 a       863     1    16     2     3
  5.3654400834003357E-01 a       864     1    16     2     4
  5.4831672223708094E-01 a       865     1    16     2     5
 -3.1442606215274699E-02 a       866     1    16     2     6
  3.7338380966487278E-01 a       867     1    16     2     7
 -6.6438621039995716E-01 a       868     1    16     2     8
  1.2395765094717269E-01 a       869     1    16     2     9
 -4.0747157366948122E-01 a       870     1    16     2    10
 -4.0760272677136955E-01 a       871     1    16     2    11
  2.5336223588722728E-01 a       872     1    16     2    12
  7.4501998124886359E-01 a       873     1    16     2    13
  1.9515209421700827E-01 a       874     1    16     2    14
  3.1977066669673088E-01 a       875     1    16     2    15
 -4.9699254225061253E-02 a       876     1    16     2    16
 -2.5438987236001021E-01 a       877     1    16     2    17
  5.9878885315981889E-01 a       878     1    16     2    18
  4.1808024309476688E-01 a       879     1    16     2    19
  1.8454248776051888E-01 a       880     1    16     2    20
  1.6655831702860266E-01 a       881     1    17     2     1
 -9.0099366922717500E-03 a       882     1    17     2     2
 -1.2334266117064181E+00 a       883     1    17     2     3
 -3.2656122967960916E-01 a       884     1    17     2     4
  1.2054405594055066E-01 a       885     1    17     2     5
 -2.8026429560476251E-01 a       886     1    17     2     6
 -4.4456111462376025E-01 a       887     1    17     2     7
 -2.8052889161902372E-01 a       888     1    17     2     8
 -1.0217345380963622E-01 a       889     1    17     2     9
 -2.3041606346063107E-01 a       890     1    17     2    10
 -2.0679290462089283E-02 a       891     1    17     2    11
 -1.6511652928765908E-01 a       892     1    17     2    12
 -1.1210089599900293E-01 a       893     1    17     2    13
 -4.6115864273825219E-01 a       894     1    17     2    14
  4.7609394382604309E-01 a       895     1    17     2    15
 -9.3044754599743602E-03 a       896     1    17     2    16
 -1.5312388355748574E-01 a       897     1    17     2    17
 -4.3202982792524774E-01 a       898     1    17     2    18
  2.3919269069988364E-01 a       899     1    17     2    19
  1.7282450263638355E-01 a       900     1    17     2    20
 -1.0289609687004574E-01 a       901     1    18     2     1
  3.6951756887403958E-01 a       902     1    18     2     2
 -3.0858187664063702E-01 a       903     1    18     2     3
  3.1529654763545828E-01 a       904     1    18     2     4
  4.0558815643817503E-01 a       905     1    18     2     5
 -4.2986642842220502E-01 a       906     1    18     2     6
 -3.7476674059971304E-01 a       907     1    18     2     7
 -4.6610597931709663E-01 a       908     1    18     2     8
 -2.0731017241373711E-01 a       909     1    18     2     9
 -2.3077965016459828E-01 a       910     1    18     2    10
 -3.3945096929880597E-01 a       911     1    18     2    11
 -6.2063250850567353E-02 a       912     1    18     2    12
  3.2478008551759502E-01 a       913     1    18     2    13
  3.2077071281373742E-01 a       914     1    18     2    14
  6.2232771598338510E-01 a       915     1    18     2    15
 -8.3682373654592823E-01 a       916     1    18     2    16
  3.6064239611525123E-01 a       917     1    18     2    17
  3.1142255458103418E-01 a       918     1    18     2    18
  5.3264304492310133E-01 a       919     1    18     2    19
  1.1409317196435734E-01 a       920     1    18     2    20
 -1.0815832037940429E+00 a       921     1    19     2     1
 -1.5513552792619925E-01 a       922     1    19     2     2
 -4.1048544124587732E-01 a       923     1    19     2     3
  1.3323974542865849E-01 a       924     1    19     2     4
  1.0764335052874327E-01 a       925     1    19     2     5
  1.7554015222613714E-01 a       926     1    19     2     6
  1.0835426155926051E+00 a       927     1    19     2     7
  3.6369644170426274E-01 a       928     1    19     2     8
  1.9462222364734286E-02 a       929     1    19     2     9
 -4.5656623091609433E-01 a       930     1    19     2    10
  1.2055085090227499E-01 a       931     1    19     2    11
 -2.8859255876670670E-01 a       932     1    19     2    12
 -3.2394961020840657E-01 a       933     1    19     2    13
  3.1320269107010562E-01 a       934     1    19     2    14
 -7.6557278268844717E-02 a       935     1    19     2    15
  1.5495695090630823E-01 a       936     1    19     2    16
  3.3178917306106259E-01 a       937     1    19     2    17
  2.7361310389493282E-01 a       938     1    19     2    18
  3.8680396317290372E-01 a       939     1    19     2    19
  1.2488681713130258E-01 a       940     1    19     2    20
 -9.5100554083758304E-01 a       941     1    20     2     1
  7.4321726616277317E-01 a       942     1    20     2     2
  2.5948537642978575E-01 a       943     1    20     2     3
  4.6558789502090669E-01 a       944     1    20     2     4
  5.6206682229642313E-01 a       945     1    20     2     5
  1.0427626661358735E-03 a       946     1    20     2     6
 -2.9063658457185676E-01 a       947     1    20     2     7
  2.3084835966418754E-01 a       948     1    20     2     8
 -1.1562992317184476E-01 a       949     1    20     2     9
  7.5347230307535346E-02 a       950     1    20     2    10
 -2.1276145268060362E-02 a       951     1    20     2    11
 -1.8637715591174431E-01 a       952     1    20     2    12
 -2.3979735988668371E-01 a       953     1    20     2    13
  5.7076314425167141E-01 a       954     1    20     2    14
 -1.6275096962803914E-01 a       955     1    20     2    15
  5.4266487199347319E-02 a       956     1    20     2    16
 -3.3696623204872944E-01 a       957     1    20     2    17
 -1.1997621152871522E-01 a       958     1    20     2    18
 -2.6326734968467352E-01 a       959     1    20     2    19
 -4.4042436059633655E-01 a       960     1    20     2    20
  1.3847136107141291E+00 b       961     2     1
  1.1100638775042240E+00 b       962     2     2
 -6.7304976352018575E-01 b       963     2     3
 -8.0714222557561011E-01 b       964     2     4
 -2.2710043570866455E-03 b       965     2     5
 -1.1205483449180884E-02 b       966     2     6
 -1.3915582263336848E+00 b       967     2     7
  1.3043203542331703E+00 b       968     2     8
  7.5141467878584345E-01 b       969     2     9
  4.3440401282194280E-01 b       970     2    10
  6.8992409047691283E-01 b       971     2    11
  3.2837244799650506E-01 b       972     2    12
 -1.1147264480670387E+00 b       973     2    13
  1.4872540126969409E+00 b       974     2    14
 -5.0904256559560612E-01 b       975     2    15
 -2.0618078483558895E+00 b       976     2    16
  2.3914794462814273E+00 b       977     2    17
 -1.4967207993995706E+00 b       978     2    18
 -3.5457406064799707E-01 b       979     2    19
 -1.1071798564536628E+00 b       980     2    20
  5.6065803889083776E-01 a       981     2     1     3     1
  1.9356287463123589E+00 a       982     2     2     3     1
 -2.2143939932540507E-01 a       983     2     3     3     1
 -4.8787563726344918E-01 a       984     2     4     3     1
 -4.0344818443686420E-01 a       985     2     5     3     1
 -9.9050997144045616E-01 a       986     2     6     3     1
 -1.2239132821821732E+00 a       987     2     7     3     1
  2.5233651423055363E+00 a       988     2     8     3     1
  3.2902180323432020E-02 a       989     2     9     3     1
  1.2934823954850183E+00 a       990     2    10     3     1
  9.4523379528817775E-01 a       991     2    11     3     1
  1.1477057662761934E+00 a       992     2    12     3     1
 -9.2089283677615486E-01 a       993     2    13     3     1
  2.6407623111737029E+00 a       994     2    14     3     1
 -1.5762101007761067E-02 a       995     2    15     3     1
 -2.2168783587026599E+00 a       996     2    16     3     1
  1.0346413021797010E+00 a       997     2    17     3     1
 -1.8847333351444586E+00 a       998     2    18     3     1
 -1.3678715109072914E+00 a       999     2    19     3     1
 -1.5305805256188860E+00 a      1000     2    20     3     1
  1.9793645787193841E+00 b      1001     3     1
