################################################################################
#
# Molecular optimized (MOLOPT) basis sets for CP2K (Quickstep)
#
# The basis sets have been optimized for the corresponding GTH pseudo-potentials
# in file GTH_POTENTIALS in the cp2k/data folder.
#
# History: - Creation (20.05.2024, Matthias Krack, PSI)
#          - MOLOPT basis sets for Au added (24.05.2024, MK)
#          - MOLOPT basis sets for Th to Cm added (26.05.2022, MK)
#
################################################################################
#
# 79 Au-q11
#
Au DZVP-MOLOPT-GTH-PBE-q11 DZVP-MOLOPT-GTH-q11
 1
 6 0 3 6 2 2 2 1
         1.14454825162207     3.60848753098546E-01     5.18049118137714E-02    -4.72741196198607E-01    -5.54283968788342E-01    -2.94949655834622E-01    -2.92133513457574E-01    -3.42069721738259E-01
         1.05794917773174    -7.94216603051012E-01     2.06469929758722E-01     6.61723103903439E-01     2.45290499611142E-01     7.94535098036447E-01    -2.43228971386731E-02     7.33404655598883E-02
         1.02013836066104     4.06117416817745E-01    -2.66042651741840E-01    -1.52804112335323E-01     3.85871967249430E-01    -5.16893231300674E-01     3.37520809193891E-01     3.43159739658643E-01
         0.33395502338284    -7.61774016069327E-02    -3.35497319376835E-01    -7.50813294219331E-02    -6.23549423574836E-02    -4.98069510517162E-02    -3.17455420606533E-01     7.75130673574394E-01
         0.13741675709089     1.70252050441971E-01     4.86843805005728E-01     2.59078347359629E-01    -4.81118620161677E-01    -7.24095102938368E-02    -5.36638377946968E-01     2.04731063693719E-01
         0.04923515426658     1.98212137336083E-01     7.30980427159352E-01     4.92473758013725E-01    -4.98338652056145E-01    -8.25602591610489E-02    -6.41394899880559E-01     3.42211199556247E-01
#
Au DZVP-MOLOPT-SR-GTH-PBE-q11 DZVP-MOLOPT-SR-GTH-q11
 1
 6 0 3 6 2 2 2 1
         1.20469080480078     4.85530738826513E-01     2.38488775427148E-01    -1.79535268270878E-01    -6.70498931502563E-01    -5.04638648550723E-01     9.40980090191020E-02    -1.27467008303996E-01
         1.04637356385972    -8.07734649442310E-01    -5.87039495378313E-02     6.42787747831725E-01     3.30485921212005E-01     7.47734602889152E-01     1.07109502251431E-01    -1.58049079232138E-01
         0.87255141793563     1.96328386588527E-01    -2.17297738007971E-01    -5.22106397797174E-01     5.80350728370384E-01    -4.24885921646754E-01     7.37890249990436E-02     4.65171371658649E-01
         0.30832464747330     1.26269575510781E-01    -2.50560674128888E-01    -1.69545678354464E-01    -1.59673686973041E-01    -6.76050249951766E-02    -2.75542091835988E-01     7.67943117226978E-01
         0.12887633951963     1.68806323267153E-01     3.28130125200328E-01    -1.14310155302668E-01    -2.24768870442746E-01    -3.16078192570392E-02     2.97897500221177E-01    -1.64804995739147E-02
         0.04601353644125    -1.69824091017108E-01     8.49710899586814E-01    -4.90085053240341E-01     1.68483053696406E-01     1.16300462039644E-02    -8.99756597088570E-01     3.90358818492191E-01
#
Au TZVP-MOLOPT-SR-GTH-PBE-q11 TZVP-MOLOPT-SR-GTH-q11
 1
 6 0 3 6 3 3 3 1
         1.29569879847443     5.32945154512814E-01     1.46165197659458E-01     4.27697655548333E-01    -2.77604729976863E-01    -5.51708316304463E-01    -2.50984780427567E-03    -5.04515324298664E-01     1.33757441533442E-01     7.52079990093884E-01     9.33819680306262E-04
         1.21314568621785    -8.03922737097987E-01    -2.43121768229514E-02     1.04287149945753E-01     4.59262124197600E-01     3.68631557294715E-01     3.97353897586503E-02     7.06741177456407E-01     2.05406914200952E-01     1.58369280426124E-01    -1.02969312137355E-01
         0.67182346746355     2.34565711037822E-01    -2.18382004162977E-01    -7.61798096859630E-01    -6.61571944787385E-01     5.09514015446791E-01    -5.13621677974560E-01    -4.90927565110185E-01     7.47100803535736E-02    -5.33803405982964E-01     4.02005795451184E-01
         0.28775233099398     1.30733790353089E-02    -2.73381880115342E-01     4.06898419756027E-01    -2.22473888764256E-01    -4.44356130471539E-01    -1.36253780546408E-02    -1.86780326875844E-02    -3.40416181332340E-01     2.63440511603694E-01     8.05214476045708E-01
         0.12736010621730     8.55302776467517E-02     3.49358640395863E-01     1.49010689923611E-01    -1.58165772015676E-01    -1.92148361195768E-01    -1.13438118132106E-01     2.30400269496806E-02     3.06863041505286E-01     2.19144629090544E-01     2.11676252626451E-02
         0.04769340739693    -8.46775095865676E-02     8.56483999450321E-01    -1.95171861968459E-01    -4.47018382645516E-01     2.56419214085834E-01     8.49443178680504E-01     6.39656916120701E-02    -8.51050672740270E-01     8.32076418692023E-02     4.23047714057884E-01
#
Au TZV2P-MOLOPT-SR-GTH-PBE-q11 TZV2P-MOLOPT-SR-GTH-q11
 1
 6 0 4 6 3 3 3 2 1
         1.31183245704999     5.74601545353407E-01     2.13407586294831E-01     3.80928926563422E-01    -2.34468721408283E-01    -5.75561617612202E-01     1.94644433864683E-02    -4.66817137489920E-01     7.15724800670166E-02     7.47179165838820E-01     6.60568068407685E-02     1.03961613692689E-01    -2.19239027474851E-01
         1.25754775781205    -7.95974608144728E-01     9.14533327200390E-02     1.20751857791860E-01     4.64161960632184E-01     3.68198824606938E-01     8.31780326204608E-02     7.31198838907965E-01     2.15851050938965E-01     7.58041633419066E-02    -1.33491049905877E-01     2.08886328722963E-01     1.52287187953252E-01
         0.70464569231759     1.79077187665833E-01    -2.42145984108900E-01    -7.66871354999216E-01    -6.28813265308678E-01     5.26485167268048E-01    -5.19876561172308E-01    -4.72852415112982E-01     2.20716371744776E-03    -5.39813310615045E-01     3.81586558329621E-01     5.99269966085182E-01     6.40714925008819E-01
         0.30245855501781     1.50653099921617E-02    -4.28859017096978E-01     4.81043202946941E-01    -2.17728868241737E-01    -4.18199123001094E-01    -1.42171311786430E-01     1.26546733315462E-01    -4.22659512062095E-01     3.67025869334968E-01     8.02630857538915E-01     8.31544679649658E-02     5.98368582901445E-01
         0.12580354043848     4.70465853154425E-02     5.57147315113942E-01     3.00620179259932E-02    -2.25823118635458E-01    -1.81021310767664E-01    -6.15129045494507E-02    -6.70461361291790E-02     3.49801013813933E-01     5.06734425979427E-02     1.56638665717068E-01    -6.23143122848459E-01     3.50181480754163E-01
         0.04420858848809    -4.18151093388155E-02     6.26997308719970E-01    -1.41117605583021E-01    -4.85561560854047E-01     2.19801267297309E-01     8.35723873151603E-01     5.77178617458629E-02    -8.04536524921088E-01    -8.54565743137902E-02     4.04297379778679E-01    -4.37277915293527E-01     1.93791680991353E-01
#
# 79 Au-q19
#
Au DZVP-MOLOPT-GTH-PBE-q19 DZVP-MOLOPT-GTH-q19
 1
 5 0 3 7 3 3 2 1
         8.40843723959073     1.63686244157592E-01     5.46239183165893E-02    -9.35503779734416E-03     1.61949500633030E-02     1.12243091734666E-03    -1.80006268977113E-03     4.63102702623378E-03     5.47764253426355E-04    -8.68947970940612E-04
         4.70761955097221    -6.87835542025978E-01    -1.20139405295172E-01    -1.74962575789810E-02    -2.66933330673649E-01     5.51071110940437E-02     1.11457830478905E-01     1.06405513087804E-01    -2.38566854117342E-03    -1.95954984614710E-03
         1.93849829351141     5.36862871811664E-01     8.25663877655064E-02    -1.64536455989595E-02     5.69179536182493E-01    -1.24936287376965E-02    -1.61250389044558E-01    -4.13640656048499E-01     1.61544109706388E-02     3.70109059870399E-02
         0.97047187384056     4.13355334934352E-01    -3.68279804804173E-01     3.80730282559441E-01     7.23560708509624E-01     3.17655494905830E-01     1.29499019559164E-01    -6.33808070908211E-01     1.89069862981518E-01     1.45205178506096E-01
         0.43698864196046     1.49875432416798E-01     2.43388447165976E-02    -2.98941899450578E-01     2.07920284253822E-01    -3.11722829854972E-01    -4.69246494540425E-01    -5.95332494362847E-01    -1.22033511610780E-01     8.16815774083879E-01
         0.17451544205118     8.40533097084850E-02     7.74614184644597E-01    -3.23351420488217E-01     8.21957452125193E-02    -7.69690437137462E-01    -2.29627977394370E-01    -2.34303088500988E-01    -5.15907073668056E-01     4.29972124422314E-01
         0.06081971771575    -1.07131229974180E-01     4.89403732528747E-01     8.12685482427479E-01     1.76045142292600E-01    -4.54209588823433E-01     8.19683443241802E-01     8.07863921907104E-02    -8.26397812098677E-01     3.54227352832006E-01
#
Au DZVP-MOLOPT-SR-GTH-PBE-q19 DZVP-MOLOPT-SR-GTH-q19
 1
 5 0 3 7 3 3 2 1
         7.09645336273212     3.25757473748348E-01     1.40743391893958E-01    -3.52684350294984E-02     4.46772054888807E-02     4.25209489550704E-02     1.73783758952123E-02     1.31369874711513E-02     2.79675382423126E-02    -8.66749191444318E-03
         5.30621145350091    -6.92013232371202E-01    -2.33503797935137E-01     3.38249749306325E-02    -2.18635340636788E-01    -1.71461659803679E-01     1.67438385686018E-02     6.23119932092183E-02    -5.28650243482128E-02     1.17681527849502E-02
         1.64211350195541     5.26525640671995E-01     7.48654392066049E-02     2.98615513474704E-02     5.36454350563417E-01     5.05865390728126E-01     1.81802229379321E-01    -5.23175102107562E-01     1.84399971576919E-01     3.51648520402667E-02
         0.75201475498918     3.05223527275430E-01    -2.67374341361802E-01     4.67029918252427E-01     2.89388519942696E-01     4.67249325071667E-01     2.73718703703841E-01    -5.88154721735650E-01     2.59511979500153E-01     4.31136709873129E-01
         0.32462848780002     7.81577002794104E-02     1.61476046293586E-01    -8.28656417131330E-01     4.60604973429774E-01    -7.74541257841917E-02    -7.36843738206245E-01    -5.83550041783769E-01    -3.16455632563918E-01     8.29289985361361E-01
         0.12212867170171    -1.85105307807853E-01     8.64452363750564E-01     2.64513385727224E-01     3.93283771282662E-01    -3.10232875987916E-01    -2.20139978952363E-01    -1.26620689976272E-01     3.68766093652235E-01     2.61570445306872E-01
         0.04332228797251    -6.50884132633273E-02     2.74264468827533E-01     1.48204463117529E-01     4.60265665804807E-01    -6.26360570163985E-01     5.47762130572870E-01    -1.40509859089579E-01    -8.11751618276621E-01     2.37760337453540E-01
#
Au TZVP-MOLOPT-SR-GTH-PBE-q19 TZVP-MOLOPT-SR-GTH-q19
 1
 5 0 3 7 4 4 3 1
         8.47384756321451     9.39568091759081E-02    -5.04607859532996E-02    -7.20673925345512E-02    -4.85576834637189E-01     8.31929978926953E-02     2.33274444524026E-03     6.48951769367160E-02     2.87621700449099E-01     1.82053360447512E-02    -3.51718768673789E-02     5.58083814140479E-02    -4.53203613887000E-03
         4.64518404627595    -6.00125558314665E-01    -3.47881220224295E-01    -2.08094783753310E-01    -4.72770406251869E-02    -1.32610788300675E-01    -8.82593009020655E-02     1.31865445807196E-01     5.83309561445186E-01     7.94651709954088E-02     4.84180381408559E-02    -1.12362923267411E-01     7.38568183501870E-03
         1.91120751338992     5.05791954495647E-01     2.96535754388951E-01     2.22720334207414E-01     1.34582265049340E-01     4.43238696475892E-01     2.65367348135849E-01    -3.55300826507282E-02    -5.41817051290493E-01    -5.40125412843460E-01     4.69419754598601E-01    -5.22223190988691E-01     1.66720281955590E-02
         0.90923964140317     2.52789383869682E-01    -3.58656647770176E-01     4.84772109741489E-01    -5.63056544329888E-01     5.82532128138910E-01     5.33289748306139E-01     2.73873371156844E-01     2.80973120111802E-01    -5.26464997179373E-01     1.19508393231867E-01     5.12357400244637E-01     2.73186871193059E-01
         0.38777387701884     4.11160198732817E-01     8.19490146540996E-02    -6.69953267666423E-01     2.09446844817959E-02     5.42808534829218E-01    -3.27614350144151E-01    -2.22932480262791E-01     3.83856774397747E-01    -5.71856920665072E-01    -5.45099884790209E-01     2.36336134215531E-01     8.65621574974990E-01
         0.14874600081719    -2.50191275633429E-01     6.58037967077630E-01    -1.76501640139132E-01    -6.05926948579338E-01     2.89878446475634E-01    -3.71422695049882E-01    -6.19926812184931E-01    -7.80836882077433E-02    -2.38671880088539E-01     4.35531996459795E-01    -1.95110672283027E-02     3.41306199724480E-01
         0.05103617892029    -2.82214590360176E-01     4.69185159566059E-01     4.32324295438662E-01     2.43410792883587E-01     2.47019153803174E-01    -6.26179757085824E-01     6.84195123329997E-01    -2.25984548249965E-01    -2.01167575484311E-01    -5.24365775257491E-01    -6.26735495377885E-01     2.43362396855618E-01
#
Au TZV2P-MOLOPT-SR-GTH-PBE-q19 TZV2P-MOLOPT-SR-GTH-q19
 1
 5 0 4 7 4 4 3 2 1
         8.59447820276470     1.06218260080910E-01    -4.88849099976556E-02    -5.74793491378680E-02    -5.27389665087753E-01     1.00466310610458E-01    -7.64349729651100E-04     1.24145302213468E-01     2.84164730543490E-01     1.63555041326400E-02    -7.46493846163623E-03     2.65205956037974E-02    -2.87194336546849E-03     7.75942990839438E-02     4.43409536173242E-03
         4.65165547779615    -5.62717979095887E-01    -3.55236780270001E-01    -2.16654101604186E-01    -9.36289494654410E-02    -9.69875195002118E-02    -7.71861457841361E-02     1.74167082871886E-01     5.14559553549075E-01     7.62362886626481E-02     5.75872194630099E-03    -6.34793063311364E-02     7.50004020526876E-03    -8.74128499083251E-02     3.92883423626196E-03
         1.79436530718170     5.31391787946218E-01     2.91355218202586E-01     2.58159005681699E-01     1.00637847717534E-01     4.60534593881715E-01     2.99617376552188E-01    -2.47241596238625E-02    -5.99976721491180E-01    -6.10542535215604E-01     4.90176906909075E-01    -4.37914948208500E-01     2.71485049868439E-03    -1.51179465074716E-01     4.32117434834845E-02
         0.83231979439531     2.41823541012361E-01    -3.37586853829481E-01     4.82046727441707E-01    -5.21745898948648E-01     5.87545723700332E-01     5.09763833982882E-01     2.54953223343167E-01     3.24409662601420E-01    -5.14859679664568E-01    -7.74319408363761E-02     5.63445814304414E-01     2.36418282881720E-01    -9.44681145510102E-01     3.41537849604151E-01
         0.35508227873292     4.06681432263518E-01     1.38234529522376E-01    -7.18263073760115E-01    -3.05682138963812E-02     5.32922007372283E-01    -3.39331371489551E-01    -3.20049306649778E-01     3.58990452885777E-01    -5.24778505223246E-01    -5.32428401542051E-01     1.63462452715565E-01     8.55733987878648E-01     1.94144653893316E-01     8.08387910569637E-01
         0.13608377333293    -2.98353126720216E-01     6.79294440072423E-01    -7.43984326258188E-02    -5.80138245622903E-01     2.65008554701214E-01    -3.84350271575178E-01    -5.50668071737060E-01    -9.21897383202363E-02    -2.15246261937110E-01     4.99180700621781E-01     5.69311623421023E-02     3.90832218302169E-01     1.77210436354154E-01     4.54497332813065E-01
         0.04836757527235    -2.77138817872117E-01     4.38194736390092E-01     3.59590093195628E-01     3.05372234792950E-01     2.62607029393057E-01    -6.17690104310118E-01     6.94963637251930E-01    -2.27798338737053E-01    -1.85349442679151E-01    -4.70085770519379E-01    -6.75326008281562E-01     2.42907483562294E-01    -4.43253391395402E-02     1.46255618980683E-01
#
# 90 Th-q12
#
Th DZVP-MOLOPT-GTH-PBE-q12 DZVP-MOLOPT-GTH-q12
 1
 6 0 4 7 3 3 2 2 1
         2.05897088990749     4.43590250493288E-01    -1.08103027591356E-01     8.03060877385863E-02     4.14484418166610E-01     2.11778210096286E-01    -1.01971965201865E-01     2.80832844509972E-01    -1.25324896937564E-01     3.95568431451654E-01    -1.50980536031409E-01    -4.11838923980930E-02
         1.83476026184001    -8.23332298410701E-01    -2.59638285113641E-02     5.22477572474790E-02    -8.14507080291001E-01    -8.96553067043193E-04    -2.65477842703373E-02    -5.62790967082703E-01     1.48224160721411E-01    -7.52577598926819E-01     2.51125589105766E-01    -2.79051584925102E-02
         1.62513475537791     3.40043975265588E-01     1.84897804419865E-01    -1.61744944685403E-01     3.48387875193747E-01    -3.27018892377882E-01     1.82838531990202E-01     2.11540668222971E-01     4.81468320026609E-02     4.13481270526818E-01    -1.36770144036908E-01     8.29147645663406E-02
         0.47757105836816     3.06839376963556E-02     1.48987858957265E-01    -3.00652082848914E-01     1.68366484655476E-01    -1.78386605915590E-01     1.17110006351296E-01     2.51156036570336E-01    -2.52905900801971E-01     3.65613519866951E-02    -7.69361450551771E-03     4.95458636737662E-01
         0.21883448997535     3.42625115607822E-02     1.70316495925166E-01     2.68128360444827E-01     1.19137048978697E-01     4.23497292763404E-01    -3.36150949291752E-01     5.95138210388997E-01    -2.07441976056927E-01     1.51344179731565E-01     3.80724090394296E-01     7.71849200963337E-01
         0.08714830795780     8.18395977581880E-02    -7.73651199827369E-01     4.85653812033950E-01     4.99329292130994E-03     7.97371504952638E-01     3.43919988954542E-01     3.69841985441955E-01     6.70167692679869E-01     2.40422891024568E-01     7.17972984224872E-01     3.65009794075391E-01
         0.03480729717724    -3.01424526938783E-02    -5.51099942896117E-01    -7.52672278793446E-01    -2.89987775967872E-02    -3.51393638317934E-02     8.42896097738644E-01     7.48187686075269E-02     6.35520925345036E-01     1.55373269353592E-01     4.84705594302956E-01     1.27231016016989E-01
#
Th DZVP-MOLOPT-SR-GTH-PBE-q12 DZVP-MOLOPT-SR-GTH-q12
 1
 6 0 4 7 3 3 2 2 1
         2.10638959418148     4.56234616320970E-01    -1.18723152809157E-01     1.77969269740657E-01     3.83901577386185E-01     2.79949941738325E-01     1.18483938190777E-01     2.80588083604841E-01     6.11418224827346E-02     4.68879223356046E-01    -3.35289833201624E-02    -2.51628459446069E-02
         1.85728889550019    -8.22031274636570E-01     4.30012813335482E-02    -4.69541717045003E-02    -7.87981062225535E-01    -8.30884288799788E-02    -1.14187662413447E-01    -5.19834483911281E-01    -2.34235871404347E-01    -7.79605661714992E-01    -3.89411615125427E-02    -3.71070949823201E-02
         1.58389488929418     3.17779569028207E-01     1.34449396490132E-01    -1.84620661692304E-01     3.57380020980337E-01    -3.43154402516562E-01    -5.57410646280134E-02     1.51875385996196E-01     2.78888532941616E-01     4.08681437081798E-01     3.73390015370759E-02     7.36005997130312E-02
         0.49462023072870     1.08898175393366E-01     6.97362092719759E-02    -4.02535341859011E-01     3.00827899931263E-01    -2.57303707536084E-01    -5.24529554484792E-02     2.79094327958376E-01    -3.14598110952836E-01     5.73935227464930E-02    -7.44441910348140E-02     5.65104375162622E-01
         0.23023341950128     2.93488622091728E-02     2.15728608173067E-01     3.67057845004560E-01     2.28970482747606E-02     7.62590900414641E-01     1.67142123442815E-01     6.74565307362779E-01    -3.03845508645588E-01     1.91340210694406E-02     4.53645632551074E-01     7.86977067680094E-01
         0.09021175943475    -4.90829363393923E-02    -6.85621751753922E-01     5.58006757722441E-01    -1.03741391898255E-01     7.82044126754858E-02     6.91531050597307E-01     3.07244491628556E-01     4.21036958670126E-01    -3.31249761606350E-03     3.61192744413764E-01     1.29220318240618E-01
         0.03408950557972     1.18361370637831E-03    -6.66708260656890E-01    -5.69121912576703E-01    -4.69144803730366E-02    -3.78290086668314E-01     6.78905495597896E-01    -2.53993773957787E-02     7.03598063655117E-01    -4.09349393027694E-02     8.08806958459895E-01     1.92870671381940E-01
#
Th TZVP-MOLOPT-SR-GTH-PBE-q12 TZVP-MOLOPT-SR-GTH-q12
 1
 6 0 4 7 4 4 3 3 1
         2.12842221202390     4.42165815605138E-01    -1.05278178790023E-01     2.21214069535122E-01     1.89285459305384E-01     3.72683233205387E-01     3.13778084874646E-01     1.04055833212425E-01     7.36935006647624E-02     2.89322624136482E-01     9.46581278123009E-02     3.80322669559112E-01     4.80571916926892E-01    -2.84869590350432E-02    -2.76831705750275E-01     1.09477874714774E-02
         1.87487055622206    -7.76938552544914E-01     3.52497210599071E-02    -1.24579522849767E-02    -2.70089386720567E-01    -7.70783807553440E-01    -1.27154868849561E-01    -1.01928665595989E-01    -2.45276960975952E-02    -4.97363381189971E-01    -1.80591160113615E-01     2.20859824690624E-01    -7.77293616938669E-01    -3.26733350699615E-02    -1.55386155245693E-01    -4.22688315185107E-02
         1.57912738465901     3.84315324613307E-01     4.70383143364255E-02    -2.89981572784315E-01    -2.99812681712950E-01     3.81986368403227E-01    -4.93966307239659E-01    -5.07739860140872E-02    -6.01108801084681E-01     1.46317535665451E-01     2.79343256028211E-01     6.22988700503779E-01     3.97143193465403E-01     1.97940263120998E-02    -9.00848588115323E-02     3.14213481798712E-02
         0.51516777366673    -1.05268007484633E-01     1.86371221523086E-01    -3.56888435659733E-01     7.43464651665039E-01     3.30291677031434E-01    -1.36807788438675E-01    -8.18029739708990E-03     6.17698651304711E-01     2.59863629051372E-01    -2.96177726547295E-01     3.85102360876348E-02     6.59508281142836E-02    -5.05790672307326E-02     3.08224218375734E-01     5.16697835452134E-01
         0.24011811370264     1.64031009252630E-01     1.97312966215162E-01     3.36422523324133E-01    -3.74141007673163E-01     1.54737510034035E-02     7.30878180822101E-01     1.40681058247986E-01    -4.12986364955371E-01     7.06706820705269E-01    -3.10345267331435E-01     9.49733161938643E-02     3.82449343893716E-02     4.30436212058495E-01     5.40081693427273E-01     8.20337148473367E-01
         0.09260427161190    -1.15976517801773E-01    -6.28708594573111E-01     5.69036940444613E-01     2.62095235789053E-01    -1.01963366096155E-01     3.21465032671039E-02     7.14048498040840E-01     2.10029390684756E-01     2.83401301816260E-01     5.22742311076455E-01    -5.80037274582881E-01    -1.50628152920509E-02     4.43194845539008E-01    -7.02238424472171E-01     1.15883137198816E-01
         0.03423309837117     4.14672192144568E-02    -7.18693414107513E-01    -5.49970283753692E-01    -1.99799898496274E-01    -3.68427352825878E-02    -2.95701802903971E-01     6.68192785114350E-01    -1.90824953631159E-01    -1.52751747813258E-02     6.50460654146082E-01     2.67421904345454E-01    -3.32185862400292E-02     7.83245744997798E-01     1.06183136554262E-01     2.09159266820103E-01
#
Th TZV2P-MOLOPT-SR-GTH-PBE-q12 TZV2P-MOLOPT-SR-GTH-q12
 1
 6 0 5 7 4 4 3 3 2 1
         2.09407751637488     3.81943855917891E-01    -9.40093910336393E-02     2.11562535215945E-01     3.50833330856921E-01     4.00624643738863E-01     3.46796978163493E-01     1.05000830135304E-01     2.25590853452393E-01     3.13281759093168E-01     1.19233455409256E-01     4.11763439872556E-01     5.12605179517720E-01    -3.12416032706395E-02    -2.10351430648448E-01    -5.42338335778223E-02    -2.08658897142741E-01    -1.30843305108116E-01
         1.85337241466219    -7.52083804530045E-01     3.93853355679176E-02    -2.54200979090158E-02    -3.20684171714351E-01    -7.83192167383988E-01    -5.30170410759899E-02    -1.14008434034444E-01     3.74120734357157E-02    -5.07022648749157E-01    -2.39272445560615E-01     3.33845885359506E-01    -7.71550941135210E-01    -3.30446465548842E-02    -1.07744057439113E-01    -1.75847204654549E-02     4.66883537684513E-02     5.93021954618506E-02
         1.52857368526271     4.34294018196246E-01     5.65940324931615E-02    -2.76042043402922E-01    -3.14989749586095E-01     3.46264375496941E-01    -5.67872475834281E-01    -3.23359781948122E-02    -5.74943596853246E-01     1.61847260661349E-01     2.77883091022225E-01     6.81364667174826E-01     3.65319647312132E-01     4.39716566921382E-02    -8.33780794720623E-02     9.75139275129256E-02     2.59461807878387E-01     2.30535345789302E-01
         0.50879511204872    -1.61308410374316E-01     2.15843644112425E-01    -3.39400845202007E-01     6.59343538906945E-01     3.02779494312257E-01    -1.17172255720250E-01    -6.97600085314307E-02     5.73350636847353E-01     2.57203747320197E-01    -3.27448827183680E-01    -2.00204753413804E-02     6.93773403294677E-02    -1.12625537395662E-01     2.10070296472061E-01     5.59542889394659E-01     7.50902611664405E-01     7.95643066563165E-01
         0.24239946974235     2.25941198015889E-01     9.11443149480368E-02     3.24242950684540E-01    -4.23976927877456E-01     4.28819319763526E-02     6.79287068021768E-01     2.07943840661966E-01    -5.00544959549381E-01     6.79237732258285E-01    -3.59735209779235E-01     1.16731793349439E-01     4.71562050814534E-02     3.65424618488171E-01     6.95445421563798E-01     7.82214177449200E-01    -5.64023522297570E-01     4.70204903511189E-01
         0.09706940515067    -1.44835491987413E-01    -6.03437746243427E-01     5.77809886174506E-01     2.15038578352554E-01    -8.78123564552981E-02    -3.15206773919387E-02     6.87439822823213E-01     1.90978605380722E-01     3.01483994525721E-01     4.42965538700999E-01    -4.72240289683373E-01    -1.75213179528848E-02     4.94482540961487E-01    -6.32401717822891E-01     7.23990692025047E-02    -5.39996035566374E-02     2.65953592410492E-01
         0.03482754170997     4.27831706581665E-02    -7.53243165772797E-01    -5.69390211749191E-01    -1.18857754382211E-01    -7.06088792359091E-02    -2.79800087717340E-01     6.73981214494389E-01    -3.74155986266543E-02    -1.33331833101912E-02     6.46886731642412E-01     1.33048722379733E-01    -3.38040062867544E-02     7.77988341930826E-01     9.73950359875008E-02     2.38854795109009E-01    -4.54753716245367E-02    -3.66725986473021E-02
#
# 91 Pa-q13
#
Pa DZVP-MOLOPT-GTH-PBE-q13 DZVP-MOLOPT-GTH-q13
 1
 6 0 4 7 3 3 2 2 1
         3.21587492161845     1.68042397231334E-01     3.12861912703485E-02    -4.06995262752712E-02     8.01173386904484E-02     2.73320949496039E-02     2.00237028037934E-03    -1.43998882877888E-02    -1.73232559319405E-02    -4.18297410103200E-01     2.11915639161727E-01    -8.53266545201922E-03
         1.63615576427329    -7.29098328871754E-01    -1.12729201810078E-01     6.16796635532624E-02    -4.56510114248101E-01     8.01956510050961E-02    -8.67327999350718E-02     1.44647988086788E-01     1.31128802860565E-01    -4.94391299155003E-01     3.38810973501808E-01    -4.67392532047792E-03
         0.82116514118662     4.61138380762921E-01     6.51371709124739E-02     2.44519729293830E-01     3.91538147075844E-01    -5.94338122100909E-01     2.79532571091509E-01    -1.05160393313963E-01    -7.43194108917443E-02    -5.68402857669855E-01     2.21424639014351E-01     1.46453103913842E-01
         0.38325792415261     4.51865691525354E-01    -1.14746991322161E-01     9.71940999682758E-02     7.40231244039637E-01     2.34065645073160E-01    -1.92491634893232E-01    -4.93255322169974E-01    -5.24970696422572E-01    -4.39372506213010E-01    -4.37328229767454E-01     7.26211404025968E-01
         0.18007493089214     1.28996039021167E-01    -1.73019568868018E-01    -3.60848079104579E-01     2.86941032373632E-01     2.57112492765911E-01     3.74014147477281E-02    -7.00595623280734E-01    -1.14844613742571E-01    -2.37240699211428E-01    -6.59829138884591E-01     6.27018117845436E-01
         0.08011678643826     2.11042742767671E-02     6.48160331245209E-01    -7.02005208153038E-01     1.69622566142273E-02     6.80481188686378E-01     5.64986190022145E-01    -4.63410408993695E-01     6.30781594298986E-01    -9.04560266707010E-02    -3.62259659290052E-01     2.26133610547488E-01
         0.03284862025133    -7.91252279802552E-02     7.20316591528972E-01     5.49799898249262E-01    -3.62275882884618E-02    -2.35872004416078E-01     7.46105665025346E-01    -1.37574151151176E-01     5.38806857709258E-01    -3.01165639601199E-03    -1.82777136231906E-01     8.23753794124174E-02
#
Pa DZVP-MOLOPT-SR-GTH-PBE-q13 DZVP-MOLOPT-SR-GTH-q13
 1
 6 0 4 7 3 3 2 2 1
         3.31256544196950     6.39627908643762E-02     1.64189603292199E-01     1.46884728026840E-02     6.94069342964175E-02     4.49739728641860E-02    -1.26416291189621E-02    -1.91447044743020E-02    -8.13130816524380E-03    -3.89560102855147E-01     1.94739935849785E-01    -1.23870511972307E-02
         1.63771503511527    -3.10503400116713E-01    -6.43716822313746E-01    -2.20235378767787E-01    -4.38107722982595E-01     5.81525750431319E-03     2.01725985847879E-01     1.85147030838299E-01     6.90930978318757E-02    -5.43465462887593E-01     3.77448571498905E-01     5.18198747267989E-03
         0.79269642888523     2.36321036830443E-01     1.26046102631122E-01     6.19369646420607E-01     4.36758584572282E-01    -6.88914581283859E-01    -4.53269615847894E-01    -1.22684020473504E-01     1.86989969825823E-02    -5.33460025161294E-01     1.81831690007583E-01     1.50921395767956E-01
         0.42161777231755     1.80085764181035E-01     4.19141462565480E-01     2.79295440513032E-02     5.06316633057793E-01     5.83474556007200E-01    -1.66595322779014E-01    -4.95636530938261E-01    -4.09143042967276E-01    -3.79329268300618E-01    -2.76674551731171E-01     6.70782617371422E-01
         0.22340145946584     3.91185741799995E-01     1.60642321823712E-01    -3.25883793583880E-01     3.74304061625222E-01     3.01254423617000E-01    -6.24295350214727E-02    -7.49025982075412E-01     3.11497439311405E-02    -3.20454935639245E-01    -7.21596538537641E-01     6.88247123186570E-01
         0.09614571710670    -5.05862927725308E-01     5.65804767855768E-01    -4.51310066092525E-01     3.43645594915244E-01    -3.98545530978969E-02     6.29457574788407E-01    -3.76334689803547E-01     5.87202281883359E-01    -1.44484191966629E-01    -2.12701089063594E-01     1.66797490912607E-01
         0.03467387536241    -6.34266741014445E-01     1.45472507099401E-01     5.06952449141507E-01     3.12943894288139E-01    -3.00923667364686E-01     5.70810988263785E-01     4.44904147961035E-02     6.93999652137405E-01    -2.91697989963520E-02    -3.79544522386577E-01     1.59961292039469E-01
#
Pa TZVP-MOLOPT-SR-GTH-PBE-q13 TZVP-MOLOPT-SR-GTH-q13
 1
 6 0 4 7 4 4 3 3 1
         3.17068214098431     4.40369756822180E-01    -5.16202716322104E-01    -1.50328283408143E-02     4.24290819652710E-01     7.32483356838483E-02     6.07584267581377E-02    -1.78591987679330E-02     1.09414878933075E-02     1.04546999716938E-01     1.10362288795613E-01    -1.05320226480172E-01    -4.72292449544695E-01     2.03318637944385E-01    -6.69491848324792E-02    -1.59995779796940E-02
         1.63455343310597    -7.71630527544683E-01    -1.36806148520175E-01    -1.40802351467122E-01    -1.14278797784478E-01    -4.33807259680289E-01     2.56287944507791E-02     2.64999349822455E-01     1.46985736378830E-02    -4.19550057955564E-02    -2.05394046266591E-01     2.63664963686056E-01    -4.82507690562330E-01     3.32363870206890E-01    -1.78832934853454E-01     1.50625246913747E-02
         0.91318655802916     2.56352826667930E-01     1.68914240993974E-01     2.93282415626855E-01    -2.15674325945110E-01     3.24382642609548E-01    -7.13669075911635E-01    -4.20614215069332E-01    -3.09496784824932E-01    -3.40293768583140E-01    -1.63324757842945E-01     2.10729564803908E-01    -5.36991187601987E-01     1.52637529880632E-01    -3.90715060498094E-02     6.68829138092265E-02
         0.46160252272784     1.72514560585897E-01     3.02608201453834E-01     4.85985021852658E-01    -3.17869688561547E-01     4.80893024702153E-01     3.28023896780203E-01    -3.99018031637605E-01     5.83462679466990E-01    -5.47653674981752E-01    -2.55281357813969E-01    -2.81871159524231E-01    -4.04115304593104E-01    -2.50217267861875E-01     5.44427269750003E-01     6.64427411354475E-01
         0.23242590879162     2.48617217162511E-01     4.52214862571651E-01    -6.10331294824825E-01    -2.96754531305750E-01     4.25868470215275E-01     5.41460872769726E-01     8.03899292622940E-02    -6.85073835986629E-01    -3.49861639324631E-01     4.91672763214984E-01    -6.58906691282978E-01    -2.60609634361021E-01    -7.68860818282083E-01     1.11509430310931E-01     7.19525759366002E-01
         0.09721213015736     1.68574309781401E-02     4.72512452425433E-01    -2.81588429179465E-01     6.14269728574050E-01     4.00409762348037E-01    -1.50943392724683E-01     5.30565848987711E-01     3.06400428555600E-01    -6.09576755598216E-01     3.83108735933843E-01     5.67791506057950E-01    -1.53662964158901E-01    -1.64717202322793E-01    -6.12533343600987E-01     4.88625977033622E-02
         0.03501070381256    -2.30408479084192E-01     4.08593672691181E-01     4.53824153414125E-01     4.40420880141190E-01     3.58150542408601E-01    -2.50528575523129E-01     5.52595715947796E-01    -1.54885201175672E-02     2.78564746593647E-01     6.82111056325835E-01     1.97445978929882E-01    -3.04592778447578E-02    -3.79486729610896E-01    -5.27235718970416E-01     1.82962162454507E-01
#
Pa TZV2P-MOLOPT-SR-GTH-PBE-q13 TZV2P-MOLOPT-SR-GTH-q13
 1
 6 0 5 7 4 4 3 3 2 1
         3.19366558871035     4.18202956264738E-01    -4.98469593321667E-01     1.52207290717954E-02     3.95195774520134E-01     7.34055679122895E-02     5.63267728606906E-02    -1.51178273208064E-02     8.20355684651606E-03     9.82005462619588E-02     1.06489013424605E-01    -9.52749830530130E-02    -4.61270409105675E-01     2.03271250805020E-01    -5.89628637528992E-02    -1.37347093106918E-02    -1.24645631243186E-02     3.26075452940014E-02
         1.61548799461028    -7.68324980558157E-01    -1.19969700699861E-01    -1.68633392694842E-01    -1.17038714884378E-01    -4.42836678722359E-01     3.00455749315815E-02     2.37936306271736E-01     1.44621396572573E-02    -3.96834967813957E-02    -2.13666325546701E-01     2.58980991333808E-01    -5.09621744311096E-01     3.44232889529357E-01    -1.71037764314657E-01     5.89269970255229E-03     1.12598766297522E-02    -3.26299605145906E-02
         0.87883420762174     2.95701011460163E-01     1.77886647341324E-01     2.90889749890161E-01    -2.20024317342034E-01     3.45522315026873E-01    -7.31630201994504E-01    -4.00461788048821E-01    -2.73466011507773E-01    -3.71459916794831E-01    -1.85318026824999E-01     1.95920479842813E-01    -5.37115350543693E-01     1.41976464211110E-01    -2.23588037130420E-02     1.11295103021428E-01     8.49889420349376E-02     1.07630585483344E-01
         0.43756502781210     1.22702277472757E-01     3.05894566574628E-01     4.91570597151496E-01    -3.39742432260279E-01     5.07531117032285E-01     3.63613483280698E-01    -3.78755146801820E-01     5.52862875589844E-01    -5.72325251939403E-01    -2.31243777508011E-01    -3.10694335802842E-01    -3.76655404437670E-01    -2.47326614467522E-01     5.97708688801456E-01     7.42528132497294E-01     6.07192823802661E-01     9.19318197845117E-01
         0.22479558863815     2.63867299327689E-01     4.79434009710965E-01    -6.60802357940504E-01    -2.70315535910591E-01     4.29139610076911E-01     4.94352448824966E-01     1.25272363712939E-01    -7.09888219954259E-01    -3.33989697159830E-01     5.18634550262976E-01    -6.29949617510888E-01    -2.51583587222614E-01    -7.49510554063454E-01     1.35538797822004E-01     6.35399396633343E-01    -5.78971081450884E-01     3.45977082772912E-01
         0.09550301266469     2.91311117903089E-02     4.20613729622163E-01    -1.99530352171381E-01     6.65257111101897E-01     3.82212709253630E-01    -1.62956768442616E-01     5.74912022099956E-01     3.39166465502582E-01    -5.74396311129627E-01     4.05086250061603E-01     6.01549098782347E-01    -1.76926098475016E-01    -2.56692343214769E-01    -6.21635877318305E-01     4.80156920335431E-02     7.69689691199321E-03    -1.10494832914835E-01
         0.03410633990021    -2.48623211341075E-01     4.52931905556786E-01     4.10609902465035E-01     3.88135421848374E-01     3.02136448625605E-01    -2.39766111766422E-01     5.41401572101012E-01    -1.75314963656197E-02     2.85942247588724E-01     6.49702754287904E-01     1.73890425734805E-01    -5.05563867936569E-02    -3.62215013536135E-01    -4.52451037593831E-01     1.73216934565936E-01    -5.37163707746767E-01     9.60858571336202E-02
#
# 92 U-q14
#
U DZVP-MOLOPT-GTH-PBE-q14
 1
 6 0 4 7 3 3 2 2 1
         3.37208932144593     1.91552656991277E-01     4.34198586164903E-02    -3.30018916306678E-02     6.79216981915230E-02     1.27304118647805E-02     3.53689214027435E-03    -1.97512661988175E-02     2.04111330149913E-02    -3.70497164431550E-01     2.55836832298340E-01    -9.93690997743223E-03
         1.83617863024557    -7.28618397597376E-01    -1.61603299567506E-01     8.48831621426753E-02    -3.99229625316267E-01     4.16851300859615E-02    -2.01110124532031E-01     1.30391567053970E-01    -1.21208956151867E-01    -4.11217247607290E-01     4.05772359457949E-01     1.21608094978306E-03
         0.93813111923783     3.97342380180201E-01     1.10162807519946E-01     7.20783341278174E-02     2.42766397631908E-01    -2.79323809217234E-01     5.89625608146492E-01    -6.88830938117986E-02     3.10158949925426E-03    -5.45422451496631E-01     3.04736129614005E-01     9.79216222999423E-02
         0.43523212737902     4.89318552875974E-01    -1.20444846026328E-01     2.79828151608631E-01     7.84954537521875E-01    -4.89534602302108E-02    -4.91765484056979E-02    -3.73329073017112E-01     5.86490141530504E-01    -4.88833918963552E-01    -2.42356943959513E-01     6.24618758861658E-01
         0.19923795408121     1.60092416900448E-01    -1.43905700162058E-01    -4.45207576488073E-01     3.89432135243879E-01     3.47556072492481E-01    -3.05120102205690E-01    -7.19934773327152E-01     2.30545315825961E-01    -3.73889964101904E-01    -7.12189407939197E-01     7.50941258654961E-01
         0.08303413311426    -3.99725878339217E-02     6.73304636325131E-01    -6.18193523928966E-01     1.25468047473310E-02     8.56249245253828E-01     1.13952403348323E-01    -5.31721509456649E-01    -5.67004335652471E-01    -1.29830638636583E-01    -3.10244313840092E-01     1.64119525829507E-01
         0.03414622813603    -8.87795431343378E-02     6.86518973165045E-01     5.72567571610563E-01    -9.53854764588590E-02     2.52436252062148E-01     7.09494249807996E-01    -1.93531929891108E-01    -5.16010086461238E-01    -2.32007652395233E-02    -1.21778583959036E-01     9.65119071549911E-02
#
U DZVP-MOLOPT-SR-GTH-PBE-q14 DZVP-MOLOPT-SR-GTH-q14
 1
 6 0 4 7 3 3 2 2 1
         3.45089783932727     1.53031631769995E-01     1.24375617167426E-01    -6.74530277025751E-02     6.57520989468018E-02    -1.42916042493382E-02    -1.18759527530870E-02    -2.67682541597390E-02     5.55947519016085E-03    -3.73500436110197E-01     2.06846431805160E-01    -1.28468544172661E-02
         1.87150452590724    -5.79191461046774E-01    -4.53231172852094E-01     1.95195211764561E-01    -3.97710687080834E-01     1.80736934813476E-01    -1.61602786541200E-01     1.61521634231474E-01    -4.27472132487811E-02    -4.80266726114185E-01     3.96488276805283E-01     7.82868509151076E-03
         0.95554007293912     2.46126606136483E-01     2.59124612859565E-01    -5.47537243071860E-03     2.54371976293352E-01    -2.72839401320197E-01     6.90453981520400E-01    -4.00250203279590E-02    -8.52033904772940E-02    -5.39829865258183E-01     2.46847004914383E-01     7.56021301869626E-02
         0.48612139013206     6.22135824740650E-01    -7.34440089739386E-03     3.61654354199934E-01     6.42458922579683E-01    -3.71989217543293E-01    -1.24111267714117E-01    -4.47201780900550E-01     4.10987569882517E-01    -4.41535745290209E-01    -2.07750183891634E-01     5.77884019402734E-01
         0.23098551796448     1.17961991430264E-01     6.71262297752155E-02    -6.74420220130506E-01     4.41768825137736E-01     6.71455491905236E-02    -5.89336901869982E-01    -8.00871156817690E-01     6.35072208662354E-02    -3.59636688887121E-01    -7.65734455905356E-01     7.93068441033877E-01
         0.09298565125781    -3.29958562898996E-01     5.31238830139431E-01    -3.43240056877307E-01     3.08609950209159E-01     6.68705297524580E-01     1.40139954259533E-02    -3.60746028745849E-01    -6.45837995196187E-01    -1.16405847047481E-01    -2.44184851267243E-01     8.01954295410649E-02
         0.03509069334337    -2.65893955933110E-01     6.52067541918343E-01     5.03853844658251E-01     2.63902453775015E-01     5.50124798429812E-01     3.66195054286428E-01    -8.39524110144927E-03    -6.33112537000435E-01    -2.41314939213184E-02    -2.23478228725223E-01     1.57223372843461E-01
#
U TZVP-MOLOPT-SR-GTH-PBE-q14 TZVP-MOLOPT-SR-GTH-q14
 1
 6 0 4 7 4 4 3 3 1
         3.41499693650081     1.01481806817029E-01     1.98197143684558E-01     6.68475940653491E-03     3.84151432401404E-01     5.74660414225933E-02    -3.23534530867316E-02    -3.18305182330515E-02    -1.01293930767030E-02     1.25177969215124E-02    -5.23990797562265E-02    -9.35396005790615E-02    -4.13409940667695E-01     1.75048803832269E-01     6.98289778868928E-02    -1.13732185971477E-02
         1.88068923906880    -6.42359749234894E-01    -4.14334389763280E-01     6.82329078184653E-02     7.82160847647143E-04    -3.35980066060437E-01     3.01370455122758E-01    -1.13541377064303E-01     1.01108728812064E-01     1.25987911187500E-01     1.58387761495554E-02     1.25212406867502E-01    -4.94976458488678E-01     3.37751390401110E-01     2.10108262112501E-01     3.08191363085778E-03
         1.00700376942615     2.72060817348627E-01     1.37710973170330E-01     5.36364155013930E-02    -1.48543912294834E-01     1.99987120595403E-01    -3.33106320916627E-01     7.06634636710723E-01    -4.45681068018925E-01    -1.53464552618209E-01     8.95896874599258E-02     2.67309732607897E-01    -5.64175494346842E-01     1.60474761929364E-01     1.22599494979858E-01     6.70520219292442E-02
         0.51684482290777     5.67745694430617E-01    -4.70817087789850E-02     4.25805817372493E-01    -2.04120749656187E-01     4.47574778464620E-01    -5.73942243189756E-01    -1.21024888372817E-01     5.99810159746772E-01    -5.07757104806980E-01     4.78907766246548E-01     8.51241211153154E-02    -3.60523404724657E-01    -5.58769022133350E-03    -6.39499086565347E-01     5.01488140436933E-01
         0.24805311672330     1.84096361528033E-01     1.31787775827761E-01    -5.27432688361675E-01     6.20086517329657E-01     4.48754763488532E-01    -5.88881072295970E-02    -6.25378202348026E-01    -6.06515167296526E-01    -5.69225298845451E-01    -1.11673649899904E-01    -7.48519388938287E-01    -3.11803579814448E-01    -7.61784445176514E-01    -2.94941829125844E-01     8.42549903419762E-01
         0.10124773369839    -1.56912651196531E-01     5.42333955186024E-01    -4.81880774530112E-01    -5.83860696386169E-01     5.16567896933970E-01     5.24453625374536E-01     8.38026207089702E-02     2.51734426038347E-01    -6.08094316040887E-01    -4.31349099684017E-01     5.67677160739902E-01    -1.65997227261729E-01    -2.86775260622534E-01     3.82947033621414E-01     6.01165553589074E-02
         0.03560578387373    -3.49585587708854E-01     6.75551455816920E-01     5.48377427956380E-01     2.51586742754331E-01     4.18657125432154E-01     4.35017435235173E-01     2.72019972040050E-01    -6.30149302781244E-03     9.38379803472042E-02    -7.49060384121455E-01    -1.19720310328422E-01    -1.05085017389202E-01    -4.08586529443522E-01     5.41617578208618E-01     1.74271291618987E-01
#
U TZV2P-MOLOPT-SR-GTH-PBE-q14 TZV2P-MOLOPT-SR-GTH-q14
 1
 6 0 5 7 4 4 3 3 2 1
         3.40379664426725    -2.27157759237923E-02     2.02663864539539E-01     1.54207813051152E-01     5.93429427077761E-01     5.98673078588048E-02    -3.17475536525158E-02    -2.56627284120500E-02    -8.88392800944903E-03     4.45056763497167E-03    -3.79394771164881E-02    -5.84439765304070E-02    -4.18632642750023E-01     1.76533122650637E-01     7.87115015257109E-02    -8.33282070569084E-03    -5.89070591459777E-03     9.62513773448430E-03
         1.86466203546521    -6.18218394147663E-01    -4.26709302276102E-01     1.31579792221924E-02    -1.48423287915387E-01    -3.48642019151982E-01     2.88892730284736E-01    -1.32118820860159E-01     9.80589503629117E-02     1.51938343597811E-01    -2.87770194157928E-03     7.73412904930454E-02    -4.85653492181019E-01     3.27279727277435E-01     2.00036664323275E-01    -1.09812033455224E-02    -2.81203029252806E-03     5.46743879288841E-02
         1.00052037875166     3.80193385587033E-01     1.22890117623238E-01    -1.71860965958135E-02    -2.89551122299025E-01     2.13397251298267E-01    -3.20823798780042E-01     7.04394265540164E-01    -4.33685705016431E-01    -1.90947945439595E-01     1.19076098299762E-01     2.56896943334055E-01    -5.74939298756694E-01     1.66779804286819E-01     1.32121574244373E-01     1.07919359418877E-01     6.65764757589170E-02    -1.87731358903121E-02
         0.49590755020847     5.40282546389444E-01    -1.72580410310337E-02     4.34332990990487E-01    -1.32262904446713E-01     4.68216184829584E-01    -5.53956202254810E-01    -1.25849426880634E-01     5.99078257042556E-01    -5.87984935440896E-01     4.61685239020038E-01    -5.43204748226185E-04    -3.72225011300617E-01    -4.70348290004566E-02    -6.48111731848980E-01     6.79543662446267E-01     5.58437226661641E-01     8.08476506501583E-01
         0.23762193179345     1.46476164108752E-01     8.63240997989611E-02    -5.00261913758194E-01     5.84940934308359E-01     4.66628088217651E-01    -3.12198610685372E-02    -6.19807940990276E-01    -6.03740155447403E-01    -4.98076689136980E-01    -2.71377039668314E-01    -7.60137479962643E-01    -2.94143052349471E-01    -7.67112154680986E-01    -2.55885049165097E-01     7.19321482459561E-01    -4.94348938965375E-01     5.39905202229921E-01
         0.09716851278870    -1.37381220046209E-01     6.35015655736864E-01    -4.76408807433513E-01    -4.13934773855991E-01     5.06243975345581E-01     5.72750485426717E-01     1.03178572080681E-01     2.78676928269984E-01    -5.67987743129614E-01    -4.69529852867995E-01     5.86486075356585E-01    -1.56306008283171E-01    -3.24073694760510E-01     3.69685279007437E-01     7.03866221872581E-02     1.39982081166276E-01    -1.48902383062698E-01
         0.03402856831028    -3.74845173386391E-01     5.92241483800517E-01     5.56667741871750E-01     1.04789411337662E-01     3.68883626698157E-01     4.20380662095445E-01     2.73987190433616E-01    -3.41242381666379E-02     1.54974402442192E-01    -6.90735953457615E-01    -5.32107770595113E-02    -9.39629511725030E-02    -3.71767993469499E-01     5.60482418289691E-01     6.32939827562781E-02    -6.47840236724769E-01     1.71060891951817E-01
#
# 93 Np-q15
#
Np DZVP-MOLOPT-GTH-PBE-q15 DZVP-MOLOPT-GTH-q15
 1
 6 0 4 7 3 3 2 2 1
         3.52932278482518    -1.56254858586559E-01     3.04426762991254E-02    -6.60803621618262E-02     7.10547960490261E-02     1.98074814166519E-02    -2.32935313274559E-02     9.14591693129827E-03    -1.83421405270564E-02     4.20728430073956E-01     2.02057986444651E-01    -7.89849380526681E-03
         1.81191374065555     6.93664358105289E-01    -1.09992864365842E-01     1.85944369363611E-01    -4.33731033004061E-01     6.82136643046167E-02    -1.14677544117346E-01    -9.47240591482021E-02     1.44456251320205E-01     5.32462040720051E-01     3.52868346755389E-01     5.36233797282890E-03
         0.86921912982206    -5.15318820407951E-01     6.33213424804165E-02     1.40511600520046E-01     3.56329813738554E-01    -4.03262959969052E-01     5.89926315696655E-01     9.75184869122360E-02    -8.54348128594168E-02     5.71028222955462E-01     1.43463829379296E-01     1.16497906739668E-01
         0.38962341228658    -4.74184215367906E-01    -1.85747588256594E-01     5.89924365936778E-02     7.47480312043036E-01    -4.76854108562009E-02    -2.58465070609263E-01     2.99093227526381E-01    -7.32265714822828E-01     4.02355447367875E-01    -4.45509444080060E-01     7.15864555944850E-01
         0.17672639926121    -9.61934869283193E-03    -4.96427375301947E-02    -5.76410740025002E-01     3.25631623791557E-01     3.75135249380993E-01    -1.83596016547465E-01     6.85917003955300E-01    -2.02214508743052E-01     2.16320574641538E-01    -7.04326801888843E-01     6.51490896317937E-01
         0.07405303552047     5.45500613917633E-02     7.84282857189715E-01    -4.63630246845702E-01     1.11909137087967E-01     8.20447130792357E-01     2.62768750625799E-01     5.85157030283066E-01     4.28652572143167E-01     6.80775369413693E-02    -3.25758420002517E-01     1.83027142667689E-01
         0.03156122849661    -3.06884281877595E-02     5.75238257438191E-01     6.25005690195048E-01    -5.07074406754525E-02     1.27278028885542E-01     6.84641736968679E-01     2.81222695342076E-01     4.58966270907723E-01     8.91537055982393E-03    -1.15763434666804E-01     1.26236727840923E-01
#
Np DZVP-MOLOPT-SR-GTH-PBE-q15 DZVP-MOLOPT-SR-GTH-q15
 1
 6 0 4 7 3 3 2 2 1
         3.56829971330799    -1.36499075856831E-01     1.08151187492982E-01    -5.00370875167418E-02     5.71664070683767E-02    -2.75547925102723E-02    -4.56203398145530E-02     1.64188412993697E-02    -1.13815000551937E-02     4.00859208759973E-01     2.17636269170656E-01    -1.03039420545155E-02
         1.83487451336321     5.95021249268878E-01    -4.20930454390058E-01     8.82313080997037E-02    -3.62759491214035E-01     2.79195636158491E-01    -4.88101142237142E-02    -1.41965602086445E-01     8.84355337777860E-02     5.25765495496071E-01     3.94410529863068E-01     1.11113728679115E-02
         0.87781149937777    -3.97079442472975E-01     2.22295821235384E-01     2.84973717077574E-01     3.30242547877508E-01    -4.38521086346311E-01     7.00498215381546E-01     1.16017955035907E-01    -3.92363096703599E-03     5.58449196618898E-01     1.73641984199946E-01     1.09476461501901E-01
         0.40717498421762    -5.35676486306551E-01    -1.20040033473227E-03     1.03739652796072E-01     4.85185092911184E-01    -4.59851364516005E-01    -4.70094677023959E-01     4.99139953868000E-01    -5.93490378905249E-01     4.17296380905249E-01    -4.45969328566604E-01     7.60467040812689E-01
         0.18915793554791    -5.83901526712874E-02     1.57382744968235E-01    -7.08559122398996E-01     3.74313204987927E-01     8.24393549995364E-02    -3.94374267451860E-01     7.42772959098604E-01     4.59591730322876E-02     2.64556176184463E-01    -6.83024673334804E-01     6.04687808102528E-01
         0.07403945628172     3.23578971498938E-01     7.02756013990707E-01    -2.69486094934104E-01     5.31827651491460E-01     6.38413676138460E-01     3.34288686124355E-02     3.95180609097487E-01     5.59000294493309E-01     8.01572273576776E-02    -2.59294926639792E-01     9.18447465751365E-02
         0.03054237552332     2.73099932015859E-01     4.93019935192602E-01     5.68384382138469E-01     3.12604882089050E-01     3.21182565543071E-01     3.56652562223773E-01     9.53726767045964E-02     5.70271705645170E-01     2.15780518623387E-02    -1.85143307225292E-01     1.88128540217725E-01
#
Np TZVP-MOLOPT-SR-GTH-PBE-q15 TZVP-MOLOPT-SR-GTH-q15
 1
 6 0 4 7 4 4 3 3 1
         3.53099542800591     1.33585381515630E-01     1.52667570714496E-01    -1.44094189314164E-01     6.40697785214267E-01     5.56123640035987E-02    -1.92383748893703E-02    -8.61909300413702E-02     3.50663269157895E-02     1.34483311898491E-02     6.65721574983170E-03     2.44691064680504E-02     4.59137919810311E-01     1.70955883178656E-01     3.71097267323960E-02    -1.15666796887615E-02
         1.85816630871294     3.92733662321467E-01    -5.82219191754224E-01    -3.85622699747863E-02    -2.63776021667636E-01    -3.94525071260817E-01     2.48280291421343E-01     4.28772908551511E-02    -1.00419589608450E-01    -1.70523541282988E-01     5.48222704812673E-02    -5.68359757015392E-03     5.51730495101493E-01     3.26571596901875E-01     1.28148916486644E-01     1.32279418627983E-02
         0.96074822996902    -3.06741028245009E-01     1.59414675158400E-01     3.67161347260311E-01    -2.31972613952006E-02     3.71475770043635E-01    -3.85352969643403E-01     7.41984531876575E-01    -1.77775341691176E-01     1.76701584555775E-01    -6.98683728714599E-02    -2.74243647141523E-01     5.66427345877618E-01     1.04064743169045E-01     4.06901363086831E-02     6.31555582421396E-02
         0.47528890313636    -4.91394852338828E-01     2.57655595817378E-01     2.94328763168380E-01    -1.01693860868711E-01     4.63009073339726E-01    -3.96887134149046E-01    -3.42453081972344E-01     5.48476440638670E-01     5.44806682432948E-01    -5.20387031435113E-01    -1.06831941501860E-01     3.04966046545428E-01    -2.79561036395720E-01    -6.45594672950160E-01     5.86253311236943E-01
         0.23354848156990    -1.36128596107665E-01     1.39248740279399E-01    -6.34163344740144E-01     3.28077494420216E-01     4.74848152403756E-01     4.27531942123911E-02    -4.43038221870427E-01    -7.44886115163904E-01     5.62780941331578E-01     1.60338838526179E-01     7.65991963699083E-01     2.20710516092308E-01    -7.82995206337967E-01    -6.96228739690680E-02     7.71369225453564E-01
         0.09537054664470     3.42494886170384E-01     6.63416688737362E-01    -2.98275522909430E-01    -5.45501825545686E-01     3.84460569625297E-01     6.41110394178735E-01    -1.52495007140377E-02     3.18389328780984E-01     5.69477430280838E-01     4.28755575730387E-01    -5.67359979491420E-01     1.20741530582180E-01    -2.93803619011285E-01     3.69550802151849E-01     8.95697348700805E-02
         0.03345160546822     5.97095063854894E-01     2.93942284009432E-01     5.14957769929875E-01     3.22244813955761E-01     3.39992479261361E-01     4.68102659913337E-01     3.55530714989482E-01     5.35643956815449E-03    -4.09409516630437E-02     7.15350306678039E-01     6.40724827417652E-02     8.74640185604891E-02    -2.75207511833729E-01     6.49874922196507E-01     2.21306223636772E-01
#
Np TZV2P-MOLOPT-SR-GTH-PBE-q15 TZV2P-MOLOPT-SR-GTH-q15
 1
 6 0 5 7 4 4 3 3 2 1
         3.48256297476761     3.96536468406181E-01    -3.53715672720259E-01    -1.63774461921946E-01     6.75217806815184E-01     5.54853137515058E-02    -1.18979288304742E-02    -8.54768535130203E-02     3.03588048905007E-02    -2.53855324046982E-03     2.70433305476361E-02     4.02461567077757E-02     4.78700391045196E-01     1.73868053181456E-01     5.59693521810194E-02    -1.58197447522906E-02    -1.44566083272312E-02     3.97764227926666E-03
         1.85110730546883     1.08965404664170E-01    -3.82255613171652E-01     6.80423497143904E-02    -6.55155587361986E-01    -4.03969199345867E-01     2.43252240003316E-01     6.27386969253158E-02    -8.13691807581859E-02    -1.52771010604163E-01    -1.37664999214634E-03    -6.27115626643198E-02     5.20029626074161E-01     3.06320700422208E-01     1.25900922094474E-01     2.26249339569596E-02     2.93385000088625E-02     6.80560804953499E-02
         0.97775738309929    -3.11888026348884E-01     3.37428116563526E-01     2.30321527165216E-01     9.37805697767383E-02     4.05505863650788E-01    -4.37328103775544E-01     6.88729799473190E-01    -1.66746316938175E-01     2.36707141996760E-01    -1.13602565905359E-01    -2.61975745701093E-01     5.81134801717906E-01     1.06663703633449E-01     7.08181019555613E-02     6.81126432476411E-02     2.43709286959541E-02    -7.60612429257464E-03
         0.46820628990710    -4.00607304537085E-01     2.79664966460459E-01     3.67384048347833E-01     2.41396970322105E-01     4.55476350440915E-01    -3.72339335097635E-01    -4.29661452370026E-01     5.13770071888021E-01     6.45168976931175E-01    -4.45093657923850E-01     5.07519333519498E-02     3.22565705853010E-01    -2.82566548211799E-01    -6.53489661899590E-01     7.50515746063857E-01     5.05509455628564E-01     7.48169493032402E-01
         0.22569238256524    -1.86207985008040E-01     1.85652215504711E-01    -6.68440532901144E-01     6.40235833538333E-02     4.52250360158369E-01     1.32625804511356E-01    -4.32193400011058E-01    -7.54174372229496E-01     4.38111334932037E-01     3.83983354674888E-01     7.56082158879882E-01     2.02339167220598E-01    -7.83259189731426E-01    -6.05203250130169E-02     6.34830522691563E-01    -5.62250517613177E-01     5.88008111724750E-01
         0.09130659453120     4.89836494183342E-01     6.85653554576874E-01    -2.63155143029928E-01    -1.97068759522687E-01     3.89212639547297E-01     6.60947792448530E-01     5.16402112240038E-02     3.63180611317791E-01     5.36931162636634E-01     4.60763201690400E-01    -5.91601896028787E-01     1.12510684805284E-01    -3.30818553872996E-01     4.07702163615685E-01     1.48353559113790E-01     1.69128030265387E-01    -2.01138306463897E-01
         0.03217073005656     5.46362344664670E-01     1.79187331394189E-01     5.14262330025343E-01     6.96395143180023E-02     3.25299381531631E-01     3.95414653048143E-01     3.74622498868058E-01    -3.77335966678250E-03    -1.55385581678212E-01     6.54604392823641E-01    -3.98424690817458E-02     7.10565864034051E-02    -2.48557146043425E-01     6.15685539623416E-01     7.94107029113492E-02    -6.30925171331575E-01     2.22096706542719E-01
#
# 94 Pu-q16
#
Pu DZVP-MOLOPT-GTH-PBE-q16 DZVP-MOLOPT-GTH-q16
 1
 6 0 4 7 3 3 2 2 1
         3.52091523164621     1.61723366778326E-01     2.05006039240749E-02    -7.22697494732928E-02     8.72831795094768E-02     4.31197465504807E-02    -2.63931430228929E-02     1.10271774390339E-02    -1.66082593220812E-02     4.80295804247279E-01    -1.35225446666922E-01    -9.88747565849851E-03
         1.88161418459700    -7.02822761645842E-01    -8.10239810289672E-02     1.97490707063146E-01    -4.49980759640001E-01     7.59967216152207E-02    -6.53958469774864E-02    -9.14057627258005E-02     1.38305905098324E-01     5.50703412748758E-01    -2.48783262984128E-01     1.21315776370517E-02
         0.93901401895022     4.91567344511316E-01     6.85595859702135E-02     1.24497216991748E-01     3.69065428329307E-01    -5.44369502730510E-01     4.13756089211683E-01     9.62128110164394E-02    -6.06685863855521E-02     5.75959908072193E-01    -7.69634879231590E-02     7.07769043696955E-02
         0.43085865542197     4.80717777874790E-01    -1.53819696683197E-01     9.10984887522034E-02     7.14915130137938E-01    -3.30657574487266E-02    -2.11025315398012E-01     1.89695045342974E-01    -7.08782373271838E-01     3.42479913790229E-01     4.13316444549410E-01     6.43492359954043E-01
         0.19775298741566     3.11622729767359E-02    -1.65819426422943E-01    -5.42865975063140E-01     3.63828015299480E-01     5.20400760036862E-01    -2.41999093219523E-01     6.41023744177453E-01    -3.64775315112967E-01     1.28034886156781E-01     7.48719347093111E-01     7.10198951173565E-01
         0.07950168210857    -6.22976346845473E-02     7.29179727273404E-01    -5.75277616111075E-01     1.00917646925376E-01     6.51132302196555E-01     5.49888333518738E-01     6.50864881395588E-01     3.56831173535906E-01     2.39224447473761E-02     4.08800959950978E-01     2.37998758250623E-01
         0.03216041165276     4.80166601425673E-02     6.36753301503101E-01     5.53469249157931E-01     5.55271670188865E-03    -1.19774760159150E-02     6.46807745502331E-01     3.34283918598414E-01     4.62766674880081E-01    -7.35996719877935E-03     1.23968622062450E-01     1.40133207916208E-01
#
Pu DZVP-MOLOPT-SR-GTH-PBE-q16 DZVP-MOLOPT-SR-GTH-q16
 1
 6 0 4 7 3 3 2 2 1
         3.50007650788354     1.53068829000674E-01     9.61622067616521E-02    -6.74803102806792E-02     6.14372534567220E-02     3.73121515617211E-02     7.35967803507108E-02     1.81466997913852E-02    -8.57846405619060E-03     4.78728211648865E-01    -1.93189066723329E-01    -1.54136840476779E-02
         1.90384268887006    -6.47116456436807E-01    -3.51807554152457E-01     1.42894788362326E-01    -3.18527505205909E-01     1.80022082668280E-01    -3.03271830539702E-01    -1.30875170153494E-01     8.96175011109256E-02     4.94057582526174E-01    -3.07783470265762E-01     2.57299088439575E-02
         0.99072289294064     3.98435470973658E-01     1.54214255378631E-01     1.59502392626734E-01     2.27377689861018E-01    -7.30413472505429E-01     1.25885883707257E-01     1.04625041856590E-01     2.50036918960473E-02     5.61354903863154E-01    -1.53098368483899E-01     3.82745260978241E-02
         0.46713147139508     5.45367296308784E-01    -5.32683369981455E-02     1.84844086328920E-01     6.13535270976129E-01    -4.55960981600195E-02     3.83252594476023E-01     2.98097886584283E-01    -6.18340272160012E-01     3.95849206830205E-01     3.43681341835739E-01     6.67402867289722E-01
         0.21648674409064     6.70723229546017E-02     1.08935260033708E-01    -6.67681465339627E-01     2.28512377430901E-01     6.03769150703487E-01     4.53319513903517E-01     7.30557259200233E-01    -2.50401770165427E-01     2.24233714430278E-01     7.63679743256868E-01     7.06611231014352E-01
         0.08405331693479    -2.62892845867019E-01     7.11533014597271E-01    -3.21531829770629E-01    -5.02634426314437E-01    -1.57892558006521E-02     6.11504504810453E-01     5.38303255968021E-01     4.26553531983011E-01     6.76361495438471E-02     3.21062651770756E-01     5.68613943915917E-02
         0.03223436645348    -1.67399426729282E-01     5.67643022332672E-01     6.05175909108387E-01    -4.02219189722647E-01    -2.56574589881393E-01     4.00554069689161E-01     2.43411859609465E-01     6.03553042007543E-01     7.42121743665447E-03     2.00258253633510E-01     2.22881613312158E-01
#
Pu TZVP-MOLOPT-SR-GTH-PBE-q16 TZVP-MOLOPT-SR-GTH-q16
 1
 6 0 4 7 4 4 3 3 1
         3.53279678754068     4.91165687259887E-02     1.90403090009328E-01     4.36911956997501E-02     5.71073310301411E-01     2.00968265224446E-02    -3.30205485183051E-02     1.76718366285307E-02     2.07580090281003E-01     8.16420650308887E-03     1.73830892350802E-02     1.78274010088593E-01     4.52236598111360E-01    -2.25081626625046E-01     7.34028359760883E-02    -1.16750127326740E-02
         1.89196461930201    -6.23385759381383E-01    -3.96356560536426E-01    -5.15641642541154E-02    -1.02270701630680E-01    -2.57270033516728E-01     2.73091650757098E-01    -2.16872781703212E-01    -3.86816204294484E-01    -1.31062317894266E-01     5.15809802747706E-02    -2.20766751398526E-01     5.02354903511043E-01    -3.66339880478793E-01     1.76130798039818E-01     1.57987798233905E-02
         0.96121158926752     3.85604341091929E-01     1.08446714381728E-01     3.19931237013979E-01    -1.74282276600953E-01     3.96351584346725E-01    -5.21871922668444E-01     2.93803981627057E-01    -5.95926657948027E-01     1.52928857796595E-01    -9.25892527463522E-02    -7.38638654533318E-01     5.46154576636636E-01    -1.73619452688117E-01     6.79561011989680E-02     6.06423056343950E-02
         0.45979885856223     5.19355250164714E-01    -3.38063693309216E-02     1.89352035218689E-01    -1.73433542163049E-01     4.85973562761144E-01    -1.26023082395606E-01     3.40532322890393E-01     4.85094049816670E-01     3.82860048868432E-01    -5.44245252529132E-01     6.14629400161306E-02     3.67085971616541E-01     2.81602901264351E-01    -6.80668390510136E-01     6.35394857341430E-01
         0.21974148597094     1.48737260651544E-01     1.75908178848150E-01    -5.59293349466915E-01     5.32214169027914E-01     1.81648179445051E-01     7.44429687463935E-01     5.84908551362817E-01    -1.46633514294427E-01     7.19423339771034E-01    -1.79644931186181E-01     2.95951139444420E-01     2.99690496475041E-01     7.28098964798579E-01     2.62238795851028E-02     7.27114503410384E-01
         0.08787030854841    -1.43291173447554E-01     6.84038560924579E-01    -4.20754794432926E-01    -5.17281612708642E-01    -6.10969735661253E-01    -2.42431957637703E-01     4.64582069098671E-01     3.12521124354242E-01     5.23961123012965E-01     5.10555320278207E-01    -3.92159545580470E-01     1.13329600114181E-01     2.94800219382925E-01     2.28207057901633E-01     8.76241396505279E-02
         0.03242347530399    -3.84580343803979E-01     5.43039721889349E-01     6.06117462979027E-01     2.28320572451099E-01    -3.65873320032258E-01    -1.52150120060629E-01     4.38652878490607E-01    -3.12518912566140E-01     1.43811549458076E-01     6.31919717759022E-01     3.58802839605995E-01     8.61782232862483E-02     2.97748506436899E-01     6.65504562708693E-01     2.36297456071723E-01
#
Pu TZV2P-MOLOPT-SR-GTH-PBE-q16 TZV2P-MOLOPT-SR-GTH-q16
 1
 6 0 5 7 4 4 3 3 2 1
         3.51438145266002    -3.88063310550536E-01    -2.95873011517915E-01     3.56477572098454E-02     7.21020909852540E-01    -1.73237158484539E-02    -1.02687362820527E-01    -2.82413491430855E-02     2.44329335792181E-01    -6.62294214035393E-03     5.02373444003266E-02     1.01125744933241E-01     4.63525090991420E-01    -2.19484645547780E-01     6.83899466922315E-02    -1.28481920669693E-02    -1.14123837888038E-02    -8.65557919893630E-03
         1.89581812690814    -1.46454225318505E-01    -4.02031986403708E-01    -1.62316368341613E-01    -6.10594294090843E-01    -1.59864804384518E-01     3.14889836693907E-01    -2.18795248354977E-01    -4.23988543386966E-01    -1.49259235032924E-01     1.48248533921538E-02    -6.48011575339691E-02     4.98525191704875E-01    -3.40029318322847E-01     1.74706164176225E-01     1.66792643830240E-02     2.20333035479596E-02     7.74802693464851E-02
         0.97347619218873     3.24009809906872E-01     3.43943378209876E-01     3.54898741371429E-01    -7.58335547128531E-03     4.44400722336743E-01    -1.69947069329554E-01     5.10444097433154E-01    -5.71580243756065E-01     3.00474978319348E-01    -3.49897758948492E-01    -7.36053369239270E-01     5.54372103506138E-01    -1.73132123406060E-01     5.22449672909448E-02     7.42692064855600E-02     4.76510087915873E-02    -5.49914710873729E-02
         0.46024965995896     4.31623241104643E-01     2.20664133464935E-01     3.19467323170075E-01     1.18947458979200E-01     3.21336193036609E-01    -3.06087863253831E-01     4.29589529053470E-01     4.37253579332457E-01     4.68897632053039E-01    -2.86026890926629E-01     3.31687299240994E-01     3.44323213976915E-01     2.27872623920246E-01    -6.66800316344101E-01     7.28715891808186E-01     5.37216864847167E-01     8.10126963761031E-01
         0.21834280674009     1.58487249837813E-01     2.12169519065811E-01    -6.29338101882501E-01     2.62638941540258E-01    -9.90533874445462E-02     7.83775010737493E-01     5.27219916206416E-01     2.72597481502803E-01     7.03662269429604E-01     7.05373158335525E-02     3.50850958779834E-01     2.81983326395348E-01     7.23030638704663E-01    -1.14016830891048E-01     6.47687489022841E-01    -5.18691898386553E-01     5.14562040414855E-01
         0.08780991183754    -4.49295125794919E-01     7.14839816712238E-01    -2.80314149770072E-01    -1.40606485981552E-01    -7.29551200316174E-01    -3.89142134132433E-01     2.87699082761139E-01     9.30144607273553E-02     4.10761892170556E-01     5.68288952937614E-01    -4.49363106775213E-01     1.42743336750681E-01     3.72531358858512E-01     3.46214383983084E-01     1.68864090349696E-01     1.20024208037518E-01    -1.22698006056225E-01
         0.03104382910838    -5.56500430627979E-01     1.66816867772876E-01     5.19353133938202E-01    -6.59397663617340E-02    -3.62405373542684E-01    -4.46434972325027E-02     3.81443473076722E-01    -3.99601234020355E-01    -6.05119325048811E-02     6.81974165158213E-01     9.35936420933047E-02     1.04115137593423E-01     3.04553723214204E-01     6.20148478594614E-01     1.22473652873236E-01    -6.51969797267532E-01     2.34015459702206E-01
#
# 95 Am-q17
#
Am DZVP-MOLOPT-GTH-PBE-q17 DZVP-MOLOPT-GTH-q17
 1
 6 0 4 7 3 3 2 2 1
         3.64077910759074     1.53822428127789E-01     5.34449636243260E-02    -7.11802308524182E-02     7.58595991891003E-02     5.29979271717600E-02    -2.13167407411679E-02     1.17369958960283E-02    -1.27090014537195E-02     4.71783839298010E-01    -2.28002503808824E-01    -1.22845331660068E-02
         1.94945354080418    -6.82462652960490E-01    -2.26884993276885E-01     1.68828643856552E-01    -4.18072246865217E-01     1.35806770616482E-01     9.20748331636422E-02    -8.84956761608924E-02     1.24488780400186E-01     4.84447599706916E-01    -3.38349823826668E-01     2.07771167327466E-02
         1.00406617494691     4.46270174602962E-01     1.49517781822998E-01     1.68328429270237E-01     2.86503577881020E-01    -6.90855499409556E-01    -6.26628437599116E-02     9.09633651278014E-02    -3.39664267223189E-02     5.31548976313439E-01    -1.85563832508602E-01     3.38823471047149E-02
         0.47202039083338     5.05473736732977E-01    -4.06618845975272E-02     9.72825308773505E-02     7.36902157278830E-01    -3.62175713019433E-02     3.35280479188523E-02     1.35700970683089E-01    -6.44234866944950E-01     4.11887253956841E-01     2.92258268070824E-01     5.74317473846288E-01
         0.21609745830890     1.07873714908066E-01    -1.74766178538514E-01    -5.69012625287401E-01     4.20554889533504E-01     5.76040365058224E-01    -1.77228079581879E-01     5.87118097386343E-01    -4.85980107854071E-01     2.81219436622675E-01     7.28474380485137E-01     7.73753885102264E-01
         0.08606246218741    -1.95940901779502E-01     7.43983196447990E-01    -5.41530541845692E-01    -3.16121274821577E-02     2.40144931478744E-01    -7.16947296657832E-01     6.42088221517180E-01     2.25937362679396E-01     1.04729324015065E-01     3.93138098394453E-01     1.92869322249370E-01
         0.03343692121236    -7.67661728485450E-02     5.81036716559914E-01     5.58212519876361E-01    -1.28398155581122E-01    -3.32659911837057E-01    -6.63772431861612E-01     4.56461089797150E-01     5.30023004991564E-01     2.19659982800144E-02     1.68679982066398E-01     1.80375101604634E-01
#
Am DZVP-MOLOPT-SR-GTH-PBE-q17 DZVP-MOLOPT-SR-GTH-q17
 1
 6 0 4 7 3 3 2 2 1
         3.63448828135529     1.54967820161873E-01     1.07095275311838E-01    -4.02394967907209E-03     2.82442586958927E-02     7.13886937208058E-02    -5.66926403439274E-02     1.69512878680827E-02    -7.35649407694989E-03     3.89650033291637E-01    -3.66613867057352E-01    -1.21962830404537E-02
         1.97053912624757    -6.21843697446738E-01    -3.93478544696193E-01    -1.37921824048115E-01    -3.55209846350618E-01     3.55100680126528E-03     2.86078660592215E-01    -1.17513188900659E-01     9.02727965628046E-02     3.39730084106583E-01    -4.67800828106456E-01     1.82439748468107E-02
         1.05469004572411     2.73908673576237E-01     1.29226951655964E-01     3.45808105520896E-01     4.65333148790171E-01    -5.18085103065739E-01    -1.56807059694502E-01     9.71080120775875E-02     2.57530299707852E-02     4.41989098244632E-01    -3.36973874983388E-01     3.12258372707297E-02
         0.51050115129173     4.57834412209203E-01     3.92988560018701E-03     3.18529919985921E-01     6.20796178817115E-01     1.23613731244317E-01    -3.63589495002901E-01     2.03411559276646E-01    -5.50853261954308E-01     4.72653148017960E-01     1.02964356892711E-01     5.11813327751822E-01
         0.23511891509061     3.26292637608691E-01     1.19812877689931E-01    -5.52040238371932E-01     1.26490570982696E-02     7.43232543627085E-01    -3.78999197485393E-01     6.55429301436387E-01    -4.40981499331281E-01     5.22199849265760E-01     6.46727710081408E-01     8.22288826929255E-01
         0.09321003423339    -1.84530069234074E-01     7.48530046221138E-01    -4.01507255931333E-01    -3.95369012416094E-01    -5.16044665017657E-02    -5.52020985398656E-01     5.68965534771701E-01     2.19474710026500E-01     1.80170477822381E-01     2.50690947395923E-01    -5.98935570067085E-03
         0.03307504318108    -4.05140529184181E-01     4.92278205975404E-01     5.42181077835425E-01    -3.38568659632032E-01    -3.95146657988444E-01    -5.56589264739291E-01     4.26365719632285E-01     6.67128427173935E-01     9.40578362415461E-02     2.03717756710385E-01     2.45755336482720E-01
#
Am TZVP-MOLOPT-SR-GTH-PBE-q17 TZVP-MOLOPT-SR-GTH-q17
 1
 6 0 4 7 4 4 3 3 1
         3.61614377794357    -3.62084639314130E-01    -4.77652917095405E-01    -3.76686114462146E-01     3.78364745818197E-01     3.99580889769568E-03     7.34125318629901E-02    -6.60490839339881E-02    -5.46164246256942E-02     5.39644412342980E-02    -6.62733794655715E-02     2.83094802115106E-02     5.12612197820434E-01    -1.93875688318750E-01     8.29440653125341E-02    -1.06154823809347E-02
         1.97066279799819     6.61625045984093E-03    -1.92359626745056E-01     3.80371523613575E-01    -6.52856966838588E-01    -1.93813440705786E-01    -5.69573868205530E-02     3.41622513447304E-01     5.16270129170555E-01    -1.33154839512901E-02     4.95644753029049E-02     1.44196035111253E-01     4.82580818322456E-01    -2.98316925084095E-01     1.20915882421284E-01     1.41204771130031E-02
         1.06667521369439     2.33812368596095E-01     3.50791138854438E-01     1.65253421528182E-01     3.04110349151506E-01     3.17725560836228E-01    -3.58115095770430E-01    -1.82804282350849E-01    -6.35728708790215E-01    -3.83413795975766E-01     5.99758245587485E-01    -4.99423747873316E-01     5.51312621887806E-01    -1.42804884213171E-01     1.17200696050585E-01     3.46500083138967E-02
         0.51124469414559     3.16954098148975E-01     1.83738798696120E-01     1.50749734147425E-01     4.68147567740313E-01     4.94607433926230E-01    -1.55081050970304E-01    -6.50117375416825E-01     5.53588752003391E-01     5.90606910576867E-03    -5.70820093056163E-01    -2.53043074068116E-01     3.63007109756350E-01     2.47363639686479E-01    -5.87495119708653E-01     4.86450224177946E-01
         0.23588288312349     3.46280881023639E-01     4.53726814220624E-01    -5.43226855458629E-01    -2.84837312971728E-01    -8.25225303411037E-02     8.34056086710881E-01    -3.74426619278565E-01    -1.39222264446382E-01     1.45656907975083E-01    -4.01065903858157E-01    -6.77823287995115E-01     2.36120589994282E-01     7.82296006862137E-01    -1.08161347899591E-01     8.33994107637549E-01
         0.09356040002208    -6.30698881217959E-01     4.74773486982890E-01    -3.08050541836709E-01    -1.32459379477146E-01    -6.06653368222163E-01    -1.16595727967294E-01    -4.08262375299664E-01    -1.43605690008013E-02     4.74946925511811E-01     3.42450840434665E-01    -4.29324917066858E-01     8.94045275772763E-02     2.91002089991750E-01     2.40720419083196E-01     2.87117540622520E-02
         0.03203335678785    -4.42754207013971E-01     3.83083815449018E-01     5.22876990032692E-01     1.42460058464132E-01    -4.91930951272695E-01    -3.60313450350705E-01    -3.40570270345281E-01    -1.67820589610633E-02     7.76581611602156E-01     1.71695174141171E-01     1.45557223632853E-01     6.98470978345032E-02     3.08493056260932E-01     7.41598216845510E-01     2.55896353208700E-01
#
Am TZV2P-MOLOPT-SR-GTH-PBE-q17 TZV2P-MOLOPT-SR-GTH-q17
 1
 6 0 5 7 4 4 3 3 2 1
         3.63375343064505    -3.23400047638476E-01    -4.80452763596065E-01    -2.92395845215909E-01     4.54679503135384E-01     5.10640303994029E-03     1.05996672299647E-01    -6.63175686022881E-02     7.78395647127827E-02     6.77024040372195E-02    -7.99729901953712E-02     4.15595841982962E-02     4.96170639762825E-01    -1.96565983737210E-01     7.96383920973941E-02    -1.42297343416616E-02    -1.55403986098735E-02    -1.34636379154386E-02
         1.95525295476166    -5.67765261535156E-03    -1.66832059396375E-01     2.86651104736879E-01    -7.14630544330921E-01    -2.24238955650676E-01     1.52855000278059E-01     4.11454355547822E-01     2.84631341333872E-01    -6.22609391301669E-02     1.16173414641420E-01     9.62159826150956E-02     5.04483674050669E-01    -3.08001611384773E-01     1.39995084137109E-01     2.37765342102337E-02     3.87224086062571E-02     6.80817850603643E-02
         1.02087580806395     2.02447246455766E-01     2.88558010150809E-01     1.54785468463767E-01     3.35888989510002E-01     3.87086689004277E-01    -6.55710031159556E-01    -2.84492210997440E-01    -3.09804641931915E-01    -3.92361102562674E-01     5.47006251575904E-01    -5.03593549254304E-01     5.49094102517594E-01    -1.42324578801813E-01     8.91272123421572E-02     4.34525803140607E-02    -5.26234273618612E-03    -8.02538346329084E-02
         0.48457694598784     4.13888145336885E-01     3.14783562689253E-01     2.71274667624640E-01     3.30284126454932E-01     3.98340695200504E-01     2.30489277566043E-01    -5.59687632476970E-01     6.69764670840541E-01     8.93399213605129E-02    -6.71363650403588E-01    -2.17311268512144E-01     3.49260662389367E-01     2.52298282728709E-01    -6.17364637883189E-01     6.71017508749109E-01     5.83345385436407E-01     7.01877413290218E-01
         0.22502744002956     2.74053029463508E-01     4.45401988806132E-01    -6.51738471683779E-01    -2.32451450689339E-01    -6.45095382255429E-02     6.04801140941887E-01    -4.28197013169088E-01    -5.83890772062236E-01     9.14454409820299E-02    -2.96093509137033E-01    -7.34729724528178E-01     2.44572139186861E-01     7.62885883527833E-01    -1.07935872214581E-01     7.21608929945975E-01    -4.21009523481776E-01     5.63226669066771E-01
         0.08946048150637    -6.54933262478528E-01     4.80482882108111E-01    -2.37048343304897E-01    -4.62986835240713E-02    -6.48619393972129E-01    -1.38058794042085E-01    -4.09068100077180E-01     8.46298418127773E-02     5.60683407091908E-01     3.31614108134763E-01    -3.61410283417171E-01     1.00040332298463E-01     3.23908330792745E-01     2.86333337410370E-01     8.17876584559351E-02     9.50898560580250E-02    -3.07832903521293E-01
         0.03084654782161    -4.23142112937709E-01     3.60181978612979E-01     5.03817799184279E-01     6.69587339490711E-02    -4.65092251495043E-01    -3.12208987087577E-01    -2.85362640760555E-01     1.42378816550830E-01     7.11957127872685E-01     1.80343520416772E-01     1.33189617886835E-01     7.74595106400837E-02     3.09313165222322E-01     7.00956071526438E-01     1.40252980161654E-01    -6.86766656539370E-01     2.90044207834639E-01
#
# 96 Cm-q18
#
Cm DZVP-MOLOPT-GTH-PBE-q18 DZVP-MOLOPT-GTH-q18
 1
 6 0 4 7 3 3 2 2 1
         3.75820256644822     1.76801425993787E-01     2.49191149695019E-02    -5.19446764796990E-02     8.56887803527907E-02     6.72090704728226E-02    -2.99462428072575E-02     1.71609500988761E-02    -2.35835557531327E-03    -4.78443625567685E-01     2.28097333965208E-01    -1.29589095635186E-02
         2.08930557458610    -7.19595005943158E-01    -8.46904074411831E-02     9.14720284188014E-02    -4.40415926686978E-01     4.63573052175599E-02    -1.69395849046946E-01    -1.31315918858433E-01     4.18904530489428E-02    -4.53037299615924E-01     3.30501224741082E-01     2.13225774745738E-02
         1.09246436164897     3.82947178945899E-01     3.63912283120260E-02     2.03915041606861E-01     2.75164482275059E-01    -5.20410081361279E-01     5.41957043494996E-01     7.59033500853857E-02     5.69718177357204E-02    -5.34676099953568E-01     2.01123862463107E-01     5.32952000514101E-03
         0.51356792029733     5.39337289401931E-01    -1.33959223159152E-01     9.10252901015888E-02     7.21762770049131E-01     4.56501451024382E-03    -3.30252553419054E-02     4.54974978144773E-01    -4.98632632702123E-01    -4.06090836318525E-01    -1.89169107806500E-01     5.21881255438104E-01
         0.23729563389905     1.15093746577553E-01    -1.34159571816175E-01    -3.85648199799103E-01     4.32883818856914E-01     4.69801943147612E-01    -2.40969647440871E-01     7.48165807909377E-01    -7.64764850555254E-02    -3.08013107690484E-01    -7.04179747981096E-01     7.49446337462391E-01
         0.09142168943720     1.20042711105621E-02     7.32404741333642E-01    -6.17069807281945E-01    -3.64864671763414E-02     6.76832049734254E-01     3.87724222826177E-01     4.54602733781002E-01     5.43498379601976E-01    -1.35381944059244E-01    -4.65973245104924E-01     3.47953557170473E-01
         0.03622176994435    -5.97126479661209E-04     6.46932517184924E-01     6.39974991623500E-01    -1.15388877246680E-01     2.08975978587181E-01     6.83523021140632E-01     5.72918865826322E-02     6.67173288055173E-01    -4.31307062371246E-02    -2.22496302580266E-01     2.10350838144873E-01
#
Cm DZVP-MOLOPT-SR-GTH-PBE-q18 DZVP-MOLOPT-SR-GTH-q18
 1
 6 0 4 7 3 3 2 2 1
         3.76917612529265     1.69504652380625E-01    -8.18823679546661E-02     2.32736665344539E-02     7.02945864310831E-02     8.69084241787774E-02     3.75999753670591E-03     1.74902851118355E-02     3.83205905814839E-03    -4.97850231328826E-01     1.79718887771568E-01    -1.31392185039732E-02
         2.10386120979316    -6.17786638851733E-01     3.25572293515422E-01    -2.11274092064068E-01    -4.22081218057375E-01     5.08287816475674E-03     2.24367234812470E-01    -1.33315723179793E-01     3.76587773243369E-03    -4.83147749652372E-01     3.04201159875447E-01     1.96783585132342E-02
         1.10983468693548     1.77203268248836E-01    -1.14038665107028E-01     4.05225177908707E-01     3.39848005860582E-01    -5.87119129067247E-01    -4.37586651145311E-01     5.46278930411371E-02     1.01317634238091E-01    -5.48651939648312E-01     1.41681412470494E-01     1.01965461586688E-02
         0.53072049788862     3.22223804752151E-01    -3.82511121124236E-01     2.77691310217276E-01     5.54621713767513E-01     2.39894530594014E-01    -3.74806528249610E-01     4.96884519960494E-01    -4.14467612986251E-01    -3.89133251827633E-01    -2.35129432748748E-01     5.45447963302437E-01
         0.24597571404642     2.02719555796677E-01    -2.87419216968015E-01    -4.34548929376892E-01     3.63504695163874E-01     6.73974089177323E-01     1.57126026406018E-01     7.58470494901370E-01     6.77915573428868E-02    -2.46936779018080E-01    -7.89606801027376E-01     7.84195927841228E-01
         0.09448808345506     6.25682428772782E-01     5.21929109318027E-01    -4.63303129891032E-01     3.58700924193439E-01    -1.83753840241561E-01     5.42487453328211E-01     3.94107404858773E-01     4.54277799933032E-01    -6.72474085806537E-02    -2.84515716934888E-01     4.60264962015722E-02
         0.03536848785079     1.47664969011515E-01     6.10703351189524E-01     5.56793609605738E-01     3.64694649794112E-01    -3.19618969938888E-01     5.46536339404219E-01    -3.80057469973299E-02     7.79075383712761E-01    -2.77447980933947E-02    -3.08828770538856E-01     2.91103042449971E-01
#
Cm TZVP-MOLOPT-SR-GTH-PBE-q18 TZVP-MOLOPT-SR-GTH-q18
 1
 6 0 4 7 4 4 3 3 1
         3.75311130701680    -5.05118280900262E-01     3.61331242409030E-01     6.95388761235091E-03     5.08027358199305E-01     8.08965929209732E-02     8.24741937587831E-02    -1.17765100068125E-02    -8.41144120421003E-03    -4.82788508093433E-03     2.42068368490874E-02     4.15563752716175E-02    -5.11306798204560E-01     1.76718199800772E-01    -8.42440634848884E-02    -1.15570200086171E-02
         2.09542047319626    -1.35917866407902E-01    -4.99679657766865E-02    -1.93836767384169E-01    -7.36890270764893E-01    -4.08329447527685E-01     8.83778671657960E-02     2.26829070079426E-01     8.72090539715028E-02    -1.46768915081665E-01     9.78997774463202E-03    -2.05964416000896E-02    -4.89935146046205E-01     2.99402766398392E-01    -1.77268883782368E-01     1.64655905813314E-02
         1.10821093046788     2.33603049552163E-01    -1.57050536495010E-01     3.19360673950508E-01     1.44312642707142E-01     2.49332499433131E-01    -7.62276900053916E-01    -3.12169014227598E-01    -3.51943734686751E-01     2.95074276337273E-01    -1.30503320005502E-01    -4.02230074110170E-01    -5.58532695164434E-01     1.32770109232098E-01    -8.26926048548800E-02     1.42358909047864E-02
         0.52786369209377     3.51395169173737E-01    -3.28525901495328E-01     4.51073687938754E-01     2.09365988809191E-01     5.63106479268708E-01     2.00235852123822E-01    -4.64697230198152E-01     5.41482397235879E-01     5.42810518272870E-01    -3.64167299851509E-01     1.63221545078211E-01    -3.51812381369127E-01    -2.55448552886114E-01     6.17227749805668E-01     5.16768634255260E-01
         0.24685071829644     4.09964980294171E-01    -3.63529310954143E-01    -5.33350407855257E-01     1.94753295142700E-01     4.34246508088199E-01     5.30101273517056E-01     6.93711729659929E-02    -6.85811949091395E-01     4.54420510801800E-01     3.06477305528961E-01     7.35270640899102E-01    -2.28369971014598E-01    -7.65624040158655E-01     1.15939104931487E-01     7.90802131578835E-01
         0.09549278612413     5.26701766699640E-01     6.27123328678786E-01    -3.67474427963834E-01     1.16834168377511E-01     3.74560780096122E-01    -7.30557544476586E-02     5.45746438346482E-01     3.23670784782395E-01     6.07548655406950E-01     3.52148782857846E-01    -5.16317585878820E-01    -7.66376282378188E-02    -2.78360523696590E-01    -2.42748972941585E-01    -1.06030273274422E-02
         0.03521370208696     3.20697474422010E-01     4.57068449351564E-01     4.87257761635074E-01    -2.87509316698615E-01     3.44385530321080E-01    -2.79074161622286E-01     5.76511355460368E-01    -1.24676871352316E-02    -1.45293222359501E-01     7.94815791551332E-01    -4.70296089224542E-02    -6.90797930157243E-02    -3.64118173445861E-01    -7.08026538108385E-01     3.26898152606117E-01
#
Cm TZV2P-MOLOPT-SR-GTH-PBE-q18 TZV2P-MOLOPT-SR-GTH-q18
 1
 6 0 5 7 4 4 3 3 2 1
         3.75979059581437    -4.90763837885889E-01     3.47714792087835E-01     6.40721798997602E-02     4.94629914536176E-01     8.22979009441768E-02     8.40526286997399E-02    -1.33380755585377E-02    -3.32500908644078E-03    -1.57207865324187E-02     3.56097295404100E-02     5.20070926665833E-02    -5.01999894571087E-01     1.89395059180621E-01    -8.28636956071894E-02    -1.31111015720903E-02    -9.48722011298476E-03    -2.64214198959086E-03
         2.08860002331472    -1.39337379891063E-01    -2.41814667931655E-02    -2.68004531953119E-01    -7.09637054385709E-01    -4.10588442968603E-01     1.01958342805301E-01     2.12833030889611E-01     8.90052649158565E-02    -1.27359897569357E-01    -1.15964664363401E-02    -5.54225165818373E-02    -4.88937974575538E-01     3.11071761074229E-01    -1.78811263022539E-01     1.71502006425017E-02     1.50919486530241E-02     2.77292234997781E-02
         1.09576634537633     2.76864246264637E-01    -2.05442940022395E-01     3.12783421754970E-01     1.04511133730385E-01     2.42231333774982E-01    -7.86706346404239E-01    -2.85011237047153E-01    -3.27047010103624E-01     3.22723023504620E-01    -1.73452118353363E-01    -3.80266665679038E-01    -5.52717456770320E-01     1.41514171524488E-01    -7.90191861569117E-02     2.72516836101435E-02     9.95497992248127E-03    -6.42189254198973E-02
         0.52290506524723     2.88231512261636E-01    -2.87183656362061E-01     4.87668223314036E-01     1.75189401119104E-01     5.72260368640847E-01     1.89478072444725E-01    -4.61752279923156E-01     5.43466037759962E-01     5.43131071930338E-01    -3.18682414396157E-01     1.92784044090242E-01    -3.47516894517827E-01    -1.97885236486049E-01     6.17899467604508E-01     6.70212624388673E-01     6.08335070353317E-01     6.22129948868238E-01
         0.24593900647951     4.35400881739379E-01    -3.99271980626123E-01    -5.23731100337433E-01     2.30757690213139E-01     4.49202465362210E-01     4.99964148017243E-01     6.47384691346718E-02    -6.99065195448370E-01     4.36529994848215E-01     3.33453226464132E-01     7.27128163236527E-01    -2.55219419900604E-01    -7.56770358050859E-01     1.86049145796120E-01     7.16826570246654E-01    -4.06096748497917E-01     5.62462481473380E-01
         0.09564722142903     5.05940414515003E-01     6.51676711216747E-01    -3.35379187000560E-01     1.83271327174235E-01     3.70843093532828E-01    -5.83109960364766E-02     5.72126316005690E-01     3.17877133839825E-01     6.00572066215081E-01     3.75232153173828E-01    -5.28670882005538E-01    -9.76007970171151E-02    -3.02418631159247E-01    -3.05289669090542E-01     4.69995056704383E-02     1.20054764383991E-01    -4.16998999843632E-01
         0.03477256722878     3.66681201603314E-01     4.11980309584250E-01     4.49044649368692E-01    -3.51148265543089E-01     3.14926630364838E-01    -2.72702245992973E-01     5.73199819079884E-01     3.72912994027109E-03    -1.82059218513454E-01     7.84195847672513E-01    -6.51683591432632E-02    -8.94891948888080E-02    -3.79500514047196E-01    -6.67308241830482E-01     1.83185884115292E-01    -6.70957413478288E-01     3.43223187813911E-01
#
