# Norm-Conserving 4f-in-Core Pseudopotentials and Basis Sets Optimized for Trivalent Lanthanides (Ln = Ce-Lu)
# Jun-Bo Lu, Xue-Lian Jiang, Han-Shi Hu, and Jun Li
# J. Chem. Theory Comput. 2023, 19, 1, 82–96
# Publication Date:December 13, 2022
# https://doi.org/10.1021/acs.jctc.2c00922

##Associated DZVP-quality Gaussian basis sets for LnPP2 (LnBS2-DZVP):
Ce  DZVP-MOLOPT-GTH-q11
 1
 2 0 3 6 3 2 2 1
      3.51518386028545 -3.78354525745491E-01 -1.10526761290903E-01 -9.39301435944340E-02  6.03912778490139E-02  5.05352080762925E-02  1.36905782250345E-01  9.79428883759585E-02  4.81491839398484E-02
      2.48648540363520  7.13798124074632E-01  2.26477657375483E-01  2.14278741033408E-01 -2.60998393140042E-01 -1.27210089889677E-01 -6.08517759540369E-01 -5.14687900953482E-01 -9.11419169127376E-02
      0.64898079579650 -4.03543215452959E-01 -1.67967050643674E-01 -1.72329306614079E-01  6.23346123025233E-01  3.26242092911713E-01  5.63814938743007E-01  6.72939332274051E-02  1.28852873065955E-01
      0.28525456486706  3.78558226570549E-01 -6.21971048905925E-01 -6.34119887765452E-01  6.10302424390318E-01  1.99593213396762E-01  2.94351341124186E-01 -7.95504075565254E-01  7.83475605169496E-01
      0.10365270769765 -1.74415935105854E-01  5.09628655611002E-01 -2.87389257166353E-01  3.04202238774044E-01 -5.02669755516444E-01  4.53279369903137E-01 -2.81086753253749E-01  5.86953324681836E-01
      0.04468730105286  1.03757962847385E-01  5.11575432706954E-01 -6.56402119247859E-01  2.73247675114812E-01 -7.63096028454168E-01  3.11570017687347E-02 -9.55959449129281E-02  1.20097938863570E-01

Pr  DZVP-MOLOPT-GTH-q11
 1
 2 0 3 6 3 2 2 1
      3.74743186939407 -3.60453113362114E-01 -1.31196292838589E-01 -1.38447844500905E-01  7.95741566679685E-02  6.43211160300192E-02  3.48762779790210E-01  3.11415291481823E-01  2.98755501466327E-02
      2.72461416414650  6.53609736224789E-01  2.50187277803583E-01  2.80531930843226E-01 -2.83483748824763E-01 -1.31841469913133E-01 -6.16584598588741E-01 -5.36645380536995E-01 -4.84474038848999E-02
      0.73244762251753 -4.56322096845648E-01 -1.03931421997076E-01 -1.61369819076864E-01  6.08848528406819E-01  2.41185356805981E-01  4.09631512604270E-01 -1.27925706620996E-02 -5.63369186890190E-02
      0.31894119751392  3.91453735488894E-01 -6.17998656422437E-01 -5.95771821754607E-01  5.84417991434742E-01  3.32210764056355E-01  4.11853897199074E-01 -6.86135468634047E-01  7.15534220721021E-01
      0.10999527337016 -2.59916043191008E-01  3.50717495254521E-01 -4.27598206980656E-02  3.18805023839070E-01 -4.11005385931026E-01  3.96731797604555E-01 -3.69706177775824E-01  6.78002193972507E-01
      0.05320456893701  1.17667468630174E-01  6.35977214587730E-01 -7.20639539408289E-01  3.15321035235588E-01 -8.00637761716839E-01  5.80536668014759E-02 -8.60468634650857E-02  1.48021133958990E-01

Nd  DZVP-MOLOPT-GTH-q11
 1
 2 0 3 6 3 2 2 1
      3.88393964730163 -3.42687092392557E-01 -1.07117038478166E-01 -1.17082644464054E-01  6.59653025974940E-02  5.54674950210160E-02  3.46850295179008E-01  2.73087718565410E-01  2.39516098726676E-02
      2.72256275777126  6.57974700779350E-01  2.21266549667450E-01  2.60961387449096E-01 -2.71583295647112E-01 -1.21799084064420E-01 -6.53436356131474E-01 -4.99265559139921E-01 -4.14145755675981E-02
      0.76204046661802 -4.87332099770391E-01 -1.04172407581487E-01 -1.92189869359614E-01  6.18641334252002E-01  2.32342979113315E-01  4.18435578087578E-01 -1.44306317418370E-02 -6.15825019275048E-02
      0.33135883217563  3.70738697419879E-01 -6.27441153297225E-01 -6.13741292250643E-01  5.85087219118368E-01  3.39111492072520E-01  3.62897519254263E-01 -7.11804958150877E-01  6.88612629659390E-01
      0.11362391336541 -2.45337598040547E-01  3.23788431124649E-01 -3.06438115052481E-02  3.08962106011051E-01 -3.86868032531230E-01  3.77332267841302E-01 -3.99489896673672E-01  6.99818752083639E-01
      0.05489832577546  1.20434860394936E-01  6.55891618015882E-01 -7.09673478259138E-01  3.18416951507184E-01 -8.14519245643512E-01  5.96088783254048E-02 -9.84392213523638E-02  1.73162089607077E-01

Pm  DZVP-MOLOPT-GTH-q11
 1
 2 0 3 6 3 2 2 1
      4.05816340882423 -3.26051365758239E-01 -2.05483123844717E-01 -1.51632047957701E-01  2.10013937029667E-02  7.23076539687531E-02  3.17545967756436E-01 -6.21549061571810E-02  3.19817392691091E-02
      2.90325537059339  5.96956520328422E-01  3.97224772102715E-01 3.24527832330074E-01 -1.59453178549692E-01 -2.31797875823779E-01 -8.02911097398898E-01  1.53990910859800E-01 -5.83910117947448E-02
      0.77581408039676 -2.69707377118801E-01 -2.20974339732641E-01 -3.00896220272334E-01  3.87115695925407E-01  5.58871156492289E-01  3.39694495836109E-01 -3.19453871699953E-01  4.41735147701187E-02
      0.33653196209919  6.20899484849316E-01 -3.72829420909258E-01 -6.42490659246562E-01  3.90609524835010E-01  5.32601051490262E-01 -3.62624790648008E-01 -7.47077662976968E-01  6.93763279730098E-01
      0.11481324495608 -2.59787529311183E-01  1.95070505758802E-01 -3.61375150617329E-02  4.11554855505909E-01 -1.43944908405506E-01  5.07251373401091E-02 -5.45340640752033E-01  6.86352345364513E-01
      0.05941027605918 -1.07636516947139E-01  7.57697319587550E-01 -6.05847097448853E-01  7.08746684859125E-01 -5.69491318351463E-01 -7.09661833783834E-02 -1.21866081803366E-01  2.03050063773775E-01

Sm  DZVP-MOLOPT-GTH-q11
 1
 2 0 3 6 3 2 2 1
      4.08753655143984 -3.71867060024880E-01 -2.36204093236525E-01 -1.43494266787984E-01  2.17711486591650E-02  8.39050606482257E-02 -8.98260621552871E-01 -1.57546549447850E-01  4.09233608220869E-02
      3.06707841465922  6.12694273910296E-01  4.14172273286303E-01  2.87619335526118E-01 -1.40905823250713E-01 -2.44158214014247E-01 -3.51249376678958E-02  1.42749810664855E-01 -7.07996836855767E-02
      0.75669447531621 -1.81615432655522E-01 -2.49113027319604E-01 -3.08002055816579E-01  3.53266248632980E-01  6.26354700166303E-01  3.83589791900674E-01 -3.16724114737341E-01  1.14055590870610E-01
      0.32804804245931  6.19819289058770E-01 -3.93288193703544E-01 -6.17796166605872E-01  3.69222311117124E-01  5.04194991119286E-01 -1.08431992192057E-01 -7.45100741701448E-01  6.91188017922765E-01
      0.11316798319904 -2.54630179543819E-01  3.99267549062634E-01 -2.25591612259995E-01  5.13501980355848E-01 -2.26755379867019E-01  1.81211061664672E-01 -5.36219145600025E-01  6.90618965630418E-01
      0.05001637427776 -6.57569128190922E-02  6.29699511638487E-01 -6.07664025468252E-01  6.74436894587501E-01 -4.85176159284603E-01 -1.25706113812116E-02 -1.08541807908305E-01  1.60026790606367E-01

Eu  DZVP-MOLOPT-GTH-q11
 1
 2 0 3 6 3 2 2 1
      4.47022748661234 -4.05594787981290E-01 -2.63397410429580E-02  1.26079234632212E-02  3.41388607951964E-02  4.32398072518658E-02  3.42367354131824E-01  3.04636725773059E-03  2.27938570595560E-02
      3.09115098749544  7.95304651119742E-01  9.00703157840926E-02  2.68719709016374E-02 -2.10963631752562E-01 -1.31835787595238E-01 -8.29583168986948E-01  6.46266096755549E-03 -4.66857181091843E-02
      0.79623223533895 -3.93293598372971E-01 -2.09394207248653E-01 -2.29942310801722E-01  6.05012311215797E-01  3.88333339888834E-01  3.70236290262946E-01 -2.86573947569346E-01  7.93638719093471E-02
      0.34321326174390  1.93851020679915E-01 -7.73770748801218E-01 -5.31550857985360E-01  5.56784479884628E-01  3.15152741156466E-01 -2.14714110865025E-01 -7.65674503767349E-01  6.62305806809632E-01
      0.11703582425738 -9.41031858669661E-02  3.68081065207069E-01 -3.07814011590410E-01  3.44158884901392E-01 -4.00308549770850E-01  1.02879762032387E-01 -5.60878793178988E-01  7.13288218228990E-01
      0.05168918807979  4.32423119132211E-02  4.61673889193101E-01 -7.54287538537273E-01  3.99793312152329E-01 -7.55234186216880E-01 -2.85491696951098E-02 -1.30314465340491E-01  2.08741935514860E-01

Gd  DZVP-MOLOPT-GTH-q11
 1
 2 0 3 6 3 2 2 1
      4.80654561809812 -2.79258245712970E-01 -2.50044557027905E-01 -9.25707759735995E-02  1.45009651072937E-02  3.89247573504620E-02  3.10232973806284E-01  6.06270318788487E-03  1.42880266982283E-02
      3.10619858760673  5.67685945889664E-01  5.61252948713795E-01  2.80166055185021E-01 -1.69198716669155E-01 -1.56913352993889E-01 -8.28914683522250E-01  3.10074395731979E-03 -3.35329930036269E-02
      0.83780627118149  1.28493451737962E-03 -2.60121404533394E-01 -4.95685521618426E-01  5.09587033716611E-01  4.85934561035784E-01  4.01589243301820E-01 -2.58848363807349E-01  4.73618063848438E-02
      0.36667211494768  7.11645801248177E-01 -2.48895084511510E-01 -5.24145318497178E-01  4.75687926977189E-01  4.58483521697469E-01 -2.13166109569380E-01 -7.46423183415293E-01  5.88480794724161E-01
      0.12759913409707 -1.63756467945904E-01  2.64217246800610E-01 -2.43937108430318E-01  4.23147817723728E-01 -2.99432615652549E-01  9.79737758224517E-02 -5.88472773594286E-01  7.37456859754625E-01
      0.05226102793613 -2.57856395607477E-01  6.50423081819424E-01 -5.77061408208629E-01  5.53307773160802E-01 -6.61712652382998E-01 -1.85304627825707E-02 -1.71765478399047E-01  3.25999975783621E-01

Tb  DZVP-MOLOPT-GTH-q11
 1
 2 0 3 6 3 2 2 1
      4.68356666164637 -3.12370665119647E-01 -1.96649005273062E-01 -1.53468724867857E-01  2.40037828468781E-02  4.06821559566312E-02  3.46960346985345E-01  3.52318200653018E-03  2.08922961070540E-02
      3.21374367677422  6.10380515767155E-01  4.07728573649644E-01  3.81872459224892E-01 -1.83427716526421E-01 -1.38825306214201E-01 -8.15739238055014E-01  1.01434374282571E-02 -4.34477051979518E-02
      0.85450631489233 -6.76687684289569E-02 -1.73934370948393E-01 -5.04533134100977E-01  5.65282035070433E-01  4.34950571832673E-01  3.86583833047199E-01 -2.72077019608911E-01  6.81169182508513E-02
      0.37194140447800  6.91061165638715E-01 -2.04567960948516E-01 -5.99117346211869E-01  5.38902194295424E-01  3.64713726623963E-01 -2.26077978596366E-01 -7.59248228927340E-01  6.42018970644729E-01
      0.12752685602935 -1.35110635160644E-01  3.57110456148870E-01 -1.92761407081878E-01  3.47635701539986E-01 -2.97444491061025E-01  1.12576322216032E-01 -5.70392644286341E-01  7.08290628163317E-01
      0.05622833834575 -1.71641233205736E-01  7.71658917540672E-01 -4.24226988032440E-01  4.84735140096065E-01 -7.53923848245427E-01 -3.09236546006907E-02 -1.55090784642911E-01  2.81375055242482E-01

Dy  DZVP-MOLOPT-GTH-q11
 1
 2 0 3 6 3 2 2 1
      4.99178138916524 -3.12679313397224E-01 -1.78785278029744E-01 -1.05188873177640E-01  1.85331583996354E-02  3.42310158909223E-02 -8.02911515049767E-01 -1.63846310074340E-01  1.05788431452428E-02
      3.25413700367613  7.04670472188484E-01  4.26900068959218E-01  2.99806352636726E-01 -1.77578821177784E-01 -1.24946025671721E-01  5.39959298217538E-01  1.88837855964138E-01 -2.63172992594945E-02
      0.88371418938309  4.40239220695470E-02 -1.75141300429887E-01 -5.96050878997768E-01  5.81301354643920E-01  4.15700811874010E-01  7.98476677099222E-03 -3.09142456471194E-01  4.20063122833542E-02
      0.38430704634248  5.92412228755779E-01 -2.69506886312021E-01 -5.54935526985922E-01  5.51738475892004E-01  3.50044621883030E-01  2.01301625288010E-01 -6.91662230879537E-01  5.58572991525264E-01
      0.13126628611348 -6.29739981542062E-02  2.79870378625360E-01 -1.85556585408493E-01  3.19458295708773E-01 -2.72626055649191E-01  1.44633616627697E-01 -5.73271629180723E-01  7.26169040756690E-01
      0.05751646901157 -2.20941380600825E-01  7.77274912604715E-01 -4.48765101166154E-01  4.73013816839636E-01 -7.83296469862553E-01  4.76662497593642E-02 -1.86784876229493E-01  3.97625068312820E-01

Ho  DZVP-MOLOPT-GTH-q11
 1
 2 0 3 6 3 2 2 1
      4.97220030386193 -3.97040967541277E-01 -6.71184533675810E-02  3.01109389301658E-02  3.04125838130396E-02  3.88392847572560E-02 -5.49674962341849E-01  6.12041715061416E-02  1.64754915402513E-02
      3.44400143475728  8.16462346384862E-01  1.65759668520915E-01  1.27016286308040E-02 -1.82651641769728E-01 -1.12855193909897E-01 -5.40504490247656E-01  2.00486864409065E-01 -3.45602724899285E-02
      0.89012783386775 -2.87781816010083E-01 -2.43486324335420E-01 -4.59608951274002E-01  6.27752585104961E-01  3.91724010602356E-01  4.27029489026813E-01 -4.06994664510579E-01  6.54114688012849E-02
      0.37823412607690  2.85488881100175E-01 -5.41982253521360E-01 -6.55431358502433E-01  5.48513780419397E-01  3.09199971326456E-01 -4.67908616749543E-01 -6.45270128306070E-01  6.06305095894216E-01
      0.12649983894509 -8.85794590954796E-02  4.30056927712701E-01 -2.79894710976417E-01  3.42728507907661E-01 -4.22188388461616E-01 -9.03454468409810E-03 -5.97896175353824E-01  7.40440457254260E-01
      0.05245555865024 -5.98256767456411E-02  6.55773993968370E-01 -5.28923715628979E-01  3.91548141300768E-01 -7.47301717557648E-01 -6.58638798734831E-02 -1.28689683590905E-01  2.79995616835325E-01

Er  DZVP-MOLOPT-GTH-q11
 1
 2 0 3 6 3 2 2 1
      5.55598554773914 -3.28518592583156E-01 -7.12298033690868E-02  3.98527417644908E-02  1.95002027522788E-02  2.37834929175588E-02  2.93411935651083E-01  1.68741930749343E-03  9.25914134767075E-03
      3.42693052395642  8.27043935223661E-01  2.13685808006981E-01 -5.90684400538409E-03 -1.74255532325876E-01 -8.72060213331285E-02 -8.20913243227339E-01  1.48185959006525E-02 -2.47804756762416E-02
      0.93652135625952 -2.93247741128669E-01 -2.50540991773710E-01 -4.98299646482995E-01  6.38310316863886E-01  3.37703074454326E-01  4.14851377464700E-01 -2.66167060101214E-01  4.43881662684121E-02
      0.40628635687792  3.18872830854145E-01 -5.04408957462910E-01 -6.54509637178554E-01  5.72341969373305E-01  3.15591012393449E-01 -2.41006167173105E-01 -7.27025961842332E-01  5.65739509432271E-01
      0.14087181644011 -7.45824010349500E-02  3.32125102946259E-01 -2.43546591557188E-01  3.16222765069008E-01 -3.79954145039355E-01  9.60918902859445E-02 -6.02116556885253E-01  7.35921516287100E-01
      0.05645162072817 -1.21808082896017E-01  7.22328472118861E-01 -5.12227022973158E-01  3.66391216976566E-01 -7.96130171125220E-01 -2.43226999508897E-02 -1.94477661135079E-01  3.68358814683618E-01

Tm DZVP-MOLOPT-GTH-q11
 1
 2 0 3 6 3 2 2 1
      5.90196139420624 -3.97068881468862E-01 -1.00490380046803E-01 -1.00273797336167E-02  7.27313443909140E-03  2.17439743619002E-02 -8.78420639025037E-01  2.33607189205473E-02  1.01614852562820E-02
      3.77202016045346  8.27882700772399E-01  2.52009100514382E-01  1.25450433824208E-01 -1.74279867114982E-01 -9.28044534832056E-02  4.77760582066967E-01  4.42913138631811E-02 -2.57163265124571E-02
      0.93473094350572  1.91655568718089E-01 -2.71031995767940E-01 -7.65635075634460E-01  6.27957640035457E-01  3.65302134565728E-01 -9.14720018279104E-03 -2.99907898586649E-01  8.60579241503826E-02
      0.41307781337059  4.46286415264824E-02 -4.67592757142796E-01 -3.29453342028238E-01  5.76279537658633E-01  2.99164749595153E-01 -8.08613996865321E-04 -6.86169035872586E-01  5.56822353412542E-01
      0.14381316472550  1.26696837080214E-01  3.79523443810324E-01 -4.21226243215780E-01  3.32515920085034E-01 -4.08486438094238E-01  6.12575137094284E-03 -6.29985257374968E-01  7.37740338023647E-01
      0.05429125449919 -3.19641793167885E-01  7.00181207339913E-01 -3.34654327209369E-01  3.64112467681169E-01 -7.75311657314081E-01  3.96484853630107E-04 -1.99595687310646E-01  3.70833532534331E-01

Yb  DZVP-MOLOPT-GTH-q11
 1
 2 0 3 6 3 2 2 1
      6.54262697422737 -2.85451361405395E-01 -2.35949831319562E-01 -1.08025973524883E-01  6.51908079078936E-03  1.85359012682927E-02 -8.70890563719093E-01 -1.91026895485438E-01  6.13394981910970E-03
      3.90295043267214  5.97419323745099E-01  5.54891872331562E-01  3.57140091238596E-01 -1.55199903375415E-01 -1.10274620419610E-01  4.29094074137623E-01  1.51487477757882E-01 -1.83873527134334E-02
      0.96568674180265  4.53149371835807E-01 -3.68944248356044E-02 -7.10875482504372E-01  5.71784860435546E-01  4.57575926106921E-01  5.03527490623643E-02 -2.91765299665480E-01  7.62665545064822E-02
      0.42273736400507  3.23295144015530E-01 -3.37915843829275E-01 -3.26018208304315E-01  5.08978431334650E-01  3.96704005190958E-01  1.68976989925855E-01 -6.58552622888747E-01  5.28110477203799E-01
      0.14675614102201  6.02486546633831E-03  4.67841253714942E-01 -3.35638974491581E-01  4.02582572441490E-01 -3.68886591686485E-01  1.53759681662998E-01 -6.16468439887399E-01  7.55895641280153E-01
      0.05481412142649 -5.01704364685679E-01  5.49544295164888E-01 -3.69453649737757E-01  4.77284814086012E-01 -6.96181596311090E-01  5.19349535223568E-02 -2.04226307570818E-01  3.78851944623174E-01

Lu  DZVP-MOLOPT-GTH-q11
 1
 2 0 3 6 3 2 2 1
      6.09117092398252 -3.05488976335239E-01 -2.12921877186538E-01 -1.16131709694920E-01  2.86930096098386E-03  2.35818718888155E-02  3.64991187146578E-01  5.00735186084005E-02  9.73244219869562E-03
      3.99487886604993  5.89467259947256E-01  4.64315434210548E-01  3.40849896304345E-01 -1.42192452250464E-01 -1.21157927042935E-01 -8.28836136735456E-01 -9.61949490594448E-02 -2.36716669483781E-02
      0.99508147700414  4.84707604759714E-01 -9.53711356033372E-02 -7.60640370236711E-01  5.43059464964928E-01  4.85197763176343E-01  3.81675408812403E-01 -2.18154701755084E-01  7.78550302468262E-02
      0.43355702494471  5.31035103888961E-02 -4.66008937958281E-01 -2.05473444205964E-01  5.02856643511397E-01  4.13695587440234E-01 -1.09220190711199E-01 -7.21738733409973E-01  5.52969279134263E-01
      0.14817787570731  6.75470237067803E-02  4.78187945031690E-01 -3.97819663573531E-01  4.16732161331823E-01 -3.49051890816043E-01  1.48728708760648E-01 -6.16705872114438E-01  7.35693059311248E-01
      0.05448764885871 -5.62921654805315E-01  5.33058868449185E-01 -3.02127755029544E-01  5.08260752896739E-01 -6.75549051580843E-01  9.31102497375830E-03 -1.98531530511184E-01  3.82445061195711E-01

# Associated TZVP-quality Gaussian basis sets for LnPP2 (LnBS2-TZVP):
Ce  TZVP-MOLOPT-GTH-q11
 1
 2 0 3 6 4 3 3 1
      3.16403286802553 -5.36552162927573E-01 -1.48783493909177E-01 -1.20152986058820E-01 -1.17126694944797E-01  2.05732999428726E-01  7.23415310146108E-02 -1.23817719294638E-01  3.14429269021809E-01  3.48751950964705E-01  7.78279882401070E-01  1.39204768355470E-01
      2.72096352667532  7.12408519419073E-01  2.13787919851175E-01  1.70080454795855E-01  1.39047759295443E-01 -3.81879931501120E-01 -1.34606472638538E-01  1.08187982257820E-01 -5.90290883006474E-01 -5.79610978887991E-01  2.21752270945682E-01 -1.80988495864932E-01
      0.61426002790855 -1.75900059174848E-01 -1.37977666083571E-01 -2.08592459211967E-01  1.06454554679877E-02  6.40198914997974E-01  2.60677821679762E-01 -1.07211307992544E-01  4.43410279072096E-01 -1.00435522132822E-01 -4.43686009941988E-01  1.63546192556429E-01
      0.26197231805318  3.03456419218557E-01 -6.92411097025878E-01 -5.34717723764267E-01  3.39205785470534E-01  4.99077264327681E-01  2.12285272688117E-01  3.10366634373314E-02  4.26080360327859E-01 -6.64881785842543E-01  3.46269865606760E-01  7.96207637469687E-01
      0.09305515107045 -2.75073169482171E-01  3.27703418614073E-01 -2.68064433668767E-03  9.03718801458069E-01  2.85704621514934E-01 -4.05606341015428E-01  8.59631303927462E-01  4.17769130342741E-01 -2.96922968234025E-01 -1.54412932153935E-01  5.32296130651473E-01
      0.03822903051565  7.67723919468160E-02  5.71224739548355E-01 -7.91956346546822E-01 -1.87257830913994E-01  2.66986429569714E-01 -8.36129973644274E-01 -4.70681437017472E-01 -1.64709155976468E-03 -4.58787263843636E-02  6.71036967556064E-02 -6.19036918152295E-02

Pr  TZVP-MOLOPT-GTH-q11
 1
 2 0 3 6 4 3 3 1
      3.38735580212948 -5.34440696092249E-01 -6.27097002268306E-02 -1.52280767296168E-02 -3.23827245025516E-01  2.73109689404132E-01  2.11682704106938E-01 -1.84076231140718E-01 -1.14864934863305E-01  6.21298138352465E-01  6.63543611174613E-01  1.56567970000814E-01
      3.06699137502050  6.46269966945577E-01  8.32270519912742E-02  3.84497753244832E-02  3.85142686293960E-01 -4.20715600019285E-01 -2.80849381272581E-01  1.72718127321841E-01 -6.02855586405465E-02 -7.71493685398047E-01  4.32652512796869E-01 -1.78649208482657E-01
      0.67676046434512 -1.31563028514479E-01 -1.00670888792085E-02 -2.64165127261155E-01 -9.15282524334076E-02  5.27155086404312E-01  2.86660150190123E-01 -1.88122137496826E-02  4.14154415641594E-01  1.15383568166282E-01 -4.28337932648225E-01 -8.49454083829347E-03
      0.28334503987666  2.33791620632042E-01 -6.15575734367977E-01 -7.15278140617765E-01 -1.41011063006221E-01  3.50561056470598E-01  3.28893831574497E-01 -8.04192916441005E-02  7.16081438265212E-01 -6.11923034629500E-02  4.26365904378820E-01  7.18979474674072E-01
      0.09441002558321 -3.93668838923027E-01  3.33465652086226E-01 -5.14470348471884E-01  6.72615696240219E-01  5.01196074846773E-01 -4.53104693137982E-01  7.19149104479796E-01  5.46694469169525E-01  3.82245694309674E-02 -4.69295136624221E-02  6.42999926863213E-01
      0.04423893561866  2.64132097814585E-01  7.06333192743931E-01 -3.90133244024810E-01 -5.15875576918586E-01  3.10526064246564E-01 -6.93300079851676E-01 -6.42096404985007E-01  5.91028165614784E-04 -1.63442086572950E-02  7.11198356662406E-02 -1.14535509365391E-01

Nd  TZVP-MOLOPT-GTH-q11
 1
 2 0 3 6 4 3 3 1
      3.79816459732083 -4.52044830372073E-01  2.78938839341278E-03  3.24105424441850E-01 -5.69112627622001E-01  1.01496646425462E-02  2.23568591855427E-01 -6.69675435163823E-01 -1.21539807793304E-01  5.98861143006772E-01  7.25859422224581E-01  2.56400726211766E-02
      2.75858072249134  6.71800254155693E-01  1.11850758776551E-01  2.03003537214699E-01  2.66628632983572E-01 -2.53802622129378E-01 -1.84151896866674E-01 -9.81713746719882E-03 -1.72119460505948E-01 -7.56532177074054E-01  3.74688487339858E-01 -4.23305660961435E-02
      0.76731242243856 -3.82225403029004E-01 -8.22959540149232E-02 -6.20527460227189E-01  3.65874453199349E-01  5.89660338274243E-01  2.37095100568791E-01  5.04907955406053E-01  3.92051442857066E-01  1.92856147713968E-01 -4.14389442804872E-01 -6.89332729732588E-02
      0.33627468116229  3.54901448170342E-01 -5.97711455332821E-01 -4.95379513318423E-01 -4.46122560714711E-01  4.79637143855712E-01  5.28496306351836E-01 -3.56775908810265E-01  6.96870903768209E-01 -1.76620376151182E-01  3.93803386566454E-01  6.89096309797469E-01
      0.11749570632869 -1.64226604710604E-01  2.97701843160642E-01 -2.25962136985520E-01  2.43675912923386E-01  3.88326984797761E-01 -3.40464113219524E-01  1.38722700120912E-01  5.49166854752504E-01 -1.34171474362988E-02  6.50949311221846E-02  6.92017040490863E-01
      0.05530152047521  2.12880754229606E-01  7.31316369137839E-01 -4.15007420732477E-01 -4.61251107242979E-01  4.54898078569272E-01 -6.81664814028546E-01 -3.87263934909444E-01  1.21183091695676E-01 -2.13570976499950E-02  4.12258291077861E-02  1.97629970452189E-01

Pm  TZVP-MOLOPT-GTH-q11
 1
 2 0 3 6 4 3 3 1
      4.12245290265799 -4.32113875426178E-01 -2.37922539224124E-02  4.15442313427943E-01 -6.17488985745137E-01  7.28322650640253E-04  1.61610790340234E-01 -4.22560567149795E-01 -1.33989056897343E-01  6.41039021516007E-01  6.59798372630946E-01  2.85576325427477E-02
      2.87078972299098  6.99473715552321E-01  1.14468522400296E-01  2.67515879672109E-01  1.91974602415887E-01 -2.49403383947676E-01 -7.40996399530128E-02 -3.92987864995862E-01 -1.94088011372468E-01 -7.18658122393858E-01  3.37860253050842E-01 -5.48835310587839E-02
      0.78212295567526 -3.20601593857263E-01 -9.85798398987865E-02 -6.31837196217645E-01  2.25925497104250E-01  5.72249917531141E-01  2.98065727904347E-01  4.85492211155231E-01  4.13815275694457E-01  1.82024967040594E-01 -4.14000317031119E-01  3.93635307406553E-02
      0.34028004139868  4.04461810331423E-01 -5.74433150718916E-01 -4.26327691852660E-01 -5.17872523044130E-01  4.92045579824073E-01  5.37305436964763E-01 -5.46851910836132E-01  6.58773559756699E-01 -1.95427809630900E-01  5.16635259846491E-01  6.98119872955229E-01
      0.11771481083205 -1.39468120046364E-01  2.69909455805932E-01 -2.24107100515215E-01  1.85349083227880E-01  3.66188405128256E-01 -3.07943964438909E-01  1.48149278195066E-01  5.70964809175521E-01  6.73830518138698E-03 -4.64833134460578E-02  6.77025282391191E-01
      0.05929127666322  1.95417566779303E-01  7.57488179590942E-01 -3.53051557808442E-01 -4.77770385741302E-01  4.83864291751709E-01 -7.04287867158765E-01 -3.32122262049376E-01  1.14674660338760E-01 -3.50564380842851E-02  1.00237738574517E-01  2.21106721014549E-01

Sm  TZVP-MOLOPT-GTH-q11
 1
 2 0 3 6 4 3 3 1
      4.35329688342004 -4.20039798542285E-01  2.07659498347122E-02  4.21103662262657E-01 -6.64438698606256E-01  1.08119734883046E-02  1.03315806667936E-01 -3.03078675369297E-01 -1.05080620623234E-01  6.52912513436430E-01  6.67406217216751E-01  2.71931151273301E-02
      2.93958442654618  7.19828917209042E-01  9.51170112081687E-02  2.70995486674772E-01  1.34977938532000E-01 -2.32193718354856E-01 -4.54067230074454E-02 -5.26626780908268E-01 -1.71640494190372E-01 -7.10762241515772E-01  3.77134907548455E-01 -5.73284153029486E-02
      0.76732781248094 -3.23309328125355E-01 -1.49392232936484E-01 -6.17178057140873E-01  2.05237636385299E-01  5.95350828695798E-01  3.46734835566260E-01  4.43497269555928E-01  4.25781731467344E-01  1.78804340868466E-01 -4.16500628623683E-01  1.07242762958810E-01
      0.33308094593885  4.00196580023124E-01 -5.13639938501160E-01 -4.37653878863519E-01 -5.70359096416636E-01  5.21747966251438E-01  4.49377799683082E-01 -6.08758716364280E-01  6.63960148917020E-01 -1.89515331753319E-01  4.83235823034489E-01  6.94355617299195E-01
      0.11591087257968 -7.34427384286867E-02  4.63327428274698E-01 -2.61952051781364E-01  5.78200344093164E-02  3.84061789103932E-01 -4.31407851387318E-01  8.55400280452696E-02  5.70958394003124E-01 -1.76389907567301E-03 -2.77812210788409E-02  6.86438425375837E-01
      0.05023354939540  1.87970310015274E-01  6.99789395482253E-01 -3.28883873879441E-01 -4.11736601810861E-01  4.14490254432881E-01 -6.92088062544418E-01 -2.37093759756666E-01  1.06634675596890E-01 -2.51420208152008E-02  6.76518453293824E-02  1.76480996070625E-01

Eu  TZVP-MOLOPT-GTH-q11
1
 2 0 3 6 4 3 3 1
      4.53534511107747 -3.75524272007843E-01  2.91442094312265E-03  4.25188301689387E-01 -7.16961436629188E-01  4.15642943084179E-03  1.11064889202131E-01 -3.47320099215708E-01 -1.16361496384634E-01  6.46709415554603E-01  6.79354425497408E-01  2.06887073639251E-02
      3.06193943321577  7.44367088483633E-01  8.24764561375337E-02  2.75155287859772E-01  1.06879856241461E-01 -2.42942459071588E-01 -2.03256643073193E-02 -5.79106490226316E-01 -1.62181798874920E-01 -7.19619348397082E-01  3.93910792945813E-01 -4.44803559360626E-02
      0.80018338935322 -3.08775865908473E-01 -1.34276238383335E-01 -6.18907298009951E-01  1.55780382974066E-01  6.17247543485221E-01  3.26927015735202E-01  3.98379229805125E-01  4.07755993353840E-01  1.82541750218052E-01 -4.06455031283453E-01  7.62704146241603E-02
      0.34542287752942  4.11308692664292E-01 -5.36173348722615E-01 -4.36838351952900E-01 -5.43947562693619E-01  5.09703658652019E-01  4.55704837579123E-01 -5.77431971247862E-01  6.63396846273916E-01 -1.73151696672340E-01  4.61869483114249E-01  6.61779580202226E-01
      0.11853824555214 -4.37495589197936E-02  4.39034607793291E-01 -2.32102936643465E-01 -2.34778839127830E-03  3.59728189202487E-01 -3.97582163899789E-01  8.94401940027761E-03  5.82319936636352E-01  3.34924688504356E-03 -1.03432239088108E-02  7.11297312828011E-01
      0.05183741753535  1.96131993262105E-01  7.03509619990053E-01 -3.40233321713021E-01 -3.92926206718527E-01  4.13237178852462E-01 -7.17378357699203E-01 -2.27575776426665E-01  1.21244512892354E-01 -2.45093279733780E-02  6.83795114723980E-02  2.18815491150617E-01

Gd  TZVP-MOLOPT-GTH-q11
 1
 2 0 3 6 4 3 3 1
      4.88429976773582 -3.95852008695012E-01 -3.70976003907703E-02  3.65339945377212E-01 -8.38028326879394E-01  1.42529476667411E-02  5.08732000819270E-02 -2.33090047444254E-01 -1.20926325665434E-01  6.78970906342455E-01  6.60062468416543E-01  1.30468825853117E-02
      3.07582389662067  8.03193240619124E-01  4.87705107055181E-02  3.85480340509512E-01 -1.88270957144453E-01 -2.25862533202031E-01 -4.21330468515862E-02 -6.54819002197945E-01 -2.27405631497752E-01 -6.86757440864846E-01  4.16692282666324E-01 -3.22611883978494E-02
      0.84205476370463 -1.67173149679404E-01 -1.39627198997267E-01 -5.40819562968247E-01 -9.94964144779817E-02  6.36810721281305E-01  2.83399705117355E-01  3.75414698464352E-01  4.16388524260206E-01  1.67602207706267E-01 -3.92339011497496E-01  4.54926711285122E-02
      0.36852657168471  3.73881251365375E-01 -5.72702710297665E-01 -4.79551812990835E-01 -3.86205544569611E-01  5.70924057326685E-01  3.61091561106845E-01 -6.00963887410166E-01  6.12498614440905E-01 -1.92681488136394E-01  4.78033571454194E-01  5.88542396519903E-01
      0.12846004948271  3.42752337641234E-02  3.32297694305278E-01 -1.56557863863004E-01 -1.65906069293432E-01  3.21189364176719E-01 -4.08920876451337E-01  1.67714128973744E-03  6.00436727970672E-01 -3.51473130959802E-02  5.66670959891801E-02  7.35403601646241E-01
      0.05219245475695  1.71093429710255E-01  7.33716088557456E-01 -4.13479776558826E-01 -2.75106319565642E-01  3.37843437031039E-01 -7.85950337054139E-01 -1.21591535666749E-01  1.56860710187153E-01 -3.01784068654321E-02  7.09078571546056E-02  3.30936250108541E-01

Tb  TZVP-MOLOPT-GTH-q11
 1
 2 0 3 6 4 3 3 1
      4.77930838610123 -4.18419247815424E-01 -5.79075813967205E-02  3.19886746501564E-01 -8.14361092688401E-01  2.72875278972718E-02  6.29539683345336E-02 -3.14557737024582E-01 -1.39536166114875E-01  6.69729231374789E-01  6.44945493087669E-01  1.84829286943341E-02
      3.17349279534554  7.67646678953507E-01  6.75407798902369E-02  3.65973148498927E-01 -1.11256764886021E-01 -1.96039643218539E-01 -4.47472548598489E-02 -5.99597054762032E-01 -2.13285154196047E-01 -6.96783828528037E-01  3.75222763608724E-01 -4.10137592441815E-02
      0.85953844759323 -1.98316168378710E-01 -1.27601522323435E-01 -5.94429543434899E-01  9.41839629459234E-02  6.24518065296906E-01  2.91119903544643E-01  4.21824768781845E-01  4.36145395153966E-01  1.69287306096815E-01 -4.01865810203082E-01  6.53312241655921E-02
      0.37446695525106  4.12488943054027E-01 -5.57120107127261E-01 -4.77277861264562E-01 -4.46923242684353E-01  6.00796285600738E-01  3.33963920689629E-01 -5.88347911969288E-01  6.10065260014089E-01 -1.90097586434267E-01  5.23074277128936E-01  6.43717432281119E-01
      0.12903278634880  3.65121900814737E-02  3.61839937356816E-01 -1.66246296198212E-01 -1.76360437833350E-01  2.93996140057746E-01 -3.59652001897713E-01  6.97072983811863E-02  5.95204039661198E-01 -1.49098975621351E-02  2.41879608750699E-02  7.04783576229577E-01
      0.05619515097484  1.57589144748108E-01  7.31089496941016E-01 -3.93646610590395E-01 -2.91073762510439E-01  3.51299200205915E-01 -8.17558695154164E-01 -1.12197564477084E-01  1.35531639577093E-01 -3.06180261444413E-02  8.69787466011296E-02  2.87430099507718E-01

Dy  TZVP-MOLOPT-GTH-q11
 1
 2 0 3 6 4 3 3 1
      5.15190609006561 -3.75770450082285E-01 -2.34941104240309E-02  3.25589019724049E-01 -8.33558291308246E-01  2.03588121683072E-02  4.00118789511579E-02 -1.44886058661443E-01 -1.66250412691753E-01  6.66905589387716E-01  6.41530509908381E-01  8.61000694810049E-03
      3.19583427250565  8.35227965034628E-01  6.66847158635447E-02  3.64486193626660E-01 -2.73544972333168E-01 -1.70128495316995E-01 -5.04971515635720E-02 -6.13907622317606E-01 -2.02722865704456E-01 -6.94590424048320E-01  3.57233192877187E-01 -2.41152730761273E-02
      0.89245380141807 -1.29124068546533E-01 -1.84863709308878E-01 -5.07620564383463E-01 -2.75518880770940E-01  6.05164796827369E-01  3.09000776052760E-01  4.51672812237005E-01  4.33833922841767E-01  1.99234702659664E-01 -4.04669663566257E-01  3.80024610191841E-02
      0.38826926688165  3.59546141377972E-01 -5.29191249675442E-01 -5.26722798293636E-01 -2.56450776244074E-01  6.11192379431680E-01  3.47365780163780E-01 -6.07654656589987E-01  5.88407821529598E-01 -1.79441941108040E-01  5.34428870258030E-01  5.56638458052523E-01
      0.13309196100365  3.97166954259114E-02  2.65618003963570E-01 -9.59843622335299E-02 -2.54884255101788E-01  2.83818600010368E-01 -3.11280946965229E-01  1.32761842112558E-01  6.04975902835978E-01 -9.64936221161978E-03  3.72886658995489E-02  7.22715078769897E-01
      0.05766199454305  1.16905716351757E-01  7.81172376408368E-01 -4.65631896963728E-01 -1.53980795251457E-01  3.87696092502821E-01 -8.26322451863190E-01 -1.06053022376535E-01  1.75592596491725E-01 -2.81796114274218E-02  1.00303799443458E-01  4.07107696165074E-01

Ho  TZVP-MOLOPT-GTH-q11
 1
 2 0 3 6 4 3 3 1
      5.15846022809206 -4.16082873329245E-01 -7.03837364778330E-02  3.06638684383991E-01 -8.24247115037812E-01  3.49778054098788E-02  3.60422735943441E-02 -1.43247259899880E-01 -1.60592147399280E-01  6.48044793924597E-01  6.71694739132513E-01  1.32459812543168E-02
      3.36972755189690  7.92497682001545E-01  4.35313630595877E-02  3.32030053232987E-01 -1.52227160193880E-01 -1.23207058245381E-01 -6.60039256333693E-02 -7.20236943597871E-01 -2.11529617893228E-01 -7.14022334088173E-01  3.74603463421050E-01 -3.12665182514940E-02
      0.89504535369502 -1.60913026610918E-01 -1.67983769550822E-01 -6.40570036776107E-01  4.99163774201440E-02  6.20621504393309E-01  3.34742698043957E-01  3.91183335114870E-01  4.44682925811978E-01  1.81261870440898E-01 -3.71822740678983E-01  6.30303207398736E-02
      0.38001813595709  3.85038271628978E-01 -5.57760011755566E-01 -4.45414590841913E-01 -4.20677082368964E-01  6.19652424958190E-01  3.00528538542655E-01 -5.47600647495419E-01  6.00384246334013E-01 -1.90689301140653E-01  5.10785877991511E-01  6.07275669602733E-01
      0.12720278037338  5.41426653592831E-02  4.37922567014464E-01 -2.09725152974132E-01 -1.93885190065418E-01  3.07852535079934E-01 -4.42711549859368E-01  8.12669890663135E-02  5.96495058010953E-01 -1.63200321396898E-02  6.11527673277347E-02  7.38354337732599E-01
      0.05258758035930  1.47456995696829E-01  6.79750099538781E-01 -3.78179840088178E-01 -2.83533535510764E-01  3.45952613951834E-01 -7.71997955673406E-01 -3.52671701029834E-02  1.24317661502222E-01 -2.69338596606575E-02  7.48625274835810E-02  2.84470139987444E-01

Er  TZVP-MOLOPT-GTH-q11
 1
 2 0 3 6 4 3 3 1
      5.60824017726451 -4.05305011517969E-01 -7.51973031753638E-02  3.19618113004235E-01 -8.41758227305279E-01  2.44814612757596E-02  2.18392298243113E-02 -6.34584268201419E-02 -1.80723269790372E-01  6.48994953083313E-01  6.76750667111049E-01  8.79386592268938E-03
      3.40964535060351  7.97568455939426E-01  5.83899391356327E-02  3.53506058298845E-01 -1.88234851816343E-01 -1.04793566282967E-01 -9.07592256345557E-02 -7.72597057917174E-01 -1.92503417630425E-01 -7.07768976642515E-01  3.80583226573701E-01 -2.42469791445002E-02
      0.93882971392851 -1.39368282038871E-01 -1.80268960431276E-01 -6.23400107494243E-01 -4.32102653752907E-02  6.12445379891373E-01  3.27199572370090E-01  3.64898040222917E-01  4.19135520243826E-01  2.13104916491772E-01 -3.72892200054763E-01  4.32158970749870E-02
      0.40723106976457  3.98585052297465E-01 -5.52106353270925E-01 -4.40759052169532E-01 -3.74824519476496E-01  6.29726826039921E-01  3.00368657309711E-01 -5.13530966358035E-01  5.90636396858394E-01 -1.78134819560358E-01  4.95571501401628E-01  5.65754470343518E-01
      0.14134296466998  5.34623897155051E-02  3.34079149659450E-01 -1.73217111260372E-01 -1.97912862833869E-01  3.06200511257412E-01 -3.83905078603866E-01  4.12022734399281E-02  6.12214236116659E-01  2.67902038486547E-03  7.20111468000156E-02  7.34827470913347E-01
      0.05651711587064  1.35869851921929E-01  7.36212455034969E-01 -3.99971655069480E-01 -2.72911484946800E-01  3.50734935015888E-01 -8.04127981836130E-01  2.24622719126479E-02  1.75924203647622E-01 -2.67531316261702E-02  8.56716469370253E-02  3.70698806906529E-01

Tm  TZVP-MOLOPT-GTH-q11
 1
 2 0 3 6 4 3 3 1
      5.99269956196540 -5.51918514248173E-01 -4.78555864431544E-02  2.71652864823689E-01 -4.34886627149330E-01  7.72312583719268E-03  1.87017676164273E-02 -2.67459646143168E-02 -2.09180507932461E-01  6.28703963717664E-01  6.94360365578875E-01  9.31297941121596E-03
      3.73836121707784  7.83231080694461E-01  1.36891206218526E-01  3.16226509236096E-01 -7.09912747644495E-02 -1.20456238625807E-01 -1.08057633308828E-01 -9.08323077288743E-01 -1.26275738339632E-01 -7.30772377064370E-01  4.08566573302929E-01 -2.48343675901951E-02
      0.93866416015904  1.78263286436300E-01 -2.78270106853830E-01 -4.59014099722915E-01 -6.92025580046709E-01  6.30875923733004E-01  3.41727822060664E-01  1.50235166948366E-01  3.88251254138468E-01  2.29331863894906E-01 -3.62622811171425E-01  8.40896087641982E-02
      0.41463005931786  9.33365165276625E-02 -4.53502622167776E-01 -5.91317818719615E-01  3.09241425398843E-01  6.13806936984630E-01  2.67718382058038E-01 -3.40461714259734E-01  6.00605849539762E-01 -1.26433229580995E-01  4.55382008482362E-01  5.57864193095921E-01
      0.14431083438084  1.55501379660351E-01  3.65480812545771E-01 -1.61287768672378E-01 -4.60198064020702E-01  3.24052736174863E-01 -4.22565294842330E-01 -1.26001243351067E-01  6.27214641076507E-01  4.48521035942647E-02  7.94688085735099E-02  7.36024770619807E-01
      0.05433614328553 -1.31395754038758E-01  7.49863677934604E-01 -4.89735709425359E-01  1.39720935023723E-01  3.25049357859058E-01 -7.88010994152006E-01  1.40970716997760E-01  1.88237414415134E-01 -1.06246124054381E-02  7.58529467145638E-02  3.73203080633405E-01

Yb  TZVP-MOLOPT-GTH-q11
 1
 2 0 3 6 4 3 3 1
      6.64300918465056 -5.38169783698745E-01 -4.25144318895937E-02  2.60746974871847E-01 -4.55110702585343E-01  5.13939589009512E-03  1.73166178899661E-02  5.27033337518579E-02 -2.48279044619059E-01  6.21132434703506E-01  7.00724070358107E-01  5.66923669375886E-03
      3.87006157190007  7.87957558211792E-01  1.49123365739420E-01  3.34945163102262E-01 -8.04693927411389E-02 -1.12682287721254E-01 -1.09118145139733E-01 -9.36042810322921E-01 -1.84346378647131E-01 -7.31319380010519E-01  3.98191113444030E-01 -1.79257089044980E-02
      0.96928197767092  1.96053939197690E-01 -2.55928758221409E-01 -4.79836487236434E-01 -6.99208144611538E-01  6.54677056780558E-01  3.21855406876953E-01  1.79287635700057E-02  4.10501677199845E-01  2.32783769112679E-01 -3.04618234995565E-01  7.49630161250725E-02
      0.42396562252811  1.16443333358543E-01 -4.52508640282979E-01 -5.75241482530555E-01  3.14467355187225E-01  5.99679020643191E-01  2.69075612005795E-01 -1.80615209158538E-01  5.58843217682700E-01 -1.55863932774015E-01  4.79103537077406E-01  5.29777701428537E-01
      0.14700216679301  1.44259449329285E-01  4.00989848639974E-01 -1.69690219942798E-01 -4.13901076866179E-01  3.27624907360134E-01 -4.54092982437478E-01 -2.16096350223324E-01  6.22008391975533E-01  2.32886534213059E-02  1.39853865821889E-01  7.54160917413458E-01
      0.05480386774014 -1.29186627369817E-01  7.38172261293962E-01 -4.79460284442823E-01  1.65236427048055E-01  3.02855134093222E-01 -7.78203277129396E-01  2.03482895919620E-01  1.91473549246124E-01 -1.85000783798192E-02  9.24015274643699E-02  3.80268290348012E-01

Lu  TZVP-MOLOPT-GTH-q11
 1
 2 0 3 6 4 3 3 1
      6.13925693884301 -6.26552161827437E-01 -4.75931875240196E-02  2.55443022913119E-01 -2.98811105318599E-01  7.68232375565826E-03  2.08362155586415E-02  2.42087707437615E-02 -2.17208973574426E-01  6.05837474857103E-01  7.06861287465835E-01  9.34855380160621E-03
      3.97654436751012  7.33843929069503E-01  1.54869867361222E-01  3.10712386849989E-01 -1.62680999198537E-02 -1.41795425021489E-01 -9.14601088216645E-02 -9.13428447488868E-01 -1.85857080377704E-01 -7.47429376158660E-01  3.67027239654919E-01 -2.33276554747868E-02
      0.99724189825203  1.74691022672305E-01 -2.65990010239087E-01 -4.66574642930815E-01 -7.29248825967290E-01  6.53318680448591E-01  3.12519786672698E-01  1.27477591948692E-01  4.13465253605925E-01  2.14398782340919E-01 -3.38686209427456E-01  7.72891840848928E-02
      0.43445328135604  6.96878368746328E-02 -4.44970061295563E-01 -5.96142276431528E-01  3.92472363936423E-01  6.12420227614111E-01  2.48053151973166E-01 -3.42598644097763E-01  5.66741642844923E-01 -1.66909894293678E-01  4.79227232895609E-01  5.54559030296823E-01
      0.14862156163215  1.04123136438241E-01  4.18908710971575E-01 -1.72720678233195E-01 -4.27922334481736E-01  3.04587466099925E-01 -4.54298557669275E-01 -1.27994554875834E-01  6.27489140076814E-01  4.01814632145703E-03  1.19924794816411E-01  7.33645144823235E-01
      0.05445317568233 -1.50633663982862E-01  7.27678956381582E-01 -4.85073943681450E-01  2.03694234789452E-01  2.91852156794340E-01 -7.90958113840024E-01  1.22700583831643E-01  1.79958831080631E-01 -2.16422164204389E-02  8.30004820260267E-02  3.84218545165251E-01

#Associated TZV2P-quality Gaussian basis sets for LnPP2 (LnBS2-TZV2P):
Ce  TZV2P-MOLOPT-GTH-q11
 1
 2 0 3 6 4 3 3 2
      3.12786998311806 -5.47864399215469E-01 -1.61120803661390E-01 -1.28861396094991E-01 -1.34803811123576E-01  2.39944420926983E-01  8.77329628447692E-02 -1.39041033285502E-01  3.36498546153202E-01  3.57864831722778E-01  7.60874538491760E-01  1.50990831180398E-01  7.13299142410277E-01
      2.74648614241440  6.99338106467543E-01  2.21667480460102E-01  1.74881450813904E-01  1.55924417219677E-01 -4.10974156513181E-01 -1.47807489466582E-01  1.21540083754652E-01 -5.91894580403116E-01 -5.73255840993254E-01  2.47343942521960E-01 -2.15607375078717E-01  5.44448649356485E-01
      0.61405890420215 -1.45145957270921E-01 -1.30971149690501E-01 -2.03248464968463E-01  1.29992649920545E-02  6.18781012633575E-01  2.55607825405216E-01 -9.87383678313082E-02  4.26209466567642E-01 -1.16842415934044E-01 -4.56056445381761E-01  1.69274468938354E-01 -3.79472998205662E-01
      0.26194297843990  3.04088225642684E-01 -6.88022234250644E-01 -5.37025386565110E-01  3.43346040738340E-01  4.84426998806413E-01  2.06008173468630E-01  3.70962786380049E-02  4.32339840905145E-01 -6.59494334997917E-01  3.48387284583404E-01  7.85776162013883E-01  1.82831267688304E-01
      0.09306812515007 -3.03222418545358E-01  3.14050451917305E-01  5.56093204726561E-03  8.99536985937098E-01  2.98409923255789E-01 -4.20738330009350E-01  8.46621998988601E-01  4.09703781873308E-01 -3.04583899064804E-01 -1.60845750875443E-01  5.29914688790534E-01 -1.27978173135641E-01
      0.03823964806024  7.27322481404251E-02  5.79437564807473E-01 -7.89350423110672E-01 -1.74049518733710E-01  2.58687024178539E-01 -8.28046135794826E-01 -4.87853862095586E-01  3.12760531727546E-04 -4.42065985796068E-02  6.82522802865565E-02 -6.17059858645805E-02  3.12179441959107E-02

Pr  TZV2P-MOLOPT-GTH-q11
 1
 2 0 3 6 4 3 3 2
      3.44802694497449 -5.38759969158151E-01  1.92543166505422E-01  1.36758266554256E-01 -1.42156395873344E-01  2.14407012345829E-01  1.75196414659491E-01 -1.21850039161389E-01  5.86590713389874E-01 -1.86695763940724E-01  6.82662843015289E-01  1.95662903692332E-01  2.89809219379216E-01
      3.01599271116855  7.01369687659679E-01 -2.36876653669792E-01 -1.43575478125622E-01  1.78624712018867E-01 -3.71565931015495E-01 -2.57394081319407E-01  1.00265340064163E-01 -7.88206709945104E-01 -1.12035240089480E-01  3.70863734853748E-01  8.04215405547279E-02  8.64903842647817E-01
      0.67880529764139 -2.53703544927077E-01  2.37816313828588E-02 -4.25453720628481E-01 -4.98978092926413E-02  5.64013259021667E-01  3.34615156854961E-01  2.89643475428979E-02  1.54865789248965E-01 -1.94909590136129E-01 -5.59657860790478E-01 -9.13693077692587E-02 -3.16987035033765E-01
      0.28466806943084 -1.84264273736509E-01 -6.00015259104760E-01 -6.09140239950841E-01 -3.29094817367483E-01  3.79768792441885E-01  3.73314881716941E-01 -1.18340519152164E-01 -8.87781240711751E-02 -8.28748457898369E-01  8.06969073095010E-02  7.52596746908427E-01  6.16908009399736E-03
      0.09535875123901 -1.63113216439709E-01  2.71073592577595E-01 -4.88839659304309E-01  7.73294549136267E-01  4.56417569473912E-01 -4.64488728770558E-01  7.39012276807473E-01  4.81508742745764E-02 -4.76015579008838E-01 -2.70628313862514E-01  6.10334175616883E-01 -2.54078091601933E-01
      0.04414831183760  3.04784389697628E-01  6.87569494840747E-01 -4.11893609779681E-01 -4.88985809052036E-01  3.81203491820368E-01 -6.60282833283514E-01 -6.43519131311752E-01 -2.14019315849154E-02 -3.44704286251955E-02  5.88467219023447E-02 -8.93889486914778E-02  5.36418192743786E-02

Nd  TZV2P-MOLOPT-GTH-q11
 1
 2 0 3 6 4 3 3 2
      3.42535634879587 -5.85350262388099E-01  1.91280289021380E-01  1.07171775725335E-01 -1.41120452334911E-01  3.01312653676832E-01  2.34165625026223E-01 -2.00972214681528E-01  6.48329325457621E-01 -1.61219856270045E-01  6.29236391794041E-01  2.47250704441805E-01  2.27065724516058E-01
      3.14373501525549  6.92718727018440E-01 -2.17225745427112E-01 -1.06053663595295E-01  1.64835062648861E-01 -4.35179115141888E-01 -3.06049136905126E-01  1.85641409508947E-01 -7.44435788813886E-01  3.50063894041888E-02  4.91823795893204E-01  3.90011404813545E-02  9.00884463773431E-01
      0.69750579935709 -1.72307254518812E-01  5.62240162706228E-02 -2.68881302225247E-01 -6.62881607775952E-02  4.95614309679847E-01  2.96037272707656E-01  3.01638679723766E-03  3.70077118697782E-02 -2.80755795680427E-01 -5.27169274437030E-01 -9.25265170161591E-02 -2.95225169260723E-01
      0.29098517804552 -1.36770436981358E-01 -4.98883114396847E-01 -7.08918259210661E-01 -4.22137467858563E-01  3.10736997054205E-01  3.22823474037706E-01 -7.41245189937490E-02 -1.47603187125037E-01 -7.90484431928376E-01  2.05762763247333E-01  7.24925966243603E-01  2.96206963219313E-02
      0.09591460546856 -1.94463430242525E-01  1.84777432368100E-01 -5.22485583774032E-01  7.97222345267236E-01  4.72555563114666E-01 -3.41183308753709E-01  7.92990130863054E-01 -4.63787477198524E-02 -5.18392946386527E-01 -1.93220313723921E-01  6.25481446875872E-01 -2.15037122012705E-01
      0.04557312851426  3.02148750562640E-01  7.93748464695893E-01 -3.59740729895275E-01 -3.67092345645653E-01  3.92848618363657E-01 -7.37049030568264E-01 -5.39268528147124E-01 -1.33109825838328E-02 -1.90265565083826E-02  6.77574257923256E-02 -1.09727603285993E-01  5.07157729166139E-02

Pm  TZV2P-MOLOPT-GTH-q11
 1
 2 0 3 6 4 3 3 2
      3.97498298845287 -3.26598357600532E-01  2.34350972621027E-01  6.48320352307158E-01 -3.83780673697038E-01  5.90278415362341E-02 -3.01064576849465E-02 -5.44317954355304E-01  7.18958307712236E-01 -1.40890481420844E-01  5.58498402681353E-01  6.51450480007645E-02  1.54179100877161E-01
      2.94325910303192  7.68781269117708E-01 -5.27892248780773E-02 -1.35934187975640E-01 -8.98426911108664E-02 -2.23144939691842E-01 -2.45336692413907E-01 -2.66802116281646E-01 -6.74230517285150E-01  6.34265566086043E-03  4.78112427525054E-01  8.99696171968559E-02  8.83498660835056E-01
      0.77817236304404 -5.04597537230337E-01 -1.05008816158382E-01 -4.36048190252960E-01  3.31058484217587E-01  5.14405757172752E-01  5.04075056705032E-01  3.70822916078031E-01  9.67117086450192E-02 -1.89520811423453E-01 -5.74087982596720E-01 -2.58865147983716E-02 -3.83682327520321E-01
      0.33928389151051 -1.91094481135050E-01 -2.10516809776737E-01 -5.05697366813706E-01 -7.77855126413397E-01  5.30263750963704E-01  2.87162673453247E-01 -6.40254193966808E-01 -1.35194034574116E-01 -8.23952780776048E-01  2.06685941601800E-01  7.19463693469478E-01  5.87531110394429E-02
      0.11745001172351 -9.56929596137509E-02  1.83586231592171E-01 -1.40642078614977E-01  3.41596912472374E-01  3.54571021762884E-01 -2.01053131651061E-01  2.89536083590031E-01 -1.83805089661886E-02 -4.93560726434814E-01 -2.91654370463954E-01  6.49067586245343E-01 -2.10994045708024E-01
      0.05923157363519  4.48993902805772E-02  9.23712529020028E-01 -3.09119025654177E-01 -1.15299250127218E-01  5.24603194558471E-01 -7.49617958027535E-01  3.56143739624512E-02 -2.33181613690632E-02 -1.47279086682809E-01  4.61484433102286E-02  2.19259529596603E-01 -2.18260697998766E-02

Sm  TZV2P-MOLOPT-GTH-q11
 1
 2 0 3 6 4 3 3 2
      4.36967016273841 -2.76777770119159E-01  2.81117232624128E-01  6.75080400791399E-01 -4.32013114128710E-01  2.55281521531979E-02 -1.15254083441496E-02 -3.16884811748178E-01  7.38247121404154E-01 -1.88847690528448E-01  5.50655050840868E-01 -3.30344246677114E-02 -4.34253545061245E-01
      2.93230589847620  7.62782164015023E-01 -3.61573038400424E-02 -1.50524405390447E-01 -1.12131976793512E-01 -1.81897286665573E-01 -2.55916344328783E-01 -4.85512379533278E-01 -6.42204364140081E-01  1.04784639745552E-02  5.12466882881613E-01  5.85915068152392E-02  8.40345404442252E-01
      0.76859141432605 -5.54226923537573E-01 -1.29665142952143E-01 -3.95441137543035E-01  2.60469802704866E-01  5.21119092333721E-01  5.47477189933110E-01  3.14934749403300E-01  9.57595762025792E-02 -2.16945089604232E-01 -5.74880312977435E-01  6.71740052085698E-02 -2.87075565829907E-01
      0.33372127947116 -1.66459289099113E-01 -1.26157425294882E-01 -5.05517641353136E-01 -8.01717162988692E-01  5.28396161516809E-01  2.61754511549852E-01 -7.06138894962764E-01 -1.75152474819669E-01 -8.01518640445793E-01  1.92597777654470E-01  7.10722459110921E-01  6.71012571394989E-02
      0.11604024194694 -6.65946626455443E-02  4.13989087739812E-01 -1.75261785894085E-01  2.88850392277549E-01  4.13298013013059E-01 -3.24287535639008E-01  2.52149339281286E-01 -4.62057855749123E-02 -5.09059067391595E-01 -2.57157536569660E-01  6.73661860917296E-01 -1.35301062972589E-01
      0.05026818177298  4.73963019047532E-02  8.45901909726710E-01 -2.81016695720778E-01 -8.22290236507243E-02  4.94650210846396E-01 -6.78943949146993E-01  4.96630722198625E-02 -2.41139363722973E-02 -1.24853172149303E-01  2.11052626610984E-02  1.78932105562425E-01 -4.70350791997657E-03

Eu  TZV2P-MOLOPT-GTH-q11
 1
 2 0 3 6 4 3 3 2
      4.54071085053160 -2.90275890676678E-01  2.92321682980272E-01  6.62888941817099E-01 -4.78301936576366E-01  3.36607005432887E-02 -1.15329681652757E-02 -3.62049409860855E-01  7.59773300583084E-01 -1.55362385144763E-01  5.40794410366954E-01 -2.74688290303402E-02 -4.42150140036102E-01
      3.05933025654179  7.86704151083864E-01  1.06083373825397E-02 -1.12285914536689E-01 -1.30617312135616E-01 -1.75253224149113E-01 -2.38683772200550E-01 -5.54635257722878E-01 -6.28831299518527E-01 -8.31471271470378E-03  5.50961918400450E-01  4.73782165289859E-02  8.45235359534435E-01
      0.80103691533083 -5.30688027594348E-01 -1.21969345051069E-01 -4.30944218873661E-01  1.90895175020287E-01  5.41829975053435E-01  5.05984138808389E-01  3.10028337069885E-01  8.33280173649662E-02 -2.14404643111534E-01 -5.58235889805537E-01  4.62335632664970E-02 -2.67558271830872E-01
      0.34590494448848 -9.97568164094331E-02 -1.08583993890023E-01 -5.09993311523367E-01 -8.13782766730902E-01  5.34760953175292E-01  2.90829584642506E-01 -6.56809102642658E-01 -1.36146544852847E-01 -7.91935683487856E-01  1.93116492025924E-01  6.73864296587543E-01  6.67247733502491E-02
      0.11861924507845 -6.50243821091502E-02  4.04765687262476E-01 -1.55773633886638E-01  2.34509875410952E-01  3.85798080183943E-01 -3.29133741649262E-01  1.71838208380369E-01 -3.75746722819598E-02 -5.32449854582658E-01 -2.33857078367296E-01  7.01595652738861E-01 -1.18192439767940E-01
      0.05185391752397  3.20485668708739E-02  8.50842659009996E-01 -2.79103209619343E-01 -2.20937615239504E-02  4.89657132168324E-01 -7.02827312796232E-01  6.52366365636405E-02 -2.06017551797452E-02 -1.38416290299754E-01  1.92859774574371E-02  2.20303598473615E-01 -8.44770008270282E-03

Gd  TZV2P-MOLOPT-GTH-q11
 1
 2 0 3 6 4 3 3 2
      4.89254247481975 -3.08802739639633E-01  3.62696356048911E-01  6.84912523102193E-01 -5.45832335185429E-01  3.26507343969909E-02 -1.06155866478513E-02 -2.35902246929021E-01  7.62552235209504E-01 -1.32527205846743E-01  5.59144986566547E-01 -1.81629774896889E-02 -3.46231437428644E-01
      3.07228271997884  8.24076191490365E-01  1.31180678052542E-01 -2.00750644498707E-02 -3.67560032528109E-01 -1.41831140287529E-01 -2.50476291669023E-01 -6.31442080575590E-01 -6.22282310711994E-01 -9.81054526065788E-04  5.55835509812709E-01  4.65136050211438E-02  8.70551905688226E-01
      0.84318061298127 -4.59534642254819E-01 -1.09716884160274E-02 -3.52030779191693E-01 -1.14575031019311E-01  5.40871303321599E-01  4.76136104219911E-01  3.26490227745200E-01  1.10937685786427E-01 -2.04817987435097E-01 -5.48748517287067E-01  1.54090260531068E-02 -3.13535861760120E-01
      0.36912843972368 -1.13996842291643E-01 -2.08092398121629E-01 -4.98565813293969E-01 -7.36908692154606E-01  5.77126319070704E-01  2.84195332090558E-01 -6.36255413200132E-01 -1.32154363559667E-01 -7.64577129204576E-01  1.96102161686438E-01  6.00923043304323E-01  9.14854696750330E-02
      0.12863322417263 -3.40944911783332E-02  3.84393666238110E-01 -1.15433746935746E-01  2.50258921550434E-02  3.75150520879602E-01 -3.31766910927829E-01  1.36430350976162E-01 -3.21489901278394E-02 -5.70711336558147E-01 -1.97029369507809E-01  7.25238680629762E-01 -1.22424307559235E-01
      0.05222670127649 -1.44740041575614E-02  8.12441793772226E-01 -3.80359485052902E-01  1.00888704866864E-01  4.60937510895928E-01 -7.20837760471443E-01  1.24903836871201E-01 -2.17557084504499E-02 -1.73768676943832E-01  1.48476841581791E-03  3.31948045418276E-01 -2.45180012646249E-02

Tb  TZV2P-MOLOPT-GTH-q11
 1
 2 0 3 6 4 3 3 2
      4.78897640127548 -3.23481252959811E-01  3.31732795114770E-01  6.81538455780531E-01 -5.15021049204455E-01  4.58038888586239E-02 -2.01424278096921E-02 -3.16689964066922E-01  7.55860528467027E-01 -1.20727286526758E-01  5.46462729633960E-01 -2.09358696301972E-02 -4.20941994503080E-01
      3.16925949149308  8.06988497655687E-01  1.04066889921764E-01 -4.63859003960357E-02 -2.73891366801647E-01 -1.38972239223419E-01 -2.27457063974389E-01 -5.73970645263866E-01 -6.29971433247382E-01  3.30812040593843E-02  5.22385767132004E-01  3.82053470195217E-02  8.48537341187134E-01
      0.86064596839489 -4.83354604941864E-01 -1.06383506136804E-01 -4.13691676370750E-01  2.89466629419721E-02  5.49882883748227E-01  4.70488601491137E-01  3.57884028175669E-01  9.66046997203276E-02 -2.33753371410723E-01 -5.62489363310437E-01  3.71942591428963E-02 -2.87205057028222E-01
      0.37506320173977 -8.78938980791902E-02 -1.81310552714743E-01 -4.62190313567416E-01 -8.09370724331164E-01  6.08129639943375E-01  2.41188014468204E-01 -6.25981197717930E-01 -1.43477669740436E-01 -7.71901112554443E-01  2.55560582499490E-01  6.55295098746530E-01  8.21167707125796E-02
      0.12916128877689 -4.07608380064850E-02  4.14102759413664E-01 -1.27223360992621E-01  1.85191487999996E-02  3.25185289784185E-01 -2.86099004187589E-01  1.79613586384165E-01 -3.61027086503181E-02 -5.55290174730351E-01 -2.14395183974299E-01  6.95563050393158E-01 -1.15671367869694E-01
      0.05622826771816 -3.33314608428110E-02  8.14525243813633E-01 -3.63878013763529E-01  5.89491348177662E-02  4.47940177905160E-01 -7.65815737626716E-01  1.34427255797601E-01 -2.42721961036734E-02 -1.59722922165657E-01  2.86497005686783E-02  2.88961942814789E-01 -1.35071727295395E-02

Dy  TZV2P-MOLOPT-GTH-q11
 1
 2 0 3 6 4 3 3 2
      5.16450596568388 -3.53677603061304E-01  3.40602013932670E-01  6.90121793110117E-01 -4.71749681142646E-01  2.26396395537098E-02  7.01852900552932E-03 -1.49125568640262E-01  7.68483610600471E-01 -1.37387695769433E-01  5.24385142528569E-01 -2.39584248973312E-02 -3.81740025924345E-01
      3.19080299112475  8.06498162686223E-01  1.95064442081133E-01  4.29495217144142E-02 -4.68787082756207E-01 -1.24626221905113E-01 -2.19489220605666E-01 -5.87016930173296E-01 -6.05814174971253E-01  7.75867447486609E-02  5.26195167146298E-01  4.86492786914172E-02  8.55402525055767E-01
      0.89395190097339 -4.55670829344070E-01  4.49194450212851E-02 -2.87165645938846E-01 -3.02687474387408E-01  5.25706491950534E-01  4.94847800622865E-01  3.78840532232930E-01  8.71763470462691E-02 -2.44031215109277E-01 -5.69790391718199E-01  9.63711074177837E-03 -3.14926044153233E-01
      0.38905430120133 -1.19335710917366E-01 -2.30086302046470E-01 -5.12917053735471E-01 -6.50945758080251E-01  5.91565094921654E-01  2.84096663778529E-01 -6.58871859853799E-01 -1.67550853958028E-01 -7.43183056601183E-01  2.88982493166360E-01  5.67714148430167E-01  8.99439729732057E-02
      0.13326659686473 -3.21921324963434E-02  3.69608323234307E-01 -2.56850694995493E-02 -9.06237187215940E-02  3.16794926062240E-01 -2.22768853813506E-01  2.09933432682319E-01 -7.49377720174282E-02 -5.68631649305234E-01 -1.97932611638461E-01  7.13041447085179E-01 -1.18688032939664E-01
      0.05771024157445 -3.94919823081841E-02  8.08932850121732E-01 -4.19141401252169E-01  1.84738095351517E-01  5.07227906514569E-01 -7.59318115092584E-01  1.07090455877839E-01 -3.36667762197600E-02 -1.99726502828478E-01  2.80994264376618E-02  4.07724058729282E-01 -3.47259558861048E-02

Ho  TZV2P-MOLOPT-GTH-q11
 1
 2 0 3 6 4 3 3 2
      5.17181180439522 -3.52753771917978E-01  2.68200274330877E-01  7.36684878565698E-01 -4.62143452359006E-01  3.10753555898009E-02  8.42674559571512E-03 -1.48550621422947E-01  7.63818137898705E-01 -1.12970077769278E-01  5.49027562759419E-01 -8.49881901690216E-03 -4.16998819845203E-01
      3.36442912578992  7.99609442232888E-01  1.32721421881404E-01 -1.12508368838322E-02 -3.25960315791404E-01 -8.88051167256692E-02 -2.47441484972504E-01 -6.84335972760252E-01 -6.17495736137462E-01  7.96355334660385E-02  5.53375760201550E-01  1.30442046459919E-02  8.54246225330150E-01
      0.89586037738591 -4.76988301655131E-01 -7.75859342347229E-02 -4.72359524013247E-01 -9.45263490876876E-02  5.35093863792429E-01  5.24795357793995E-01  2.97077416163257E-01  7.51213395975886E-02 -2.82526031931671E-01 -5.32363389574902E-01  4.72906629468523E-02 -2.80661825750119E-01
      0.38043148740468 -6.71804566619558E-02 -1.52677848255045E-01 -3.70567333790956E-01 -8.18408229211184E-01  5.67532554524446E-01  2.82511100263006E-01 -6.10957322646747E-01 -1.58632980387391E-01 -7.39916200393782E-01  2.91637115575725E-01  6.14671565575709E-01  1.01540355009015E-01
      0.12725543179356 -4.67142730229100E-02  5.05814802978652E-01 -1.31029788731715E-01  2.66774471461603E-02  3.83253724529313E-01 -3.46424130401046E-01  1.73564640728470E-01 -6.17669311717990E-02 -5.77379400492220E-01 -1.51652785160767E-01  7.33590874720697E-01 -8.52900322196470E-02
      0.05260507166677 -4.44549132541522E-02  7.90743270329519E-01 -2.82057324010598E-01  2.70989939333426E-02  4.85639694258371E-01 -6.80785820956345E-01  1.34046497380627E-01 -2.56529950123550E-02 -1.42239336687855E-01  2.97060661108558E-02  2.85559988439817E-01 -4.41327906694613E-03

Er  TZV2P-MOLOPT-GTH-q11
 1
 2 0 3 6 4 3 3 2
      5.64957178784373 -3.74134190275193E-01  3.14466408105003E-01  7.12176743479732E-01 -4.88781398489407E-01  2.20752190448647E-02  9.64348139640189E-03 -7.00721537747040E-02  7.72218590613927E-01 -1.14241264925116E-01  5.51860469632608E-01 -8.47456255636842E-03 -3.43108680303691E-01
      3.39612294662488  8.03267390602449E-01  1.55992154255883E-01  3.74335009032741E-02 -3.86261918630026E-01 -6.64319777068667E-02 -2.69963100077677E-01 -7.31840841247145E-01 -6.04552426941606E-01  5.94457981475900E-02  5.58206649080725E-01  1.93799972419644E-02  8.73289340577283E-01
      0.94052205760269 -4.57950139907118E-01 -3.77237137722849E-02 -4.34555488300284E-01 -1.86469806192390E-01  5.40760001836578E-01  4.91841878479700E-01  2.84735091990809E-01  1.01810476217131E-01 -2.52567100114381E-01 -5.34945251535155E-01  2.57929868002424E-02 -3.14537057092170E-01
      0.40799584791759 -5.78859200383418E-02 -1.98271894279845E-01 -4.11965746784185E-01 -7.52103790487024E-01  5.90365137183998E-01  2.80706825632713E-01 -5.70774689738156E-01 -1.55550820582742E-01 -7.27398949401889E-01  2.68938435721431E-01  5.73227043756548E-01  1.08314413613695E-01
      0.14151554586347 -2.85172012746867E-02  4.21805599943626E-01 -1.07449731755914E-01 -4.75032823116281E-02  3.61635830706086E-01 -3.10886767718623E-01  1.21494868472170E-01 -5.16806374530026E-02 -5.93922684307322E-01 -1.58186999645198E-01  7.29475315698088E-01 -9.35561951402845E-02
      0.05654850601103 -3.00460598695404E-02  8.11247520303300E-01 -3.48286269133540E-01  9.59521369758620E-02  4.72616787897996E-01 -7.13912872931452E-01  1.94627989318784E-01 -3.10240592151123E-02 -1.94349180304244E-01  1.83828119148124E-02  3.71703967454754E-01 -1.49608490582883E-02

Tm  TZV2P-MOLOPT-GTH-q11
 1
 2 0 3 6 4 3 3 2
      5.99607258911791 -4.63035565571652E-01  1.50839155541924E-01  5.60585295719204E-01 -1.32855079777308E-01  5.29183724125844E-03  1.52968238246285E-02 -2.87481538667772E-02  7.62338661174848E-01 -1.18501659938078E-01  5.70955170481075E-01  9.10444150406156E-03 -3.51414466171004E-01
      3.73705592122903  8.22041593307583E-01  6.47069782222758E-02  3.01699378262511E-02 -2.36784249936546E-01 -3.26118169802014E-02 -2.81596705462629E-01 -8.77583013485836E-01 -6.24506195513766E-01 -3.66237454565196E-03  5.71418963564459E-01 -2.40239209673110E-02  8.77370845541222E-01
      0.93924311395080 -2.29011087461920E-01  1.81207568026953E-01 -2.65316745584182E-01 -8.01859580487557E-01  5.31856732187869E-01  4.92075314990943E-01  1.07796173911360E-01  1.08264999416135E-01 -2.25237764597769E-01 -5.21891451367210E-01  8.23590637005925E-02 -2.91149909813739E-01
      0.41497220645142 -2.04152364204004E-01 -4.40372310491163E-01 -6.47655133530792E-01 -7.60003692696915E-02  5.65795586948742E-01  3.36088105767057E-01 -3.64754429273523E-01 -1.25815791994358E-01 -7.23351585338587E-01  2.12190005889550E-01  5.59727147357507E-01  1.40970123495097E-01
      0.14436338328173  6.73646532614747E-02  5.60549182257819E-01 -6.52425058081793E-02 -2.68743115731721E-01  4.13867636763908E-01 -3.55394691019090E-01 -3.83490554581384E-02 -2.76301566810329E-02 -6.09254558552303E-01 -1.73479899457968E-01  7.34482387510435E-01 -4.51818528398075E-02
      0.05434844485872 -1.05751696858518E-01  6.57328849083366E-01 -4.36723217879098E-01  4.53105993733639E-01  4.73947059603803E-01 -6.62624015401942E-01  2.87897793064236E-01 -2.27470497230224E-02 -2.01948656531799E-01  1.59474103313539E-05  3.73895824984200E-01  6.78430771859889E-03

Yb  TZV2P-MOLOPT-GTH-q11
 1
 2 0 3 6 4 3 3 2
      6.64693140697223 -4.56871308799666E-01  1.42496802607754E-01  5.67466402462794E-01 -1.21981901717665E-01 -1.08609424184397E-03  2.58510292144557E-02  4.88924289864441E-02  7.63472222293419E-01 -1.08520740991123E-01  5.86470662080111E-01  5.04962026506806E-03 -2.91810263622290E-01
      3.86874140295763  8.27077664853985E-01  5.91282280708962E-02  5.35538539596237E-02 -2.67583962629567E-01 -4.60077135762189E-02 -2.75292461229069E-01 -9.07011844116681E-01 -6.19491915402636E-01  4.83870285355733E-04  5.86010653084657E-01 -1.55787245204422E-02  8.93136248755017E-01
      0.96978498295272 -2.47036940144708E-01  1.84535040254745E-01 -2.46419317536658E-01 -8.16563960550275E-01  5.63717096695336E-01  4.61380472577364E-01 -3.23410381333985E-02  1.24099563138234E-01 -2.33103993360625E-01 -4.95593877160602E-01  7.27998745390665E-02 -3.07514210582975E-01
      0.42426671042442 -1.87080519073071E-01 -4.22805561433903E-01 -6.54764422670026E-01 -7.99987154194351E-02  5.30661291247572E-01  3.69170564565085E-01 -2.15160300423933E-01 -1.29662802447150E-01 -7.11433235449873E-01  2.07568190005491E-01  5.31816759298133E-01  1.41005108328323E-01
      0.14705253142220  6.67358465125073E-02  5.62495731038745E-01 -5.23421019973499E-02 -2.40785700323332E-01  4.30621410069643E-01 -3.94808596236723E-01 -1.41075594876271E-01 -2.40186859761357E-02 -6.18666580574547E-01 -1.54740734491923E-01  7.52702612116105E-01 -5.18164185555800E-02
      0.05481334499293 -8.20432804860197E-02  6.68565137136010E-01 -4.27709296030446E-01  4.27042139581437E-01  4.61593913245462E-01 -6.46925893128083E-01  3.28171942621709E-01 -2.34497622919930E-02 -2.12131931828137E-01  1.06653564286436E-03  3.80843399821783E-01  4.69464454736618E-03

Lu  TZV2P-MOLOPT-GTH-q11
 1
 2 0 3 6 4 3 3 2
      6.13999514464730 -5.00878152616731E-01  1.21160197076570E-01  5.32417885826680E-01  1.13761802678734E-02  4.63703107286253E-04  2.62985304073428E-02  2.00777948146054E-02  7.63291066086108E-01 -1.00249559440666E-01  5.66692287068453E-01 -3.57672887869330E-05 -3.57433706326320E-01
      3.97613244067069  7.88325388482798E-01 -4.81377062359714E-03  2.76508084757079E-02 -1.92943086283943E-01 -5.88736458009182E-02 -2.93143725975870E-01 -8.79803034611221E-01 -6.29095809831189E-01 -5.80047013833320E-03  5.76085555623102E-01  2.51427693042954E-04  8.79841398007813E-01
      0.99771118441796 -2.52027198878352E-01  1.71662108061573E-01 -2.54120280699513E-01 -8.32418184967171E-01  5.38316175288239E-01  4.95264665362165E-01  6.83810193521004E-02  9.79664082390111E-02 -2.20745606325593E-01 -5.22754165209867E-01  6.83958120398701E-02 -2.83074030956028E-01
      0.43473975265578 -2.36633451284905E-01 -4.57791901086322E-01 -6.67805685439910E-01  3.38873004955196E-02  5.44180917981709E-01  3.37891966970036E-01 -3.78929106620093E-01 -1.05459907728787E-01 -7.21652133175986E-01  2.16455777725488E-01  5.59507646355964E-01  1.18786213048569E-01
      0.14866236587369  6.68148084103795E-02  5.76180007978823E-01 -6.59394436836804E-02 -2.41371132693829E-01  4.21058360072135E-01 -3.70216236920869E-01 -3.68328419672792E-02 -2.39178255989485E-02 -6.17253641495234E-01 -1.63887971180446E-01  7.30926279200891E-01 -6.20737039283364E-02
      0.05446299405558 -6.07193563891068E-02  6.43639906017256E-01 -4.48193113334539E-01  4.58601287046738E-01  4.83038673555780E-01 -6.45644647650991E-01  2.75542397001530E-01 -1.82739930823753E-02 -1.98504152121548E-01  9.98161758038995E-04  3.84733565526812E-01 -5.10331284457134E-03
