0.1 100
0.0  -.4130  -1.0828 4*0.0 0.0 5.0 2.0 T F
18.998 0.1531734881 -0.4354585055 0.7013348339 -0.6381450974 0.3295969525 -0.0862683579 
0.0091024821 0.0 3.863900  4.0  9*0.0
20*0.0
20*0.0
20*0.0
5*0.0   -1.50584   -3.02842 0.0    0.14957   -2.26711 5*0.0    0.70079    0.89247 0.0    0.20518 
   0.88095 
5*0.0   -0.81123   -2.65222 0.0   -0.27636   -2.04323 5*0.0    0.57305    0.84146 0.0    0.26803 
   0.84630 
5*0.0   -0.25778   -2.29726 0.0   -0.64617   -1.94718 5*0.0    0.44331    0.78589 0.0    0.32727 
   0.81310 
5*0.0    0.15658   -1.97474 0.0   -0.92845   -1.89458 5*0.0    0.31811    0.72792 0.0    0.37931 
   0.77990 
5*0.0    0.44962   -1.68886 0.0   -1.12014   -1.84212 5*0.0    0.20192    0.66932 0.0    0.42190 
   0.74544 
5*0.0    0.64423   -1.43964 0.0   -1.23195   -1.77249 5*0.0    0.09751    0.61147 0.0    0.45398 
   0.70897 
5*0.0    0.76283   -1.22477 0.0   -1.27949   -1.68253 5*0.0    0.00629    0.55540 0.0    0.47545 
   0.67031 
5*0.0    0.82497   -1.04090 0.0   -1.27861   -1.57561 5*0.0   -0.07132    0.50185 0.0    0.48688 
   0.62967 
5*0.0    0.84650   -0.88427 0.0   -1.24328   -1.45739 5*0.0   -0.13559    0.45132 0.0    0.48926 
   0.58756 
5*0.0    0.83978   -0.75125 0.0   -1.18485   -1.33360 5*0.0   -0.18725    0.40411 0.0    0.48382 
   0.54464 
5*0.0    0.81410   -0.63843 0.0   -1.11210   -1.20911 5*0.0   -0.22732    0.36037 0.0    0.47186 
   0.50158 
5*0.0    0.77629   -0.54280 0.0   -1.03158   -1.08764 5*0.0   -0.25696    0.32015 0.0    0.45469 
   0.45905 
5*0.0    0.73125   -0.46174 0.0   -0.94799   -0.97183 5*0.0   -0.27741    0.28340 0.0    0.43351 
   0.41762 
5*0.0    0.68247   -0.39299 0.0   -0.86463   -0.86334 5*0.0   -0.28988    0.25000 0.0    0.40943 
   0.37778 
5*0.0    0.63233   -0.33463 0.0   -0.78369   -0.76313 5*0.0   -0.29557    0.21982 0.0    0.38341 
   0.33989 
5*0.0    0.58248   -0.28505 0.0   -0.70661   -0.67159 5*0.0   -0.29558    0.19268 0.0    0.35629 
   0.30423 
5*0.0    0.53400   -0.24290 0.0   -0.63425   -0.58872 5*0.0   -0.29095    0.16836 0.0    0.32876 
   0.27099 
5*0.0    0.48758   -0.20702 0.0   -0.56704   -0.51426 5*0.0   -0.28259    0.14667 0.0    0.30140 
   0.24025 
5*0.0    0.44364   -0.17645 0.0   -0.50516   -0.44777 5*0.0   -0.27134    0.12741 0.0    0.27464 
   0.21205 
5*0.0    0.40240   -0.15040 0.0   -0.44858   -0.38871 5*0.0   -0.25793    0.11036 0.0    0.24886 
   0.18637 
5*0.0    0.36398   -0.12817 0.0   -0.39715   -0.33651 5*0.0   -0.24300    0.09532 0.0    0.22429 
   0.16312 
5*0.0    0.32837   -0.10921 0.0   -0.35064   -0.29054 5*0.0   -0.22710    0.08210 0.0    0.20114 
   0.14221 
5*0.0    0.29554   -0.09302 0.0   -0.30875   -0.25023 5*0.0   -0.21067    0.07052 0.0    0.17952 
   0.12350 
5*0.0    0.26537   -0.07920 0.0   -0.27118   -0.21499 5*0.0   -0.19412    0.06042 0.0    0.15949 
   0.10686 
5*0.0    0.23776   -0.06739 0.0   -0.23759   -0.18428 5*0.0   -0.17774    0.05162 0.0    0.14108 
   0.09213 
5*0.0    0.21257   -0.05731 0.0   -0.20767   -0.15760 5*0.0   -0.16179    0.04399 0.0    0.12427 
   0.07916 
5*0.0    0.18965   -0.04870 0.0   -0.18110   -0.13449 5*0.0   -0.14645    0.03738 0.0    0.10901 
   0.06778 
5*0.0    0.16885   -0.04135 0.0   -0.15757   -0.11452 5*0.0   -0.13188    0.03169 0.0    0.09526 
   0.05784 
5*0.0    0.15003   -0.03508 0.0   -0.13679   -0.09730 5*0.0   -0.11817    0.02680 0.0    0.08292 
   0.04920 
5*0.0    0.13304   -0.02974 0.0   -0.11849   -0.08250 5*0.0   -0.10538    0.02260 0.0    0.07191 
   0.04172 
5*0.0    0.11774   -0.02518 0.0   -0.10241   -0.06981 5*0.0   -0.09354    0.01901 0.0    0.06214 
   0.03526 
5*0.0    0.10398   -0.02129 0.0   -0.08832   -0.05894 5*0.0   -0.08267    0.01595 0.0    0.05350 
   0.02971 
5*0.0    0.09165   -0.01799 0.0   -0.07601   -0.04967 5*0.0   -0.07276    0.01335 0.0    0.04591 
   0.02496 
5*0.0    0.08061   -0.01518 0.0   -0.06527   -0.04177 5*0.0   -0.06377    0.01115 0.0    0.03926 
   0.02091 
5*0.0    0.07076   -0.01279 0.0   -0.05593   -0.03506 5*0.0   -0.05567    0.00929 0.0    0.03346 
   0.01747 
5*0.0    0.06198   -0.01076 0.0   -0.04782   -0.02936 5*0.0   -0.04841    0.00772 0.0    0.02843 
   0.01455 
5*0.0    0.05418   -0.00904 0.0   -0.04080   -0.02454 5*0.0   -0.04194    0.00640 0.0    0.02407 
   0.01208 
5*0.0    0.04725   -0.00759 0.0   -0.03473   -0.02048 5*0.0   -0.03620    0.00529 0.0    0.02032 
   0.01001 
5*0.0    0.04112   -0.00635 0.0   -0.02951   -0.01705 5*0.0   -0.03113    0.00436 0.0    0.01710 
   0.00827 
5*0.0    0.03571   -0.00532 0.0   -0.02501   -0.01417 5*0.0   -0.02668    0.00359 0.0    0.01435 
   0.00681 
5*0.0    0.03094   -0.00444 0.0   -0.02116   -0.01175 5*0.0   -0.02278    0.00295 0.0    0.01200 
   0.00560 
5*0.0    0.02675   -0.00370 0.0   -0.01786   -0.00972 5*0.0   -0.01939    0.00241 0.0    0.01001 
   0.00459 
5*0.0    0.02307   -0.00308 0.0   -0.01504   -0.00803 5*0.0   -0.01645    0.00197 0.0    0.00833 
   0.00375 
5*0.0    0.01985   -0.00256 0.0   -0.01264   -0.00662 5*0.0   -0.01391    0.00161 0.0    0.00691 
   0.00306 
5*0.0    0.01704   -0.00212 0.0   -0.01060   -0.00545 5*0.0   -0.01172    0.00131 0.0    0.00571 
   0.00249 
5*0.0    0.01459   -0.00175 0.0   -0.00887   -0.00447 5*0.0   -0.00984    0.00106 0.0    0.00471 
   0.00202 
5*0.0    0.01247   -0.00145 0.0   -0.00740   -0.00367 5*0.0   -0.00825    0.00086 0.0    0.00388 
   0.00164 
5*0.0    0.01063   -0.00119 0.0   -0.00617   -0.00300 5*0.0   -0.00688    0.00070 0.0    0.00318 
   0.00132 
5*0.0    0.00904   -0.00098 0.0   -0.00513   -0.00245 5*0.0   -0.00573    0.00056 0.0    0.00261 
   0.00107 
5*0.0    0.00766   -0.00081 0.0   -0.00425   -0.00199 5*0.0   -0.00476    0.00045 0.0    0.00213 
   0.00086 
5*0.0    0.00648   -0.00066 0.0   -0.00352   -0.00162 5*0.0   -0.00394    0.00036 0.0    0.00174 
   0.00069 
5*0.0    0.00547   -0.00054 0.0   -0.00291   -0.00131 5*0.0   -0.00325    0.00029 0.0    0.00141 
   0.00055 
5*0.0    0.00461   -0.00044 0.0   -0.00240   -0.00106 5*0.0   -0.00268    0.00023 0.0    0.00115 
   0.00044 
5*0.0    0.00387   -0.00036 0.0   -0.00197   -0.00086 5*0.0   -0.00220    0.00019 0.0    0.00093 
   0.00035 
5*0.0    0.00324   -0.00029 0.0   -0.00162   -0.00069 5*0.0   -0.00181    0.00015 0.0    0.00075 
   0.00028 
5*0.0    0.00271   -0.00024 0.0   -0.00132   -0.00056 5*0.0   -0.00148    0.00012 0.0    0.00061 
   0.00022 
5*0.0    0.00226   -0.00019 0.0   -0.00108   -0.00045 5*0.0   -0.00121    0.00010 0.0    0.00049 
   0.00018 
5*0.0    0.00188   -0.00016 0.0   -0.00088   -0.00036 5*0.0   -0.00099    0.00008 0.0    0.00039 
   0.00014 
5*0.0    0.00156   -0.00013 0.0   -0.00072   -0.00028 5*0.0   -0.00080    0.00006 0.0    0.00032 
   0.00011 
5*0.0    0.00129   -0.00010 0.0   -0.00058   -0.00023 5*0.0   -0.00065    0.00005 0.0    0.00026 
   0.00008 
5*0.0    0.00106   -0.00008 0.0   -0.00047   -0.00018 5*0.0   -0.00053    0.00004 0.0    0.00020 
   0.00006 
5*0.0    0.00088   -0.00006 0.0   -0.00038   -0.00014 5*0.0   -0.00043    0.00003 0.0    0.00016 
   0.00005 
5*0.0    0.00072   -0.00005 0.0   -0.00031   -0.00011 5*0.0   -0.00035    0.00002 0.0    0.00013 
   0.00004 
5*0.0    0.00059   -0.00004 0.0   -0.00025   -0.00009 5*0.0   -0.00029    0.00002 0.0    0.00010 
   0.00003 
5*0.0    0.00048   -0.00003 0.0   -0.00020   -0.00007 5*0.0   -0.00023    0.00001 0.0    0.00008 
   0.00002 
5*0.0    0.00039   -0.00003 0.0   -0.00016   -0.00005 5*0.0   -0.00019    0.00001 0.0    0.00006 
   0.00001 
5*0.0    0.00032   -0.00002 0.0   -0.00013   -0.00004 5*0.0   -0.00015    0.00001 0.0    0.00005 
   0.00001 
5*0.0    0.00026   -0.00002 0.0   -0.00010   -0.00003 5*0.0   -0.00013    0.00001 0.0    0.00004 
0.0 
5*0.0    0.00021   -0.00001 0.0   -0.00008   -0.00002 5*0.0   -0.00010 2*0.0    0.00003 0.0 
5*0.0    0.00017   -0.00001 0.0   -0.00006   -0.00001 5*0.0   -0.00008 2*0.0    0.00002 0.0 
5*0.0    0.00014   -0.00001 0.0   -0.00005   -0.00001 5*0.0   -0.00007 2*0.0    0.00001 0.0 
5*0.0    0.00011   -0.00001 0.0   -0.00004   -0.00001 5*0.0   -0.00006 2*0.0    0.00001 0.0 
5*0.0    0.00009 2*0.0   -0.00003 6*0.0   -0.00004 3*0.0   -0.00001 
5*0.0    0.00007 2*0.0   -0.00002 6*0.0   -0.00004 3*0.0   -0.00001 
5*0.0    0.00006 2*0.0   -0.00001 6*0.0   -0.00003 3*0.0   -0.00001 
5*0.0    0.00005 2*0.0   -0.00001 6*0.0   -0.00002 3*0.0   -0.00001 
5*0.0    0.00004 2*0.0   -0.00001 6*0.0   -0.00002 2*0.0   -0.00001   -0.00001 
5*0.0    0.00003 9*0.0   -0.00001 2*0.0   -0.00001   -0.00001 
5*0.0    0.00002 9*0.0   -0.00001 2*0.0   -0.00001   -0.00001 
5*0.0    0.00002 12*0.0   -0.00001 0.0 
5*0.0    0.00001 12*0.0   -0.00001 0.0 
5*0.0    0.00001 12*0.0   -0.00001 0.0 
5*0.0    0.00001 12*0.0   -0.00001 0.0 
18*0.0   -0.00001 0.0 
8*0.0    0.00001 6*0.0    0.00001 2*0.0   -0.00001 0.0 
8*0.0    0.00001 6*0.0    0.00001 2*0.0   -0.00001 0.0 
15*0.0    0.00001 2*0.0   -0.00001 0.0 
15*0.0    0.00001 2*0.0   -0.00001 0.0 
15*0.0    0.00001 2*0.0   -0.00001 0.0 
15*0.0    0.00001 2*0.0   -0.00001 0.0 
15*0.0    0.00001 2*0.0   -0.00001 0.0 
15*0.0    0.00001 4*0.0 
15*0.0    0.00001 4*0.0 
15*0.0    0.00001 4*0.0 
15*0.0    0.00001 4*0.0 
15*0.0    0.00001 4*0.0 
