0.02, 500
0.0, 0.242583 -0.698821  0.903016 -0.471580 -0.016866  0.119945 -0.044928 0.005361  4.30, 3.6, 9*0.0,
20*0.0
20*0.0
20*0.0
20*0.0
20*0.0
20*0.0
20*0.0
20*0.0
20*0.0
20*0.0
20*0.0
20*0.0
20*0.0
20*0.0
20*0.0
20*0.0
20*0.0
20*0.0
20*0.0
5*0.0   9.861020803050e-01   1.317981979760e+00 0.0  -3.477402271070e-02   1.065634785730e+00 5*0.0  -8.147954206060e-01  -9.155294437720e-01 0.0  -1.983424049640e-01  -8.570521110150e-01 
5*0.0   9.461025754450e-01   1.301226285440e+00 0.0  -1.648240805350e-02   1.021136164880e+00 5*0.0  -8.004015142700e-01  -9.103917656780e-01 0.0  -2.087025251810e-01  -8.520308776790e-01 
5*0.0   9.060408944040e-01   1.284173823970e+00 0.0   2.650553218640e-03   9.802175161870e-01 5*0.0  -7.855439813270e-01  -9.050562436860e-01 0.0  -2.190599025140e-01  -8.470148113110e-01 
5*0.0   8.660283156530e-01   1.266863054450e+00 0.0   2.248248734390e-02   9.427211082430e-01 5*0.0  -7.702492661190e-01  -8.995291006360e-01 0.0  -2.294045231230e-01  -8.420138072870e-01 
5*0.0   8.261668118400e-01   1.249330467350e+00 0.0   4.287932089080e-02   9.084777582810e-01 5*0.0  -7.545437993540e-01  -8.938166240450e-01 0.0  -2.397261200090e-01  -8.370361576430e-01 
5*0.0   7.865494618890e-01   1.231610614230e+00 0.0   6.371545757530e-02   8.773110533890e-01 5*0.0  -7.384539278240e-01  -8.879251512030e-01 0.0  -2.500142459190e-01  -8.320886707660e-01 
5*0.0   7.472608752330e-01   1.213736146820e+00 0.0   8.487382095080e-02   8.490407772380e-01 5*0.0  -7.220058497590e-01  -8.818610551110e-01 0.0  -2.602583413140e-01  -8.271767906800e-01 
5*0.0   7.083776227000e-01   1.195737863030e+00 0.0   1.062457914080e-01   8.234856731800e-01 5*0.0  -7.052255556140e-01  -8.756307312530e-01 0.0  -2.704477974420e-01  -8.223047143310e-01 
5*0.0   6.699686672050e-01   1.177644758610e+00 0.0   1.277310589850e-01   8.004656550910e-01 5*0.0  -6.881387740750e-01  -8.692405851820e-01 0.0  -2.805720145230e-01  -8.174755056970e-01 
5*0.0   6.320957910120e-01   1.159484082920e+00 0.0   1.492374104620e-01   7.798035578890e-01 5*0.0  -6.707709230460e-01  -8.626970209000e-01 0.0  -2.906204551980e-01  -8.126912057570e-01 
5*0.0   5.948140158930e-01   1.141281397580e+00 0.0   1.706804659580e-01   7.613265072390e-01 5*0.0  -6.531470653870e-01  -8.560064300010e-01 0.0  -3.005826933370e-01  -8.079529376900e-01 
5*0.0   5.581720137460e-01   1.123060637440e+00 0.0   1.919833785100e-01   7.448669730250e-01 5*0.0  -6.352918691470e-01  -8.491751815740e-01 0.0  -3.104484583570e-01  -8.032610067870e-01 
5*0.0   5.222125073760e-01   1.104844172310e+00 0.0   2.130765059880e-01   7.302635624550e-01 5*0.0  -6.172295720420e-01  -8.422096128080e-01 0.0  -3.202076752180e-01  -7.986149948050e-01 
5*0.0   4.869726567210e-01   1.086652870220e+00 0.0   2.338970647870e-01   7.173615970400e-01 5*0.0  -5.989839499380e-01  -8.351160203030e-01 0.0  -3.298505002770e-01  -7.940138485810e-01 
5*0.0   4.524844362780e-01   1.068506159560e+00 0.0   2.543887715120e-01   7.060135127810e-01 5*0.0  -5.805782890790e-01  -8.279006520350e-01 0.0  -3.393673531790e-01  -7.894559628310e-01 
5*0.0   4.187749936920e-01   1.050422092350e+00 0.0   2.745014797220e-01   6.960791141910e-01 5*0.0  -5.620353618240e-01  -8.205696999610e-01 0.0  -3.487489449910e-01  -7.849392571750e-01 
5*0.0   3.858669987180e-01   1.032417405740e+00 0.0   2.941908147980e-01   6.874257090050e-01 5*0.0  -5.433774056500e-01  -8.131292932220e-01 0.0  -3.579863027720e-01  -7.804612474750e-01 
5*0.0   3.537789743540e-01   1.014507583620e+00 0.0   3.134178125320e-01   6.799281455940e-01 5*0.0  -5.246261051860e-01  -8.055854919320e-01 0.0  -3.670707907730e-01  -7.760191116350e-01 
5*0.0   3.225256158760e-01   9.967069162750e-01 0.0   3.321485633270e-01   6.734687700840e-01 5*0.0  -5.058025770650e-01  -7.979442814990e-01 0.0  -3.759941284960e-01  -7.716097500400e-01 
5*0.0   2.921180938000e-01   9.790285591790e-01 0.0   3.503538645460e-01   6.679373207860e-01 5*0.0  -4.869273573640e-01  -7.902115674780e-01 0.0  -3.847484057700e-01  -7.672298408710e-01 
5*0.0   2.625643411960e-01   9.614845907100e-01 0.0   3.680088842360e-01   6.632307700470e-01 5*0.0  -4.680203914350e-01  -7.823931709060e-01 0.0  -3.933260950890e-01  -7.628758905080e-01 
5*0.0   2.338693289660e-01   9.440860674900e-01 0.0   3.850928356190e-01   6.592531265850e-01 5*0.0  -4.491010259360e-01  -7.744948240990e-01 0.0  -4.017200613730e-01  -7.585442792990e-01 
5*0.0   2.060353234490e-01   9.268430789430e-01 0.0   4.015886656020e-01   6.559152056400e-01 5*0.0  -4.301880028650e-01  -7.665221668820e-01 0.0  -4.099235693500e-01  -7.542313029340e-01 
5*0.0   1.790621323450e-01   9.097647994640e-01 0.0   4.174827564630e-01   6.531343757700e-01 5*0.0  -4.112994554300e-01  -7.584807432380e-01 0.0  -4.179302887690e-01  -7.499332097150e-01 
5*0.0   1.529473339220e-01   8.928595394170e-01 0.0   4.327646420980e-01   6.508342873330e-01 5*0.0  -3.924529055510e-01  -7.503759983180e-01 0.0  -4.257342975590e-01  -7.456462338720e-01 
5*0.0   1.276864950730e-01   8.761347937360e-01 0.0   4.474267392970e-01   6.489445901770e-01 5*0.0  -3.736652629950e-01  -7.422132758420e-01 0.0  -4.333300831950e-01  -7.413666254550e-01 
5*0.0   1.032733728280e-01   8.595972894470e-01 0.0   4.614640930980e-01   6.474006424350e-01 5*0.0  -3.549528257480e-01  -7.339978158090e-01 0.0  -4.407125423540e-01  -7.370906766850e-01 
5*0.0   7.970010571570e-02   8.432530304780e-01 0.0   4.748741377970e-01   6.461432166570e-01 5*0.0  -3.363312817090e-01  -7.257347525290e-01 0.0  -4.478769790630e-01  -7.328147452980e-01 
5*0.0   5.695738997790e-02   8.271073414540e-01 0.0   4.876564712490e-01   6.451182048150e-01 5*0.0  -3.178157114750e-01  -7.174291129560e-01 0.0  -4.548191014770e-01  -7.285352749740e-01 
5*0.0   3.503464496860e-02   8.111649091470e-01 0.0   4.998126447200e-01   6.442763259020e-01 5*0.0  -2.994205921500e-01  -7.090858152810e-01 0.0  -4.615350174200e-01  -7.242488131240e-01 
5*0.0   1.392016618240e-02   7.954298222590e-01 0.0   5.113459658310e-01   6.435728377720e-01 5*0.0  -2.811598020410e-01  -7.007096677840e-01 0.0  -4.680212288330e-01  -7.199520262410e-01 
5*0.0  -6.398732905140e-03   7.799056094900e-01 0.0   5.222613150690e-01   6.429672552980e-01 5*0.0  -2.630466261720e-01  -6.923053679240e-01 0.0  -4.742746252470e-01  -7.156417129990e-01 
5*0.0  -2.593558963430e-02   7.645952756800e-01 0.0   5.325649752300e-01   6.424230761160e-01 5*0.0  -2.450937625060e-01  -6.838775016420e-01 0.0  -4.802924764070e-01  -7.113148152910e-01 
5*0.0  -4.470467192160e-02   7.495013365210e-01 0.0   5.422644734230e-01   6.419075151860e-01 5*0.0  -2.273133288200e-01  -6.754305428710e-01 0.0  -4.860724241400e-01  -7.069684274210e-01 
5*0.0  -6.272086636990e-02   7.346258511100e-01 0.0   5.513684345810e-01   6.413912494280e-01 5*0.0  -2.097168701370e-01  -6.669688532280e-01 0.0  -4.916124735880e-01  -7.025998035650e-01 
5*0.0  -7.999957724880e-02   7.199704533850e-01 0.0   5.598864466110e-01   6.408481722690e-01 5*0.0  -1.923153666680e-01  -6.584966818850e-01 0.0  -4.969109838780e-01  -6.982063636850e-01 
5*0.0  -9.655663260390e-02   7.055363814510e-01 0.0   5.678289357650e-01   6.402551594910e-01 5*0.0  -1.751192421900e-01  -6.500181655970e-01 0.0  -5.019666583390e-01  -6.937856980450e-01 
5*0.0  -1.124082001930e-01   6.913245059190e-01 0.0   5.752070521150e-01   6.395918459770e-01 5*0.0  -1.581383728170e-01  -6.415373288730e-01 0.0  -5.067785343240e-01  -6.893355704530e-01 
5*0.0  -1.275707088670e-01   6.773353560320e-01 0.0   5.820325647960e-01   6.388404140040e-01 5*0.0  -1.413820961120e-01  -6.330580842960e-01 0.0  -5.113459727370e-01  -6.848539203350e-01 
5*0.0  -1.420607800020e-01   6.635691451580e-01 0.0   5.883177661620e-01   6.379853926160e-01 5*0.0  -1.248592204930e-01  -6.245842329510e-01 0.0  -5.156686472990e-01  -6.803388638090e-01 
5*0.0  -1.558951628810e-01   6.500257942120e-01 0.0   5.940753837550e-01   6.370134685820e-01 5*0.0  -1.085780348970e-01  -6.161194649850e-01 0.0  -5.197465336350e-01  -6.757886938070e-01 
5*0.0  -1.690906776680e-01   6.367049540290e-01 0.0   5.993185001650e-01   6.359133081660e-01 5*0.0  -9.254631867170e-02  -6.076673602610e-01 0.0  -5.235798982410e-01  -6.712018793810e-01 
5*0.0  -1.816641639840e-01   6.236060264370e-01 0.0   6.040604806270e-01   6.346753899290e-01 5*0.0  -7.677135164910e-02  -5.992313891130e-01 0.0  -5.271692873640e-01  -6.665770642720e-01 
5*0.0  -1.936324355530e-01   6.107281842070e-01 0.0   6.083149071630e-01   6.332918478600e-01 5*0.0  -6.125992438870e-02  -5.908149131930e-01 0.0  -5.305155158520e-01  -6.619130648150e-01 
5*0.0  -2.050122373920e-01   5.980703894320e-01 0.0   6.120955182480e-01   6.317563251650e-01 5*0.0  -4.601834855740e-02  -5.824211863970e-01 0.0  -5.336196560070e-01  -6.572088672860e-01 
5*0.0  -2.158202110210e-01   5.856314113600e-01 0.0   6.154161553140e-01   6.300638372100e-01 5*0.0  -3.105246741810e-02  -5.740533558700e-01 0.0  -5.364830264900e-01  -6.524636247010e-01 
5*0.0  -2.260728605510e-01   5.734098425600e-01 0.0   6.182907141190e-01   6.282106446090e-01 5*0.0  -1.636766642150e-02  -5.657144630700e-01 0.0  -5.391071812840e-01  -6.476766532480e-01 
5*0.0  -2.357865250950e-01   5.614041145720e-01 0.0   6.207331008780e-01   6.261941346140e-01 5*0.0  -1.968883867870e-03  -5.574074449050e-01 0.0  -5.414938987760e-01  -6.428474282280e-01 
5*0.0  -2.449773533480e-01   5.496125122660e-01 0.0   6.227571935380e-01   6.240127115250e-01 5*0.0   1.213937839080e-02  -5.491351349290e-01 0.0  -5.436451709570e-01  -6.379755797370e-01 
5*0.0  -2.536612818110e-01   5.380331874340e-01 0.0   6.243768063380e-01   6.216656950230e-01 5*0.0   2.595304415600e-02  -5.409002645730e-01 0.0  -5.455631927650e-01  -6.330608880620e-01 
5*0.0  -2.618540158870e-01   5.266641714340e-01 0.0   6.256056592020e-01   6.191532260790e-01 5*0.0   3.946845207970e-02  -5.327054644380e-01 0.0  -5.472503515910e-01  -6.281032788120e-01 
5*0.0  -2.695710135290e-01   5.155033870060e-01 0.0   6.264573500700e-01   6.164761803160e-01 5*0.0   5.268234492580e-02  -5.245532656410e-01 0.0  -5.487092170060e-01  -6.231028178370e-01 
5*0.0  -2.768274719140e-01   5.045486594720e-01 0.0   6.269453305260e-01   6.136360878260e-01 5*0.0   6.559185866200e-02  -5.164461011740e-01 0.0  -5.499425306180e-01  -6.180597060430e-01 
5*0.0  -2.836383154100e-01   4.937977269680e-01 0.0   6.270828846880e-01   6.106350596800e-01 5*0.0   7.819451171420e-02  -5.083863073190e-01 0.0  -5.509531961930e-01  -6.129742740140e-01 
5*0.0  -2.900181861400e-01   4.832482500840e-01 0.0   6.268831101620e-01   6.074757201300e-01 5*0.0   9.048819407960e-02  -5.003761250730e-01 0.0  -5.517442699340e-01  -6.078469765870e-01 
5*0.0  -2.959814361890e-01   4.728978208880e-01 0.0   6.263589024710e-01   6.041611445910e-01 5*0.0   1.024711566820e-01  -4.924177016450e-01 0.0  -5.523189510730e-01  -6.026783873070e-01 
5*0.0  -3.015421215120e-01   4.627439712980e-01 0.0   6.255229404310e-01   6.006948025530e-01 5*0.0   1.141420004550e-01  -4.845130919150e-01 0.0  -5.526805725610e-01  -5.974691928920e-01 
5*0.0  -3.067139969800e-01   4.527841808270e-01 0.0   6.243876750790e-01   5.970805056130e-01 5*0.0   1.254996658160e-01  -4.766642599850e-01 0.0  -5.528325921440e-01  -5.922201876090e-01 
5*0.0  -3.115105131000e-01   4.430158838570e-01 0.0   6.229653188580e-01   5.933223597240e-01 5*0.0   1.365434218600e-01  -4.688730806910e-01 0.0  -5.527785835260e-01  -5.869322677150e-01 
5*0.0  -3.159448137450e-01   4.334364763590e-01 0.0   6.212678378350e-01   5.894247217670e-01 5*0.0   1.472728558320e-01  -4.611413411710e-01 0.0  -5.525222278880e-01  -5.816064258580e-01 
5*0.0  -3.200297347400e-01   4.240433221270e-01 0.0   6.193069445030e-01   5.853921598950e-01 5*0.0   1.576878625620e-01  -4.534707424340e-01 0.0  -5.520673055720e-01  -5.762437455420e-01 
5*0.0  -3.237778037750e-01   4.148337585660e-01 0.0   6.170940926720e-01   5.812294175090e-01 5*0.0   1.677886339710e-01  -4.458629009350e-01 0.0  -5.514176880460e-01  -5.708453956200e-01 
5*0.0  -3.272012405280e-01   4.058051020670e-01 0.0   6.146404728690e-01   5.769413803660e-01 5*0.0   1.775756487020e-01  -4.383193501870e-01 0.0  -5.505773300860e-01  -5.654126248610e-01 
5*0.0  -3.303119583540e-01   3.969546529960e-01 0.0   6.119570096290e-01   5.725330469730e-01 5*0.0   1.870496617550e-01  -4.308415423510e-01 0.0  -5.495502622010e-01  -5.599467565750e-01 
5*0.0  -3.331215655190e-01   3.882797002300e-01 0.0   6.090543590760e-01   5.680095015810e-01 5*0.0   1.962116942990e-01  -4.234308498580e-01 0.0  -5.483405833120e-01  -5.544491833260e-01 
5*0.0  -3.356413680520e-01   3.797775254800e-01 0.0   6.059429078440e-01   5.633758898100e-01 5*0.0   2.050630234820e-01  -4.160885670250e-01 0.0  -5.469524536320e-01  -5.489213617410e-01 
5*0.0  -3.378823724280e-01   3.714454071430e-01 0.0   6.026327728700e-01   5.586373966410e-01 5*0.0   2.136051723930e-01  -4.088159116730e-01 0.0  -5.453900878030e-01  -5.433648074110e-01 
5*0.0  -3.398552884720e-01   3.632806239190e-01 0.0   5.991338013120e-01   5.537992266140e-01 5*0.0   2.218399001460e-01  -4.016140267650e-01 0.0  -5.436577482630e-01  -5.377810898980e-01 
5*0.0  -3.415705338200e-01   3.552804582270e-01 0.0   5.954555719750e-01   5.488665860680e-01 5*0.0   2.297691920090e-01  -3.944839820220e-01 0.0  -5.417597388200e-01  -5.321718278600e-01 
5*0.0  -3.430382370120e-01   3.474421991450e-01 0.0   5.916073965850e-01   5.438446670800e-01 5*0.0   2.373952497090e-01  -3.874267755600e-01 0.0  -5.397003984690e-01  -5.265386842950e-01 
5*0.0  -3.442682422630e-01   3.397631453210e-01 0.0   5.875983219070e-01   5.387386332160e-01 5*0.0   2.447204818160e-01  -3.804433355100e-01 0.0  -5.374840954150e-01  -5.208833618990e-01 
5*0.0  -3.452701135730e-01   3.322406074810e-01 0.0   5.834371321870e-01   5.335536067910e-01 5*0.0   2.517474942680e-01  -3.735345216470e-01 0.0  -5.351152213150e-01  -5.152075985660e-01 
5*0.0  -3.460531393500e-01   3.248719108330e-01 0.0   5.791323521150e-01   5.282946574980e-01 5*0.0   2.584790810110e-01  -3.667011270060e-01 0.0  -5.325981857380e-01  -5.095131630090e-01 
5*0.0  -3.466263374270e-01   3.176543972270e-01 0.0   5.746922499860e-01   5.229667924110e-01 5*0.0   2.649182148100e-01  -3.599438795060e-01 0.0  -5.299374108250e-01  -5.038018505090e-01 
5*0.0  -3.469984595930e-01   3.105854270730e-01 0.0   5.701248412280e-01   5.175749470580e-01 5*0.0   2.710680381390e-01  -3.532634435490e-01 0.0  -5.271373261550e-01  -4.980754788180e-01 
5*0.0  -3.471779968890e-01   3.036623811980e-01 0.0   5.654378921930e-01   5.121239777510e-01 5*0.0   2.769318542670e-01  -3.466604216330e-01 0.0  -5.242023638140e-01  -4.923358841800e-01 
5*0.0  -3.471731846520e-01   2.968826624820e-01 0.0   5.606389242540e-01   5.066186546730e-01 5*0.0   2.825131184660e-01  -3.401353559450e-01 0.0  -5.211369536640e-01  -4.865849175010e-01 
5*0.0  -3.469920072390e-01   2.902436972320e-01 0.0   5.557352176870e-01   5.010636560870e-01 5*0.0   2.878154293470e-01  -3.336887299410e-01 0.0  -5.179455188010e-01  -4.808244406590e-01 
5*0.0  -3.466422036730e-01   2.837429366280e-01 0.0   5.507338164290e-01   4.954635632080e-01 5*0.0   2.928425204050e-01  -3.273209699330e-01 0.0  -5.146324711640e-01  -4.750563229490e-01 
5*0.0  -3.461312726410e-01   2.773778578760e-01 0.0   5.456415321380e-01   4.898228559180e-01 5*0.0   2.975982516830e-01  -3.210324466460e-01 0.0  -5.112022074490e-01  -4.692824376710e-01 
5*0.0  -3.454664776490e-01   2.711459652870e-01 0.0   5.404649491000e-01   4.841459091050e-01 5*0.0   3.020866016160e-01  -3.148234767830e-01 0.0  -5.076591050510e-01  -4.635046588570e-01 
5*0.0  -3.446548522820e-01   2.650447912530e-01 0.0   5.352104286650e-01   4.784369896830e-01 5*0.0   3.063116589750e-01  -3.086943245560e-01 0.0  -5.040075182530e-01  -4.577248581390e-01 
5*0.0  -3.437032052180e-01   2.590718970260e-01 0.0   5.298841140960e-01   4.727002541080e-01 5*0.0   3.102776151040e-01  -3.026452032230e-01 0.0  -5.002517746370e-01  -4.519449017480e-01 
5*0.0  -3.426181257060e-01   2.532248736010e-01 0.0   5.244919352940e-01   4.669397464640e-01 5*0.0   3.139887561810e-01  -2.966762765940e-01 0.0  -4.963961715660e-01  -4.461666476640e-01 
5*0.0  -3.414059884110e-01   2.475013422620e-01 0.0   5.190396135380e-01   4.611593969780e-01 5*0.0   3.174494558070e-01  -2.907876605520e-01 0.0  -4.924449729450e-01  -4.403919428870e-01 
5*0.0  -3.400729586830e-01   2.418989552270e-01 0.0   5.135326664130e-01   4.553630209990e-01 5*0.0   3.206641676060e-01  -2.849794245180e-01 0.0  -4.884024060110e-01  -4.346226208510e-01 
5*0.0  -3.386249975230e-01   2.364153961000e-01 0.0   5.079764125440e-01   4.495543182750e-01 5*0.0   3.236374181150e-01  -2.792515929260e-01 0.0  -4.842726584050e-01  -4.288604989700e-01 
5*0.0  -3.370678665600e-01   2.310483802930e-01 0.0   5.023759764260e-01   4.437368727260e-01 5*0.0   3.263737998080e-01  -2.736041466830e-01 0.0  -4.800598753230e-01  -4.231073763110e-01 
5*0.0  -3.354071332240e-01   2.257956554140e-01 0.0   4.967362931750e-01   4.379141523580e-01 5*0.0   3.288779643240e-01  -2.680370246000e-01 0.0  -4.757681568680e-01  -4.173650313960e-01 
5*0.0  -3.336481753780e-01   2.206550015040e-01 0.0   4.910621133550e-01   4.320895095690e-01 5*0.0   3.311546158460e-01  -2.625501248120e-01 0.0  -4.714015555090e-01  -4.116352201360e-01 
5*0.0  -3.317961863260e-01   2.156242312960e-01 0.0   4.853580076650e-01   4.262661816880e-01 5*0.0   3.332085046700e-01  -2.571433061790e-01 0.0  -4.669640737020e-01  -4.059196738810e-01 
5*0.0  -3.298561796030e-01   2.107011903610e-01 0.0   4.796283716370e-01   4.204472917080e-01 5*0.0   3.350444209740e-01  -2.518163896680e-01 0.0  -4.624596616670e-01  -4.002200975960e-01 
5*0.0  -3.278329934690e-01   2.058837572080e-01 0.0   4.738774301840e-01   4.146358492830e-01 5*0.0   3.366671887360e-01  -2.465691597110e-01 0.0  -4.578922152730e-01  -3.945381681560e-01 
5*0.0  -3.257312961130e-01   2.011698434570e-01 0.0   4.681092422560e-01   4.088347518300e-01 5*0.0   3.380816598930e-01  -2.414013655580e-01 0.0  -4.532655741060e-01  -3.888755327530e-01 
5*0.0  -3.235555895120e-01   1.965573937200e-01 0.0   4.623277052940e-01   4.030467858800e-01 5*0.0   3.392927085930e-01  -2.363127225920e-01 0.0  -4.485835195870e-01  -3.832338074220e-01 
5*0.0  -3.213102145640e-01   1.920443856820e-01 0.0   4.565365598600e-01   3.972746284880e-01 5*0.0   3.403052257390e-01  -2.313029136370e-01 0.0  -4.438497733230e-01  -3.776145756730e-01 
5*0.0  -3.189993551780e-01   1.876288300120e-01 0.0   4.507393937100e-01   3.915208488410e-01 5*0.0   3.411241136200e-01  -2.263715902350e-01 0.0  -4.390679954960e-01  -3.720193872320e-01 
5*0.0  -3.166270428910e-01   1.833087703050e-01 0.0   4.449396463900e-01   3.857879099340e-01 5*0.0   3.417542807820e-01  -2.215183739140e-01 0.0  -4.342417834210e-01  -3.664497568880e-01 
5*0.0  -3.141971608860e-01   1.790822829090e-01 0.0   4.391406132640e-01   3.800781703660e-01 5*0.0   3.422006370480e-01  -2.167428574230e-01 0.0  -4.293746701930e-01  -3.609071634390e-01 
5*0.0  -3.117134486910e-01   1.749474768540e-01 0.0   4.333454498830e-01   3.743938862050e-01 5*0.0   3.424680887530e-01  -2.120446059540e-01 0.0  -4.244701234840e-01  -3.553930487400e-01 
5*0.0  -3.091795057320e-01   1.709024935780e-01 0.0   4.275571758410e-01   3.687372129340e-01 5*0.0   3.425615341330e-01  -2.074231583370e-01 0.0  -4.195315444320e-01  -3.499088168420e-01 
5*0.0  -3.065987958300e-01   1.669455067830e-01 0.0   4.217786789600e-01   3.631102074750e-01 5*0.0   3.424858588760e-01  -2.028780282120e-01 0.0  -4.145622666180e-01  -3.444558332290e-01 
5*0.0  -3.039746513160e-01   1.630747222420e-01 0.0   4.160127191720e-01   3.575148302270e-01 5*0.0   3.422459318980e-01  -1.984087051880e-01 0.0  -4.095655552050e-01  -3.390354241410e-01 
5*0.0  -3.013102765190e-01   1.592883774590e-01 0.0   4.102619323350e-01   3.519529471860e-01 5*0.0   3.418466012620e-01  -1.940146559690e-01 0.0  -4.045446061240e-01  -3.336488759790e-01 
5*0.0  -2.986087519620e-01   1.555847414710e-01 0.0   4.045288340340e-01   3.464263320750e-01 5*0.0   3.412926902500e-01  -1.896953254590e-01 0.0  -3.995025453800e-01  -3.282974348080e-01 
5*0.0  -2.958730380860e-01   1.519621145480e-01 0.0   3.988158232300e-01   3.409366685140e-01 5*0.0   3.405889936680e-01  -1.854501378540e-01 0.0  -3.944424284800e-01  -3.229823059210e-01 
5*0.0  -2.931059788900e-01   1.484188278840e-01 0.0   3.931251859250e-01   3.354855522030e-01 5*0.0   3.397402742500e-01  -1.812784976990e-01 0.0  -3.893672399040e-01  -3.177046534940e-01 
5*0.0  -2.903103055920e-01   1.449532432880e-01 0.0   3.874590986350e-01   3.300744931200e-01 5*0.0   3.387512592900e-01  -1.771797909300e-01 0.0  -3.842798927250e-01  -3.124656003130e-01 
5*0.0  -2.874886402070e-01   1.415637528510e-01 0.0   3.818196318370e-01   3.247049177300e-01 5*0.0   3.376266373820e-01  -1.731533858860e-01 0.0  -3.791832282550e-01  -3.072662275630e-01 
5*0.0  -2.846434989950e-01   1.382487786150e-01 0.0   3.762087533700e-01   3.193781711970e-01 5*0.0   3.363710553730e-01  -1.691986343110e-01 0.0  -3.740800158370e-01  -3.021075746990e-01 
5*0.0  -2.817772958430e-01   1.350067722070e-01 0.0   3.706283316750e-01   3.140955195830e-01 5*0.0   3.349891154380e-01  -1.653148723190e-01 0.0  -3.689729526660e-01  -2.969906393720e-01 
5*0.0  -2.788923456540e-01   1.318362144910e-01 0.0   3.650801390410e-01   3.088581520570e-01 5*0.0   3.334853723300e-01  -1.615014213420e-01 0.0  -3.638646637290e-01  -2.919163774210e-01 
5*0.0  -2.759908674930e-01   1.287356151830e-01 0.0   3.595658546740e-01   3.036671830780e-01 5*0.0   3.318643307780e-01  -1.577575890590e-01 0.0  -3.587577017970e-01  -2.868857029250e-01 
5*0.0  -2.730749879000e-01   1.257035125000e-01 0.0   3.540870678320e-01   2.985236545850e-01 5*0.0   3.301304430320e-01  -1.540826702930e-01 0.0  -3.536545475000e-01  -2.818994883100e-01 
5*0.0  -2.701467437870e-01   1.227384727460e-01 0.0   3.486452806770e-01   2.934285381320e-01 5*0.0   3.282881065670e-01  -1.504759478990e-01 0.0  -3.485576094600e-01  -2.769585645090e-01 
5*0.0  -2.672080857600e-01   1.198390899610e-01 0.0   3.432419113190e-01   2.883827370430e-01 5*0.0   3.263416619330e-01  -1.469366936150e-01 0.0  -3.434692245280e-01  -2.720637211790e-01 
5*0.0  -2.642608806680e-01   1.170039854730e-01 0.0   3.378782964610e-01   2.833870885260e-01 5*0.0   3.242953907060e-01  -1.434641688930e-01 0.0  -3.383916580280e-01  -2.672157069580e-01 
5*0.0  -2.613069148830e-01   1.142318075670e-01 0.0   3.325556943380e-01   2.784423657510e-01 5*0.0   3.221535136480e-01  -1.400576257260e-01 0.0  -3.333271041190e-01  -2.624152297720e-01 
5*0.0  -2.583478966900e-01   1.115212310060e-01 0.0   3.272752872340e-01   2.735492799260e-01 5*0.0   3.199201889270e-01  -1.367163074200e-01 0.0  -3.282776861700e-01  -2.576629571910e-01 
5*0.0  -2.553854593760e-01   1.088709567030e-01 0.0   3.220381842050e-01   2.687084823190e-01 5*0.0   3.175995105600e-01  -1.334394493800e-01 0.0  -3.232454572410e-01  -2.529595168140e-01 
5*0.0  -2.524211636880e-01   1.062797112750e-01 0.0   3.168454234820e-01   2.639205662620e-01 5*0.0   3.151955068390e-01  -1.302262798380e-01 0.0  -3.182324005640e-01  -2.483054966990e-01 
5*0.0  -2.494565004340e-01   1.037462466370e-01 0.0   3.116979750910e-01   2.591860691210e-01 5*0.0   3.127121390760e-01  -1.270760205950e-01 0.0  -3.132404301230e-01  -2.437014458320e-01 
5*0.0  -2.464928930130e-01   1.012693396130e-01 0.0   3.065967431350e-01   2.545054742410e-01 5*0.0   3.101533002970e-01  -1.239878877150e-01 0.0  -3.082713912470e-01  -2.391478746240e-01 
5*0.0  -2.435316998500e-01   9.884779150200e-02 0.0   3.015425681770e-01   2.498792127990e-01 5*0.0   3.075228141280e-01  -1.209610922030e-01 0.0  -3.033270612740e-01  -2.346452554390e-01 
5*0.0  -2.405742166960e-01   9.648042769320e-02 0.0   2.965362294920e-01   2.453076657550e-01 5*0.0   3.048244338460e-01  -1.179948406790e-01 0.0  -2.984091502490e-01  -2.301940231560e-01 
5*0.0  -2.376216791470e-01   9.416609725710e-02 0.0   2.915784473320e-01   2.407911655740e-01 5*0.0   3.020618414110e-01  -1.150883360040e-01 0.0  -2.935193016600e-01  -2.257945757560e-01 
5*0.0  -2.346752644850e-01   9.190367251820e-02 0.0   2.866698848810e-01   2.363299981650e-01 5*0.0   2.992386467290e-01  -1.122407779100e-01 0.0  -2.886590932200e-01  -2.214472749320e-01 
5*0.0  -2.317360943150e-01   8.969204869230e-02 0.0   2.818111506320e-01   2.319244044120e-01 5*0.0   2.963583869600e-01  -1.094513635920e-01 0.0  -2.838300376770e-01  -2.171524467230e-01 
5*0.0  -2.288052362470e-01   8.753014343680e-02 0.0   2.770028001660e-01   2.275745820950e-01 5*0.0   2.934245259450e-01  -1.067192882920e-01 0.0  -2.790335836860e-01  -2.129103821700e-01 
5*0.0  -2.258837061150e-01   8.541689647740e-02 0.0   2.722453381660e-01   2.232806875110e-01 5*0.0   2.904404537060e-01  -1.040437458550e-01 0.0  -2.742711166600e-01  -2.087213379900e-01 
5*0.0  -2.229724700730e-01   8.335126922510e-02 0.0   2.675392204510e-01   2.190428370250e-01 5*0.0   2.874094860840e-01  -1.014239292720e-01 0.0  -2.695439597100e-01  -2.045855372670e-01 
5*0.0  -2.200724461960e-01   8.133224435100e-02 0.0   2.628848556370e-01   2.148611087750e-01 5*0.0   2.843348644250e-01  -9.885903119670e-02 0.0  -2.648533745740e-01  -2.005031701600e-01 
5*0.0  -2.171845065960e-01   7.935882541540e-02 0.0   2.582826071070e-01   2.107355441620e-01 5*0.0   2.812197553770e-01  -9.634824445300e-02 0.0  -2.602005625850e-01  -1.964743946230e-01 
5*0.0  -2.143094790070e-01   7.743003646610e-02 0.0   2.537327946310e-01   2.066661494330e-01 5*0.0   2.780672507560e-01  -9.389076251170e-02 0.0  -2.555866656610e-01  -1.924993371380e-01 
5*0.0  -2.114481487230e-01   7.554492168160e-02 0.0   2.492356961160e-01   2.026528971070e-01 5*0.0   2.748803675320e-01  -9.148577996150e-02 0.0  -2.510127673280e-01  -1.885780934600e-01 
5*0.0  -2.086012599800e-01   7.370254495330e-02 0.0   2.447915492450e-01   1.986957274600e-01 5*0.0   2.716620478200e-01  -8.913249295040e-02 0.0  -2.464798937340e-01  -1.847107293670e-01 
5*0.0  -2.057695178890e-01   7.190198954830e-02 0.0   2.404005530710e-01   1.947945498920e-01 5*0.0   2.684151590230e-01  -8.683009961950e-02 0.0  -2.419890147200e-01  -1.808972814240e-01 
5*0.0  -2.029535897210e-01   7.014235771080e-02 0.0   2.360628695250e-01   1.909492443490e-01 5*0.0   2.651424939950e-01  -8.457780051280e-02 0.0  -2.375410448710e-01  -1.771377577440e-01 
5*0.0  -2.001541065350e-01   6.842277030410e-02 0.0   2.317786249780e-01   1.871596626050e-01 5*0.0   2.618467713000e-01  -8.237479897280e-02 0.0  -2.331368446060e-01  -1.734321387650e-01 
5*0.0  -1.973716646360e-01   6.674236645640e-02 0.0   2.275479116400e-01   1.834256295730e-01 5*0.0   2.585306355110e-01  -8.022030151830e-02 0.0  -2.287772212710e-01  -1.697803780240e-01 
5*0.0  -1.946068269090e-01   6.510030319060e-02 0.0   2.233707889940e-01   1.797469445630e-01 5*0.0   2.551966576020e-01  -7.811351820800e-02 0.0  -2.244629302430e-01  -1.661824029310e-01 
5*0.0  -1.918601241610e-01   6.349575507740e-02 0.0   2.192472851180e-01   1.761233825320e-01 5*0.0   2.518473353620e-01  -7.605366298270e-02 0.0  -2.201946760430e-01  -1.626381155520e-01 
5*0.0  -1.891320564900e-01   6.192791388750e-02 0.0   2.151773980870e-01   1.725546952160e-01 5*0.0   2.484850939060e-01  -7.403995400070e-02 0.0  -2.159731134640e-01  -1.591473933850e-01 
5*0.0  -1.864230944700e-01   6.039598825450e-02 0.0   2.111610971840e-01   1.690406123010e-01 5*0.0   2.451122862050e-01  -7.207161394910e-02 0.0  -2.117988486900e-01  -1.557100901420e-01 
5*0.0  -1.837336803660e-01   5.889920332410e-02 0.0   2.071983241560e-01   1.655808425800e-01 5*0.0   2.417311936870e-01  -7.014787034460e-02 0.0  -2.076724404440e-01  -1.523260365190e-01 
5*0.0  -1.810642292130e-01   5.743680042430e-02 0.0   2.032889944270e-01   1.621750749720e-01 5*0.0   2.383440268760e-01  -6.826795581990e-02 0.0  -2.035944011110e-01  -1.489950409770e-01 
5*0.0  -1.784151301360e-01   5.600803675950e-02 0.0   1.994329982700e-01   1.588229796030e-01 5*0.0   2.349529260820e-01  -6.643110839370e-02 0.0  -1.995651978870e-01  -1.457168905060e-01 
5*0.0  -1.757867471850e-01   5.461218505730e-02 0.0   1.956302019060e-01   1.555242088190e-01 5*0.0   2.315599621220e-01  -6.463657172710e-02 0.0  -1.955852539120e-01  -1.424913513920e-01 
5*0.0  -1.731794204400e-01   5.324853326690e-02 0.0   1.918804485980e-01   1.522783981820e-01 5*0.0   2.281671371040e-01  -6.288359536910e-02 0.0  -1.916549494190e-01  -1.393181699780e-01 
5*0.0  -1.705934670820e-01   5.191638425260e-02 0.0   1.881835597490e-01   1.490851673770e-01 5*0.0   2.247763852210e-01  -6.117143498480e-02 0.0  -1.877746228610e-01  -1.361970734180e-01 
5*0.0  -1.680291822310e-01   5.061505548100e-02 0.0   1.845393358540e-01   1.459441211850e-01 5*0.0   2.213895735980e-01  -5.949935257310e-02 0.0  -1.839445720590e-01  -1.331277704200e-01 
5*0.0  -1.654868398790e-01   4.934387871370e-02 0.0   1.809475575570e-01   1.428548503410e-01 5*0.0   2.180085031670e-01  -5.786661667140e-02 0.0  -1.801650553200e-01  -1.301099519910e-01 
5*0.0  -1.629666938050e-01   4.810219972510e-02 0.0   1.774079865370e-01   1.398169324100e-01 5*0.0   2.146349095620e-01  -5.627250254700e-02 0.0  -1.764362925770e-01  -1.271432921660e-01 
5*0.0  -1.604689783650e-01   4.688937800710e-02 0.0   1.739203665110e-01   1.368299326070e-01 5*0.0   2.112704640770e-01  -5.471629237930e-02 0.0  -1.727584664990e-01  -1.242274487290e-01 
5*0.0  -1.579939093040e-01   4.570478647680e-02 0.0   1.704844240580e-01   1.338934046070e-01 5*0.0   2.079167745840e-01  -5.319727542480e-02 0.0  -1.691317236110e-01  -1.213620639290e-01 
5*0.0  -1.555416845580e-01   4.454781120900e-02 0.0   1.670998695220e-01   1.310068913190e-01 5*0.0   2.045753865520e-01  -5.171474817820e-02 0.0  -1.655561753990e-01  -1.185467651840e-01 
5*0.0  -1.531124849390e-01   4.341785115240e-02 0.0   1.637663978370e-01   1.281699256360e-01 5*0.0   2.012477840340e-01  -5.026801451700e-02 0.0  -1.620318994090e-01  -1.157811657750e-01 
5*0.0  -1.507064748720e-01   4.231431786290e-02 0.0   1.604836893350e-01   1.253820311540e-01 5*0.0   1.979353906830e-01  -4.885638583490e-02 0.0  -1.585589403300e-01  -1.130648655260e-01 
5*0.0  -1.483238030850e-01   4.123663524300e-02 0.0   1.572514105350e-01   1.226427228600e-01 5*0.0   1.946395708070e-01  -4.747918117090e-02 0.0  -1.551373110790e-01  -1.103974514820e-01 
5*0.0  -1.459646032400e-01   4.018423928160e-02 0.0   1.540692148770e-01   1.199515078240e-01 5*0.0   1.913616304230e-01  -4.613572732210e-02 0.0  -1.517669938630e-01  -1.077784985630e-01 
5*0.0  -1.436289945380e-01   3.915657779410e-02 0.0   1.509367434670e-01   1.173078858270e-01 5*0.0   1.881028183200e-01  -4.482535894990e-02 0.0  -1.484479412380e-01  -1.052075702210e-01 
5*0.0  -1.413170823450e-01   3.815311018370e-02 0.0   1.478536257820e-01   1.147113499870e-01 5*0.0   1.848643271380e-01  -4.354741867300e-02 0.0  -1.451800771480e-01  -1.026842190710e-01 
5*0.0  -1.390289587670e-01   3.717330719170e-02 0.0   1.448194803410e-01   1.121613873580e-01 5*0.0   1.816472944850e-01  -4.230125716040e-02 0.0  -1.419632979610e-01  -1.002079875200e-01 
5*0.0  -1.367647031460e-01   3.621665065480e-02 0.0   1.418339153600e-01   1.096574795150e-01 5*0.0   1.784528040080e-01  -4.108623320310e-02 0.0  -1.387974734810e-01  -9.777840838020e-02 
5*0.0  -1.345243826400e-01   3.528263328280e-02 0.0   1.388965294050e-01   1.071991030950e-01 5*0.0   1.752818865310e-01  -3.990171378760e-02 0.0  -1.356824479570e-01  -9.539500546580e-02 
5*0.0  -1.323080526850e-01   3.437075841890e-02 0.0   1.360069119700e-01   1.047857303400e-01 5*0.0   1.721355211480e-01  -3.874707415460e-02 0.0  -1.326180410640e-01  -9.305729418450e-02 
5*0.0  -1.301157575090e-01   3.348053982240e-02 0.0   1.331646440940e-01   1.024168295970e-01 5*0.0   1.690146363510e-01  -3.762169785250e-02 0.0  -1.296040488830e-01  -9.076478210990e-02 
5*0.0  -1.279475305270e-01   3.261150144160e-02 0.0   1.303692989190e-01   1.000918658350e-01 5*0.0   1.659201111650e-01  -3.652497678490e-02 0.0  -1.266402448590e-01  -8.851696954360e-02 
5*0.0  -1.258033948770e-01   3.176317720840e-02 0.0   1.276204422500e-01   9.781030107960e-02 5*0.0   1.628527762570e-01  -3.545631124620e-02 0.0  -1.237263807430e-01  -8.631335006410e-02 
5*0.0  -1.236833637390e-01   3.093511081950e-02 0.0   1.249176330620e-01   9.557159489800e-02 5*0.0   1.598134150640e-01  -3.441510995350e-02 0.0  -1.208621875180e-01  -8.415341106170e-02 
5*0.0  -1.215874407990e-01   3.012685553460e-02 0.0   1.222604240320e-01   9.337520482110e-02 5*0.0   1.568027649250e-01  -3.340079007000e-02 0.0  -1.180473763110e-01  -8.203663425990e-02 
5*0.0  -1.195156206190e-01   2.933797397330e-02 0.0   1.196483620230e-01   9.122058675600e-02 5*0.0   1.538215181980e-01  -3.241277722360e-02 0.0  -1.152816392910e-01  -7.996249622500e-02 
5*0.0  -1.174678889970e-01   2.856803792030e-02 0.0   1.170809885550e-01   8.910719539370e-02 5*0.0   1.508703233840e-01  -3.145050551620e-02 0.0  -1.125646505400e-01  -7.793046886080e-02 
5*0.0  -1.154442233270e-01   2.781662812900e-02 0.0   1.145578402710e-01   8.703448458370e-02 5*0.0   1.479497862390e-01  -3.051341752980e-02 0.0  -1.098960669170e-01  -7.594001989060e-02 
5*0.0  -1.134445929410e-01   2.708333413540e-02 0.0   1.120784493620e-01   8.500190770240e-02 5*0.0   1.450604708870e-01  -2.960096432430e-02 0.0  -1.072755289020e-01  -7.399061332550e-02 
5*0.0  -1.114689594160e-01   2.636775407200e-02 0.0   1.096423440080e-01   8.300891800400e-02 5*0.0   1.422029009240e-01  -2.871260543190e-02 0.0  -1.047026614230e-01  -7.208170992080e-02 
5*0.0  -1.095172769000e-01   2.566949448750e-02 0.0   1.072490487750e-01   8.105496895220e-02 5*0.0   1.393775605190e-01  -2.784780884430e-02 0.0  -1.021770746590e-01  -7.021276761670e-02 
5*0.0  -1.075894924100e-01   2.498817017260e-02 0.0   1.048980850090e-01   7.913951453960e-02 5*0.0   1.365848955020e-01  -2.700605099490e-02 0.0  -9.969836483790e-02  -6.838324196810e-02 
5*0.0  -1.056855461050e-01   2.432340398300e-02 0.0   1.025889712180e-01   7.726200959400e-02 5*0.0   1.338253144450e-01  -2.618681673780e-02 0.0  -9.726611500600e-02  -6.659258656060e-02 
5*0.0  -1.038053715600e-01   2.367482667290e-02 0.0   1.003212234310e-01   7.542191006710e-02 5*0.0   1.310991897380e-01  -2.538959931960e-02 0.0  -9.487989578390e-02  -6.484025341220e-02 
5*0.0  -1.019488960360e-01   2.304207672900e-02 0.0   9.809435554990e-02   7.361867331300e-02 5*0.0   1.284068586500e-01  -2.461390034840e-02 0.0  -9.253926610510e-02  -6.312569336430e-02 
5*0.0  -1.001160407360e-01   2.242480021050e-02 0.0   9.590787968870e-02   7.185175835020e-02 5*0.0   1.257486243830e-01  -2.385922975780e-02 0.0  -9.024377393590e-02  -6.144835645850e-02 
5*0.0  -9.830672102600e-02   2.182265058980e-02 0.0   9.376130648920e-02   7.012062611430e-02 5*0.0   1.231247571070e-01  -2.312510576680e-02 0.0  -8.799295697700e-02  -5.980769230080e-02 
5*0.0  -9.652084667960e-02   2.123528859640e-02 0.0   9.165414543810e-02   6.842473969720e-02 5*0.0   1.205354950000e-01  -2.241105483600e-02 0.0  -8.578634334860e-02  -5.820315041380e-02 
5*0.0  -9.475832211150e-02   2.066238207050e-02 0.0   8.958590516180e-02   6.676356457190e-02 5*0.0   1.179810452540e-01  -2.171661161980e-02 0.0  -8.362345225720e-02  -5.663418057610e-02 
5*0.0  -9.301904656730e-02   2.010360581010e-02 0.0   8.755609371450e-02   6.513656880900e-02 5*0.0   1.154615850850e-01  -2.104131891560e-02 0.0  -8.150379464440e-02  -5.510023314980e-02 
5*0.0  -9.130291435580e-02   1.955864143110e-02 0.0   8.556421884760e-02   6.354322328320e-02 5*0.0   1.129772627180e-01  -2.038472760860e-02 0.0  -7.942687381840e-02  -5.360075939560e-02 
5*0.0  -8.960981501580e-02   1.902717722120e-02 0.0   8.360978828490e-02   6.198300186190e-02 5*0.0   1.105281983740e-01  -1.974639661480e-02 0.0  -7.739218606870e-02  -5.213521177610e-02 
5*0.0  -8.793963354050e-02   1.850890800670e-02 0.0   8.169230996560e-02   6.045538159380e-02 5*0.0   1.081144852210e-01  -1.912589282020e-02 0.0  -7.539922126160e-02  -5.070304424750e-02 
5*0.0  -8.629225053930e-02   1.800353501500e-02 0.0   7.981129228640e-02   5.895984287830e-02 5*0.0   1.057361903300e-01  -1.852279101660e-02 0.0  -7.344746342150e-02  -4.930371253970e-02 
5*0.0  -8.466754242560e-02   1.751076574300e-02 0.0   7.796624434110e-02   5.749586963060e-02 5*0.0   1.033933556020e-01  -1.793667383630e-02 0.0  -7.153639129130e-02  -4.793667442490e-02 
5*0.0  -8.306538157660e-02   1.703031382680e-02 0.0   7.615667613810e-02   5.606294943570e-02 5*0.0   1.010859986910e-01  -1.736713168270e-02 0.0  -6.966547887890e-02  -4.660138997510e-02 
5*0.0  -8.148563651460e-02   1.656189891870e-02 0.0   7.438209881350e-02   5.466057369440e-02 5*0.0   9.881411390380e-02  -1.681376266010e-02 0.0  -6.783419598590e-02  -4.529732181180e-02 
5*0.0  -7.992817205560e-02   1.610524656100e-02 0.0   7.264202483560e-02   5.328823775480e-02 5*0.0   9.657767308740e-02  -1.627617249930e-02 0.0  -6.604200871820e-02  -4.402393533010e-02 
5*0.0  -7.839284946760e-02   1.566008806590e-02 0.0   7.093596820010e-02   5.194544104900e-02 5*0.0   9.437662649830e-02  -1.575397448350e-02 0.0  -6.428837998340e-02  -4.278069894140e-02 
5*0.0  -7.687952661100e-02   1.522616039690e-02 0.0   6.926344461810e-02   5.063168720670e-02 5*0.0   9.221090365970e-02  -1.524678936990e-02 0.0  -6.257276996900e-02  -4.156708427550e-02 
5*0.0  -7.538805809960e-02   1.480320605540e-02 0.0   6.762397169150e-02   4.934648416870e-02 5*0.0   9.008041419790e-02  -1.475424531240e-02 0.0  -6.089463660570e-02  -4.038256639070e-02 
5*0.0  -7.391829543200e-02   1.439097296700e-02 0.0   6.601706908290e-02   4.808934429280e-02 5*0.0   8.798504866570e-02  -1.427597777880e-02 0.0  -5.925343601540e-02  -3.922662396610e-02 
5*0.0  -7.247008712170e-02   1.398921436870e-02 0.0   6.444225868020e-02   4.685978445060e-02 5*0.0   8.592467934640e-02  -1.381162947050e-02 0.0  -5.764862294150e-02  -3.809873948820e-02 
5*0.0  -7.104327883970e-02   1.359768870420e-02 0.0   6.289906474960e-02   4.565732611780e-02 5*0.0   8.389916104390e-02  -1.336085023790e-02 0.0  -5.607965116810e-02  -3.699839942560e-02 
5*0.0  -6.963771353480e-02   1.321615951670e-02 0.0   6.138701408160e-02   4.448149545860e-02 5*0.0   8.190833185420e-02  -1.292329699650e-02 0.0  -5.454597391850e-02  -3.592509439640e-02 
5*0.0  -6.825323155740e-02   1.284439534530e-02 0.0   5.990563613500e-02   4.333182340160e-02 5*0.0   7.995201392290e-02  -1.249863364020e-02 0.0  -5.304704424240e-02  -3.487831932240e-02 
5*0.0  -6.688967079180e-02   1.248216962520e-02 0.0   5.845446316620e-02   4.220784571300e-02 5*0.0   7.803001418020e-02  -1.208653095430e-02 0.0  -5.158231538860e-02  -3.385757358130e-02 
5*0.0  -6.554686675770e-02   1.212926058670e-02 0.0   5.703303035730e-02   4.110910306050e-02 5*0.0   7.614212506580e-02  -1.168666652800e-02 0.0  -5.015124116090e-02  -3.286236114330e-02 
5*0.0  -6.422465274080e-02   1.178545116050e-02 0.0   5.564087594160e-02   4.003514107320e-02 5*0.0   7.428812523470e-02  -1.129872466570e-02 0.0  -4.875327626320e-02  -3.189219070530e-02 
5*0.0  -6.292285987390e-02   1.145052888020e-02 0.0   5.427754129790e-02   3.898551039490e-02 5*0.0   7.246778024410e-02  -1.092239629710e-02 0.0  -4.738787662570e-02  -3.094657580880e-02 
5*0.0  -6.164131730870e-02   1.112428579610e-02 0.0   5.294257109950e-02   3.795976673240e-02 5*0.0   7.068084322630e-02  -1.055737888720e-02 0.0  -4.605449972400e-02  -3.002503496120e-02 
5*0.0  -6.037985224160e-02   1.080651837540e-02 0.0   5.163551336960e-02   3.695747090120e-02 5*0.0   6.892705554370e-02  -1.020337634580e-02 0.0  -4.475260487860e-02  -2.912709173870e-02 
5*0.0  -5.913829006540e-02   1.049702741750e-02 0.0   5.035591960030e-02   3.597818886180e-02 5*0.0   6.720614742840e-02  -9.860098936240e-03 0.0  -4.348165354580e-02  -2.825227488740e-02 
5*0.0  -5.791645447150e-02   1.019561797100e-02 0.0   4.910334484690e-02   3.502149175410e-02 5*0.0   6.551783860410e-02  -9.527263183880e-03 0.0  -4.224110959290e-02  -2.740011841530e-02 
5*0.0  -5.671416753800e-02   9.902099243680e-03 0.0   4.787734781820e-02   3.408695592660e-02 5*0.0   6.386183889260e-02  -9.204591784460e-03 0.0  -4.103043956310e-02  -2.657016167840e-02 
5*0.0  -5.553124981240e-02   9.616284519420e-03 0.0   4.667749093430e-02   3.317416296220e-02 5*0.0   6.223784880500e-02  -8.891813512270e-03 0.0  -3.984911292540e-02  -2.576194945710e-02 
5*0.0  -5.436752042830e-02   9.337991079160e-03 0.0   4.550334042330e-02   3.228269969860e-02 5*0.0   6.064556011370e-02  -8.588663127640e-03 0.0  -3.869660231580e-02  -2.497503202900e-02 
5*0.0  -5.322279718510e-02   9.067040119060e-03 0.0   4.435446638050e-02   3.141215824500e-02 5*0.0   5.908465641090e-02  -8.294881284850e-03 0.0  -3.757238376370e-02  -2.420896523340e-02 
5*0.0  -5.209689664340e-02   8.803256673880e-03 0.0   4.323044284710e-02   3.056213599550e-02 5*0.0   5.755481365300e-02  -8.010214440430e-03 0.0  -3.647593690970e-02  -2.346331053100e-02 
5*0.0  -5.098963421800e-02   8.546469538820e-03 0.0   4.213084787010e-02   2.973223563750e-02 5*0.0   5.605570068480e-02  -7.734414760530e-03 0.0  -3.540674520830e-02  -2.273763505530e-02 
5*0.0  -4.990082424300e-02   8.296511196140e-03 0.0   4.105526353920e-02   2.892206516000e-02 5*0.0   5.458697975180e-02  -7.467240029290e-03 0.0  -3.436429612510e-02  -2.203151165960e-02 
5*0.0  -4.883028008970e-02   8.053217740770e-03 0.0   4.000327607580e-02   2.813123785170e-02 5*0.0   5.314830699830e-02  -7.208453557430e-03 0.0  -3.334808131700e-02  -2.134451895580e-02 
5*0.0  -4.777781420800e-02   7.816428807260e-03 0.0   3.897447584630e-02   2.735937230700e-02 5*0.0   5.173933294330e-02  -6.957824089520e-03 0.0  -3.235759680920e-02  -2.067624135600e-02 
5*0.0  -4.674323825020e-02   7.585987501420e-03 0.0   3.796845743970e-02   2.660609241500e-02 5*0.0   5.035970295300e-02  -6.715125714700e-03 0.0  -3.139234315420e-02  -2.002626909510e-02 
5*0.0  -4.572636311850e-02   7.361740330400e-03 0.0   3.698481968480e-02   2.587102735860e-02 5*0.0   4.900905768720e-02  -6.480137774190e-03 0.0  -3.045182558900e-02  -1.939419826080e-02 
5*0.0  -4.472699906440e-02   7.143537135420e-03 0.0   3.602316570860e-02   2.515381160120e-02 5*0.0   4.768703353880e-02  -6.252644771870e-03 0.0  -2.953555417560e-02  -1.877963081120e-02 
5*0.0  -4.374495574400e-02   6.931231023260e-03 0.0   3.508310295010e-02   2.445408487720e-02 5*0.0   4.639326305700e-02  -6.032436284220e-03 0.0  -2.864304393700e-02  -1.818217459030e-02 
5*0.0  -4.278004231460e-02   6.724678304980e-03 0.0   3.416424321140e-02   2.377149217520e-02 5*0.0   4.512737535430e-02  -5.819306870840e-03 0.0  -2.777381498250e-02  -1.760144333870e-02 
5*0.0  -4.183206749600e-02   6.523738429470e-03 0.0   3.326620267710e-02   2.310568372260e-02 5*0.0   4.388899650290e-02  -5.613055985400e-03 0.0  -2.692739262440e-02  -1.703705670080e-02 
5*0.0  -4.090083963520e-02   6.328273921570e-03 0.0   3.238860193240e-02   2.245631496600e-02 5*0.0   4.267774991510e-02  -5.413487887690e-03 0.0  -2.610330748550e-02  -1.648864022530e-02 
5*0.0  -3.998616679990e-02   6.138150322030e-03 0.0   3.153106600120e-02   2.182304654800e-02 5*0.0   4.149325671300e-02  -5.220411556090e-03 0.0  -2.530109559930e-02  -1.595582536330e-02 
5*0.0  -3.908785682260e-02   5.953236125200e-03 0.0   3.069322435210e-02   2.120554428510e-02 5*0.0   4.033513608120e-02  -5.033640599970e-03 0.0  -2.452029850190e-02  -1.543824946190e-02 
5*0.0  -3.820571738440e-02   5.773402723010e-03 0.0   2.987471091650e-02   2.060347914220e-02 5*0.0   3.920300561070e-02  -4.852993174330e-03 0.0  -2.376046331670e-02  -1.493555575630e-02 
5*0.0  -3.733955607330e-02   5.598524345750e-03 0.0   2.907516410760e-02   2.001652720350e-02 5*0.0   3.809648162740e-02  -4.678291893430e-03 0.0  -2.302114282960e-02  -1.444739335240e-02 
5*0.0  -3.648918045550e-02   5.428478005380e-03 0.0   2.829422682670e-02   1.944436964450e-02 5*0.0   3.701517950990e-02  -4.509363746700e-03 0.0  -2.230189556000e-02  -1.397341721460e-02 
5*0.0  -3.565439812830e-02   5.263143439830e-03 0.0   2.753154647080e-02   1.888669270030e-02 5*0.0   3.595871399370e-02  -4.346040014210e-03 0.0  -2.160228582150e-02  -1.351328814110e-02 
5*0.0  -3.483501679690e-02   5.102403061140e-03 0.0   2.678677493980e-02   1.834318763310e-02 5*0.0   3.492669946490e-02  -4.188156183940e-03 0.0  -2.092188377920e-02  -1.306667274340e-02 
5*0.0  -3.403084432130e-02   4.946141898070e-03 0.0   2.605956864100e-02   1.781355069850e-02 5*0.0   3.391875024020e-02  -4.035551869050e-03 0.0  -2.026026549750e-02  -1.263324342010e-02 
5*0.0  -3.324168878740e-02   4.794247547630e-03 0.0   2.534958848810e-02   1.729748310880e-02 5*0.0   3.293448083920e-02  -3.888070726740e-03 0.0  -1.961701298290e-02  -1.221267832500e-02 
5*0.0  -3.246735855510e-02   4.646610121280e-03 0.0   2.465649990100e-02   1.679469099670e-02 5*0.0   3.197350624090e-02  -3.745560377540e-03 0.0  -1.899171422130e-02  -1.180466133740e-02 
5*0.0  -3.170766232390e-02   4.503122195310e-03 0.0   2.397997279920e-02   1.630488537790e-02 5*0.0   3.103544213260e-02  -3.607872325420e-03 0.0  -1.838396320790e-02  -1.140888202750e-02 
5*0.0  -3.096240918440e-02   4.363678762280e-03 0.0   2.331968160500e-02   1.582778210980e-02 5*0.0   3.011990514690e-02  -3.474861879280e-03 0.0  -1.779335997340e-02  -1.102503561850e-02 
5*0.0  -3.023140867030e-02   4.228177181200e-03 0.0   2.267530522500e-02   1.536310185260e-02 5*0.0   2.922651308890e-02  -3.346388075130e-03 0.0  -1.721951060200e-02  -1.065282294710e-02 
5*0.0  -2.951447081920e-02   4.096517131150e-03 0.0   2.204652704970e-02   1.491057002650e-02 5*0.0   2.835488515180e-02  -3.222313598910e-03 0.0  -1.666202724740e-02  -1.029195042320e-02 
5*0.0  -2.881140621810e-02   3.968600564350e-03 0.0   2.143303493760e-02   1.446991677030e-02 5*0.0   2.750464212460e-02  -3.102504710760e-03 0.0  -1.612052814140e-02  -9.942129985220e-03 
5*0.0  -2.812202605160e-02   3.844331659300e-03 0.0   2.083452120180e-02   1.404087689710e-02 5*0.0   2.667540658820e-02  -2.986831170090e-03 0.0  -1.559463759850e-02  -9.603079055310e-03 
5*0.0  -2.744614216260e-02   3.723616778050e-03 0.0   2.025068260150e-02   1.362318984980e-02 5*0.0   2.586680310370e-02  -2.875166161460e-03 0.0  -1.508398601590e-02  -9.274520490830e-03 
5*0.0  -2.678356708910e-02   3.606364420220e-03 0.0   1.968122031850e-02   1.321659965630e-02 5*0.0   2.507845838970e-02  -2.767386221640e-03 0.0  -1.458820986910e-02  -8.956182535880e-03 
5*0.0  -2.613411411550e-02   3.492485180540e-03 0.0   1.912583994490e-02   1.282085488390e-02 5*0.0   2.431000149270e-02  -2.663371167710e-03 0.0  -1.410695170310e-02  -8.647798771310e-03 
5*0.0  -2.549759731940e-02   3.381891706530e-03 0.0   1.858425145930e-02   1.243570859250e-02 5*0.0   2.356106394630e-02  -2.563004025940e-03 0.0  -1.363986011960e-02  -8.349108060860e-03 
5*0.0  -2.487383161350e-02   3.274498656560e-03 0.0   1.805616921090e-02   1.206091828670e-02 5*0.0   2.283127992510e-02  -2.466170962000e-03 0.0  -1.318658976020e-02  -8.059854498370e-03 
5*0.0  -2.426263279150e-02   3.170222659250e-03 0.0   1.754131189350e-02   1.169624586900e-02 5*0.0   2.212028638680e-02  -2.372761211850e-03 0.0  -1.274680128580e-02  -7.779787351740e-03 
5*0.0  -2.366381756790e-02   3.068982273270e-03 0.0   1.703940252520e-02   1.134145759120e-02 5*0.0   2.142772320890e-02  -2.282667013890e-03 0.0  -1.232016135330e-02  -7.508661008370e-03 
5*0.0  -2.307720361720e-02   2.970697947290e-03 0.0   1.655016842150e-02   1.099632400620e-02 5*0.0   2.075323331550e-02  -2.195783541820e-03 0.0  -1.190634258820e-02  -7.246234916970e-03 
5*0.0  -2.250260961900e-02   2.875291982760e-03 0.0   1.607334117020e-02   1.066061991730e-02 5*0.0   2.009646280000e-02  -2.112008839410e-03 0.0  -1.150502355300e-02  -6.992273527320e-03 
5*0.0  -2.193985529060e-02   2.782688494640e-03 0.0   1.560865660560e-02   1.033412433020e-02 5*0.0   1.945706103550e-02  -2.031243755050e-03 0.0  -1.111588871500e-02  -6.746546233190e-03 
5*0.0  -2.138876142750e-02   2.692813374840e-03 0.0   1.515585477970e-02   1.001662040260e-02 5*0.0   1.883468078160e-02  -1.953391877890e-03 0.0  -1.073862840930e-02  -6.508827311780e-03 
5*0.0  -2.084914993680e-02   2.605594255370e-03 0.0   1.471467993230e-02   9.707895394110e-03 5*0.0   1.822897828390e-02  -1.878359475540e-03 0.0  -1.037293879970e-02  -6.278895861250e-03 
5*0.0  -2.032084387580e-02   2.520960473060e-03 0.0   1.428488046300e-02   9.407740615180e-03 5*0.0   1.763961336580e-02  -1.806055432070e-03 0.0  -1.001852183640e-02  -6.056535739430e-03 
5*0.0  -1.980366747970e-02   2.438843033220e-03 0.0   1.386620889840e-02   9.115951377630e-03 5*0.0   1.706624951340e-02  -1.736391187100e-03 0.0  -9.675085213040e-03  -5.841535502160e-03 
5*0.0  -1.929744619800e-02   2.359174575910e-03 0.0   1.345842185940e-02   8.832326943050e-03 5*0.0   1.650855395560e-02  -1.669280676250e-03 0.0  -9.342342318780e-03  -5.633688339570e-03 
5*0.0  -1.880200672660e-02   2.281889342270e-03 0.0   1.306128003270e-02   8.556670472260e-03 5*0.0   1.596619773760e-02  -1.604640272480e-03 0.0  -9.020012190540e-03  -5.432792012680e-03 
5*0.0  -1.831717703310e-02   2.206923140100e-03 0.0   1.267454813180e-02   8.288788973660e-03 5*0.0   1.543885578750e-02  -1.542388728270e-03 0.0  -8.707819461750e-03  -5.238648789000e-03 
5*0.0  -1.784278639090e-02   2.134213312050e-03 0.0   1.229799486740e-02   8.028493252880e-03 5*0.0   1.492620697840e-02  -1.482447119090e-03 0.0  -8.405494309740e-03  -5.051065379160e-03 
5*0.0  -1.737866540270e-02   2.063698703430e-03 0.0   1.193139290890e-02   7.775597861190e-03 5*0.0   1.442793418490e-02  -1.424738787680e-03 0.0  -8.112772401820e-03  -4.869852870870e-03 
5*0.0  -1.692464602830e-02   1.995319630140e-03 0.0   1.157451885040e-02   7.529921044640e-03 5*0.0   1.394372433240e-02  -1.369189289170e-03 0.0  -7.829394838560e-03  -4.694826666250e-03 
5*0.0  -1.648056161140e-02   1.929017848450e-03 0.0   1.122715317430e-02   7.291284692330e-03 5*0.0   1.347326844500e-02  -1.315726337820e-03 0.0  -7.555108096090e-03  -4.525806413890e-03 
5*0.0  -1.604624690250e-02   1.864736524000e-03 0.0   1.088908021500e-02   7.059514285950e-03 5*0.0   1.301626168430e-02  -1.264279753960e-03 0.0  -7.289663967370e-03  -4.362615946110e-03 
5*0.0  -1.562153808170e-02   1.802420202520e-03 0.0   1.056008811940e-02   6.834438848560e-03 5*0.0   1.257240338640e-02  -1.214781412440e-03 0.0  -7.032819501320e-03  -4.205083212280e-03 
5*0.0  -1.520627278100e-02   1.742014780010e-03 0.0   1.023996881030e-02   6.615890893570e-03 5*0.0   1.214139709270e-02  -1.167165191740e-03 0.0  -6.784336941590e-03  -4.053040214420e-03 
5*0.0  -1.480029010620e-02   1.683467474650e-03 0.0   9.928517947730e-03   6.403706373990e-03 5*0.0   1.172295057740e-02  -1.121366924470e-03 0.0  -6.543983663010e-03  -3.906322940890e-03 
5*0.0  -1.440343065570e-02   1.626726798040e-03 0.0   9.625534890440e-03   6.197724631820e-03 5*0.0   1.131677586950e-02  -1.077324348210e-03 0.0  -6.311532108540e-03  -3.764771301990e-03 
5*0.0  -1.401553653920e-02   1.571742527810e-03 0.0   9.330822655590e-03   5.997788347730e-03 5*0.0   1.092258927160e-02  -1.034977057880e-03 0.0  -6.086759724050e-03  -3.628229064810e-03 
5*0.0  -1.363645139620e-02   1.518465680440e-03 0.0   9.044187879660e-03   5.803743490520e-03 5*0.0   1.054011137480e-02  -9.942664586040e-04 0.0  -5.869448892520e-03  -3.496543788050e-03 
5*0.0  -1.326602041180e-02   1.466848484520e-03 0.0   8.765440777500e-03   5.615439267100e-03 5*0.0   1.016906706930e-02  -9.551357198750e-04 0.0  -5.659386867810e-03  -3.369566756870e-03 
5*0.0  -1.290409033350e-02   1.416844354660e-03 0.0   8.494395103940e-03   5.432728072830e-03 5*0.0   9.809185551540e-03  -9.175297303240e-04 0.0  -5.456365707700e-03  -3.247152919280e-03 
5*0.0  -1.255050948440e-02   1.368407865710e-03 0.0   8.230868110000e-03   5.255465441850e-03 5*0.0   9.460200327770e-03  -8.813950534630e-04 0.0  -5.260182206050e-03  -3.129160821360e-03 
5*0.0  -1.220512777700e-02   1.321494727630e-03 0.0   7.974680504810e-03   5.083509997850e-03 5*0.0   9.121849215240e-03  -8.466798846390e-04 0.0  -5.070637824890e-03  -3.015452543500e-03 
5*0.0  -1.186779672840e-02   1.276061760870e-03 0.0   7.725656412860e-03   4.916723404540e-03 5*0.0   8.793874338740e-03  -8.133340084490e-04 0.0  -4.887538624920e-03  -2.905893636020e-03 
5*0.0  -1.153836946760e-02   1.232066871770e-03 0.0   7.483623332680e-03   4.754970317830e-03 5*0.0   8.476022124680e-03  -7.813087571320e-04 0.0  -4.710695197740e-03  -2.800353057390e-03 
5*0.0  -1.121670075000e-02   1.189469029080e-03 0.0   7.248412095920e-03   4.598118336700e-03 5*0.0   8.168043293060e-03  -7.505569701330e-04 0.0  -4.539922595960e-03  -2.698703110500e-03 
5*0.0  -1.090264696500e-02   1.148228240360e-03 0.0   7.019856824680e-03   4.446037955210e-03 5*0.0   7.869692845330e-03  -7.210329540750e-04 0.0  -4.375040263220e-03  -2.600819379800e-03 
5*0.0  -1.059606614580e-02   1.108305529190e-03 0.0   6.797794891090e-03   4.298602515170e-03 5*0.0   7.580730050480e-03  -6.926924439460e-04 0.0  -4.215871965640e-03  -2.506580670760e-03 
5*0.0  -1.029681797700e-02   1.069662912670e-03 0.0   6.582066873330e-03   4.155688158300e-03 5*0.0   7.300918428510e-03  -6.654925649150e-04 0.0  -4.062245720820e-03  -2.415868947080e-03 
5*0.0  -1.000476380170e-02   1.032263379210e-03 0.0   6.372516515630e-03   4.017173779300e-03 5*0.0   7.030025731300e-03  -6.393917950390e-04 0.0  -3.913993728930e-03  -2.328569269890e-03 
5*0.0  -9.719766627730e-03   9.960708670250e-04 0.0   6.168990684690e-03   3.882940979620e-03 5*0.0   6.767823920880e-03  -6.143499286910e-04 0.0  -3.770952302470e-03  -2.244569738580e-03 
5*0.0  -9.441691132460e-03   9.610502427270e-04 0.0   5.971339328440e-03   3.752874020650e-03 5*0.0   6.514089146420e-03  -5.903280409530e-04 0.0  -3.632961796620e-03  -2.163761429260e-03 
5*0.0  -9.170403667950e-03   9.271672806850e-04 0.0   5.779415433350e-03   3.626859778250e-03 5*0.0   6.268601718630e-03  -5.672884527210e-04 0.0  -3.499866539480e-03  -2.086038336220e-03 
5*0.0  -8.905772264210e-03   8.943886424430e-04 0.0   5.593074983010e-03   3.504787697310e-03 5*0.0   6.031146081750e-03  -5.451946964270e-04 0.0  -3.371514762960e-03  -2.011297313600e-03 
5*0.0  -8.647666632370e-03   8.626818566800e-04 0.0   5.412176915130e-03   3.386549746320e-03 5*0.0   5.801510784910e-03  -5.240114828720e-04 0.0  -3.247758532970e-03  -1.939438016010e-03 
5*0.0  -8.395958165560e-03   8.320152995660e-04 0.0   5.236583080560e-03   3.272040373560e-03 5*0.0   5.579488450430e-03  -5.037046684100e-04 0.0  -3.128453681100e-03  -1.870362842660e-03 
5*0.0  -8.150519942060e-03   8.023581755460e-04 0.0   5.066158200270e-03   3.161156462140e-03 5*0.0   5.364875741670e-03  -4.842412232610e-04 0.0  -3.013459735350e-03  -1.803976878740e-03 
5*0.0  -7.911226724000e-03   7.736804982700e-04 0.0   4.900769824350e-03   3.053797286780e-03 5*0.0   5.157473328210e-03  -4.655892002070e-04 0.0  -2.902639852130e-03  -1.740187840570e-03 
5*0.0  -7.677954958490e-03   7.459530722230e-04 0.0   4.740288289940e-03   2.949864470380e-03 5*0.0   4.957085850730e-03  -4.477177042750e-04 0.0  -2.795860748000e-03  -1.678906019150e-03 
5*0.0  -7.450582775090e-03   7.191474743380e-04 0.0   4.584586679430e-03   2.849261941560e-03 5*0.0   4.763521883250e-03  -4.305968629270e-04 0.0  -2.692992632750e-03  -1.620044226240e-03 
5*0.0  -7.228989986300e-03   6.932360363910e-04 0.0   4.433540779180e-03   2.751895891520e-03 5*0.0   4.576593895690e-03  -4.141977971110e-04 0.0  -2.593909141270e-03  -1.563517738430e-03 
5*0.0  -7.013058083130e-03   6.681918273230e-04 0.0   4.287029038260e-03   2.657674732990e-03 5*0.0   4.396118213770e-03  -3.984925928990e-04 0.0  -2.498487267760e-03  -1.509244245270e-03 
5*0.0  -6.802670233530e-03   6.439886362660e-04 0.0   4.144932527080e-03   2.566509058360e-03 5*0.0   4.221914978710e-03  -3.834542737980e-04 0.0  -2.406607299280e-03  -1.457143795470e-03 
5*0.0  -6.597711277720e-03   6.206009555650e-04 0.0   4.007134896590e-03   2.478311599060e-03 5*0.0   4.053808105270e-03  -3.690567737190e-04 0.0  -2.318152750460e-03  -1.407138745420e-03 
5*0.0  -6.398067724650e-03   5.980039644780e-04 0.0   3.873522337400e-03   2.392997184680e-03 5*0.0   3.891625239740e-03  -3.552749106720e-04 0.0  -2.233010297800e-03  -1.359153706870e-03 
5*0.0  -6.203627747020e-03   5.761735129410e-04 0.0   3.743983539450e-03   2.310482703400e-03 5*0.0   3.735197716090e-03  -3.420843609610e-04 0.0  -2.151069716150e-03  -1.313115496930e-03 
5*0.0  -6.014281175270e-03   5.550861057860e-04 0.0   3.618409651250e-03   2.230687062250e-03 5*0.0   3.584360511960e-03  -3.294616341590e-04 0.0  -2.072223814200e-03  -1.268953087850e-03 
5*0.0  -5.829919491920e-03   5.347188872090e-04 0.0   3.496694240420e-03   2.153531148240e-03 5*0.0   3.438952203840e-03  -3.173840485910e-04 0.0  -1.996368371710e-03  -1.226597557580e-03 
5*0.0  -5.650435824950e-03   5.150496255840e-04 0.0   3.378733253370e-03   2.078937789940e-03 5*0.0   3.298814920960e-03  -3.058297073740e-04 0.0  -1.923402076970e-03  -1.185982041850e-03 
5*0.0  -5.475724941290e-03   4.960566987090e-04 0.0   3.264424976120e-03   2.006831719000e-03 5*0.0   3.163794299950e-03  -2.947774752690e-04 0.0  -1.853226464580e-03  -1.147041685270e-03 
5*0.0  -5.305683235470e-03   4.777190787390e-04 0.0   3.153669993870e-03   1.937139533270e-03 5*0.0   3.033739437490e-03  -2.842069558690e-04 0.0  -1.785745854910e-03  -1.109713595160e-03 
5*0.0  -5.140208729710e-03   4.600163190200e-04 0.0   3.046371153990e-03   1.869789659090e-03 5*0.0   2.908502843290e-03  -2.740984694410e-04 0.0  -1.720867293180e-03  -1.073936794730e-03 
5*0.0  -4.979201055400e-03   4.429285384330e-04 0.0   2.942433526850e-03   1.804712315380e-03 5*0.0   2.787940392520e-03  -2.644330313930e-04 0.0  -1.658500490040e-03  -1.039652178050e-03 
5*0.0  -4.822561450670e-03   4.264364092930e-04 0.0   2.841764364930e-03   1.741839477170e-03 5*0.0   2.671911277800e-03  -2.551923311690e-04 0.0  -1.598557762580e-03  -1.006802464310e-03 
5*0.0  -4.670192746360e-03   4.105211427230e-04 0.0   2.744273067420e-03   1.681104840220e-03 5*0.0   2.560277961090e-03  -2.463587118560e-04 0.0  -1.540953975900e-03  -9.753321543720e-04 
5*0.0  -4.521999362120e-03   3.951644765230e-04 0.0   2.649871142340e-03   1.622443785910e-03 5*0.0   2.452906124870e-03  -2.379151500560e-04 0.0  -1.485606486000e-03  -9.451874872480e-04 
5*0.0  -4.377887289360e-03   3.803486613380e-04 0.0   2.558472167960e-03   1.565793346570e-03 5*0.0   2.349664623740e-03  -2.298452365620e-04 0.0  -1.432435082780e-03  -9.163163970750e-04 
5*0.0  -4.237764084200e-03   3.660564487290e-04 0.0   2.469991756160e-03   1.511092171610e-03 5*0.0   2.250425435420e-03  -2.221331573280e-04 0.0  -1.381361934300e-03  -8.886684713310e-04 
5*0.0  -4.101538852620e-03   3.522710783080e-04 0.0   2.384347514960e-03   1.458280493910e-03 5*0.0   2.155063611410e-03  -2.147636749730e-04 0.0  -1.332311531770e-03  -8.621949100850e-04 
5*0.0  -3.969122248070e-03   3.389762664990e-04 0.0   2.301459014580e-03   1.407300096530e-03 5*0.0   2.063457228500e-03  -2.077221109070e-04 0.0  -1.285210635100e-03  -8.368484847830e-04 
5*0.0  -3.840426445350e-03   3.261561934420e-04 0.0   2.221247748240e-03   1.358094280450e-03 5*0.0   1.975487339070e-03  -2.009943277240e-04 0.0  -1.239988219430e-03  -8.125834992640e-04 
5*0.0  -3.715365141440e-03   3.137954926380e-04 0.0   2.143637098390e-03   1.310607832110e-03 5*0.0   1.891037922470e-03  -1.945667122310e-04 0.0  -1.196575422410e-03  -7.893557498110e-04 
5*0.0  -3.593853535240e-03   3.018792388820e-04 0.0   2.068552301150e-03   1.264786991930e-03 5*0.0   1.809995835740e-03  -1.884261588360e-04 0.0  -1.154905492270e-03  -7.671224873850e-04 
5*0.0  -3.475808316780e-03   2.903929372800e-04 0.0   1.995920410920e-03   1.220579423490e-03 5*0.0   1.732250764270e-03  -1.825600533240e-04 0.0  -1.114913737330e-03  -7.458423803480e-04 
5*0.0  -3.361147654900e-03   2.793225126510e-04 0.0   1.925670265890e-03   1.177934182280e-03 5*0.0   1.657695173560e-03  -1.769562573860e-04 0.0  -1.076537474060e-03  -7.254754768950e-04 
5*0.0  -3.249791182800e-03   2.686542987350e-04 0.0   1.857732453970e-03   1.136801686030e-03 5*0.0   1.586224260680e-03  -1.716030931050e-04 0.0  -1.039715980140e-03  -7.059831686160e-04 
5*0.0  -3.141659984510e-03   2.583750275720e-04 0.0   1.792039279840e-03   1.097133684650e-03 5*0.0   1.517735904610e-03  -1.664893281060e-04 0.0  -1.004390443740e-03  -6.873281557500e-04 
5*0.0  -3.036676581780e-03   2.484718199640e-04 0.0   1.728524730530e-03   1.058883231550e-03 5*0.0   1.452130618500e-03  -1.616041613150e-04 0.0  -9.705039170040e-04  -6.694744127160e-04 
5*0.0  -2.934764917690e-03   2.389321746930e-04 0.0   1.667124442540e-03   1.022004654390e-03 5*0.0   1.389311500230e-03  -1.569372082240e-04 0.0  -9.380012684920e-04  -6.523871532410e-04 
5*0.0  -2.835850345360e-03   2.297439596190e-04 0.0   1.607775669110e-03   9.864535266680e-04 5*0.0   1.329184190420e-03  -1.524784888750e-04 0.0  -9.068291363750e-04  -6.360327950550e-04 
5*0.0  -2.739859611560e-03   2.208954015410e-04 0.0   1.550417248920e-03   9.521866404010e-04 5*0.0   1.271656816010e-03  -1.482184123060e-04 0.0  -8.769358843870e-04  -6.203789306740e-04 
5*0.0  -2.646720840750e-03   2.123750772430e-04 0.0   1.494989573430e-03   9.191619791350e-04 5*0.0   1.216639948870e-03  -1.441477654460e-04 0.0  -8.482715573230e-04  -6.053942941610e-04 
5*0.0  -2.556363522510e-03   2.041719040650e-04 0.0   1.441434555700e-03   8.873386896640e-04 5*0.0   1.164046556600e-03  -1.402576993290e-04 0.0  -8.207878355650e-04  -5.910487278810e-04 
5*0.0  -2.468718496340e-03   1.962751317280e-04 0.0   1.389695599500e-03   8.566770567710e-04 5*0.0   1.113791959910e-03  -1.365397183710e-04 0.0  -7.944379940150e-04  -5.773131520880e-04 
5*0.0  -2.383717932620e-03   1.886743322930e-04 0.0   1.339717569460e-03   8.271384776860e-04 5*0.0   1.065793777690e-03  -1.329856663220e-04 0.0  -7.691768602800e-04  -5.641595388460e-04 
5*0.0  -2.301295323110e-03   1.813593933440e-04 0.0   1.291446758680e-03   7.986854347220e-04 5*0.0   1.019971891250e-03  -1.295877170530e-04 0.0  -7.449607703420e-04  -5.515608759280e-04 
5*0.0  -2.221385462060e-03   1.743205085320e-04 0.0   1.244830861830e-03   7.712814715270e-04 5*0.0   9.762483946170e-04  -1.263383622300e-04 0.0  -7.217475311900e-04  -5.394911410330e-04 
5*0.0  -2.143924427780e-03   1.675481694350e-04 0.0   1.199818943880e-03   7.448911691750e-04 5*0.0   9.345475453250e-04  -1.232303999670e-04 0.0  -6.994963811660e-04  -5.279252771270e-04 
5*0.0  -2.068849573270e-03   1.610331581880e-04 0.0   1.156361411640e-03   7.194801200260e-04 5*0.0   8.947957269140e-04  -1.202569252780e-04 0.0  -6.781679479630e-04  -5.168391581690e-04 
5*0.0  -1.996099506710e-03   1.547665396190e-04 0.0   1.114409985730e-03   6.950149050520e-04 5*0.0   8.569214022260e-04  -1.174113196000e-04 0.0  -6.577242133590e-04  -5.062095653200e-04 
5*0.0  -1.925614074990e-03   1.487396533620e-04 0.0   1.073917672040e-03   6.714630709380e-04 5*0.0   8.208550683840e-04  -1.146872406540e-04 0.0  -6.381284755450e-04  -4.960141616170e-04 
5*0.0  -1.857334349930e-03   1.429441066410e-04 0.0   1.034838733550e-03   6.487931058820e-04 5*0.0   7.865292148380e-04  -1.120786125640e-04 0.0  -6.193453099360e-04  -4.862314633320e-04 
5*0.0  -1.791202608960e-03   1.373717667200e-04 0.0   9.971286646730e-04   6.269744187850e-04 5*0.0   7.538782804380e-04  -1.095796169410e-04 0.0  -6.013405381810e-04  -4.768408172960e-04 
5*0.0  -1.727162324190e-03   1.320147546920e-04 0.0   9.607441621740e-04   6.059773153290e-04 5*0.0   7.228386113340e-04  -1.071846837070e-04 0.0  -5.840811870100e-04  -4.678223744600e-04 
5*0.0  -1.665158141160e-03   1.268654375480e-04 0.0   9.256431003170e-04   5.857729776270e-04 5*0.0   6.933484194380e-04  -1.048884818890e-04 0.0  -5.675354586740e-04  -4.591570658540e-04 
5*0.0  -1.605135864980e-03   1.219164220440e-04 0.0   8.917845047350e-04   5.663334428430e-04 5*0.0   6.653477417330e-04  -1.026859119900e-04 0.0  -5.516726959160e-04  -4.508265802630e-04 
5*0.0  -1.547042445300e-03   1.171605480310e-04 0.0   8.591285258680e-04   5.476315814160e-04 5*0.0   6.387783992910e-04  -1.005720966680e-04 0.0  -5.364633474130e-04  -4.428133388960e-04 
5*0.0  -1.490825957980e-03   1.125908819040e-04 0.0   8.276364146210e-04   5.296410777720e-04 5*0.0   6.135839557110e-04  -9.854237311710e-05 0.0  -5.218789379570e-04  -4.351004757870e-04 
5*0.0  -1.436435590330e-03   1.082007104680e-04 0.0   7.972704969930e-04   5.123364093310e-04 5*0.0   5.897096812250e-04  -9.659228570460e-05 0.0  -5.078920355830e-04  -4.276718127090e-04 
5*0.0  -1.383821623540e-03   1.039835345100e-04 0.0   7.679941500160e-04   4.956928275430e-04 5*0.0   5.671025097220e-04  -9.471757744360e-05 0.0  -4.944762215940e-04  -4.205118400490e-04 
5*0.0  -1.332935418750e-03   9.993306342520e-05 0.0   7.397717772140e-04   4.796863380870e-04 5*0.0   5.457110027990e-04  -9.291418377670e-05 0.0  -4.816060592980e-04  -4.136056952630e-04 
5*0.0  -1.283729399020e-03   9.604320871900e-05 0.0   7.125687858900e-04   4.642936821690e-04 5*0.0   5.254853111800e-04  -9.117822461510e-05 0.0  -4.692570662310e-04  -4.069391415720e-04 
5*0.0  -1.236157033950e-03   9.230807861670e-05 0.0   6.863515627610e-04   4.494923179120e-04 5*0.0   5.063771370430e-04  -8.950599779890e-05 0.0  -4.574056836790e-04  -4.004985490030e-04 
5*0.0  -1.190172824160e-03   8.872197282470e-05 0.0   6.610874520790e-04   4.352604022560e-04 5*0.0   4.883396986470e-04  -8.789397287390e-05 0.0  -4.460292502570e-04  -3.942708743830e-04 
5*0.0  -1.145732284130e-03   8.527937630920e-05 0.0   6.367447325980e-04   4.215767730960e-04 5*0.0   4.713276921230e-04  -8.633878364830e-05 0.0  -4.351059733070e-04  -3.882436425300e-04 
5*0.0  -1.102791927270e-03   8.197495488250e-05 0.0   6.132925957030e-04   4.084209319320e-04 5*0.0   4.552972569560e-04  -8.483722288260e-05 0.0  -4.246149029350e-04  -3.824049283030e-04 
5*0.0  -1.061309249620e-03   7.880354936400e-05 0.0   5.907011239710e-04   3.957730265440e-04 5*0.0   4.402059408480e-04  -8.338623564850e-05 0.0  -4.145359053700e-04  -3.767433375300e-04 
5*0.0  -1.021242714420e-03   7.576017107670e-05 0.0   5.689412696590e-04   3.836138344910e-04 5*0.0   4.260126660060e-04  -8.198291402830e-05 0.0  -4.048496378720e-04  -3.712479897920e-04 
5*0.0  -9.825517357320e-04   7.283999644140e-05 0.0   5.479848334580e-04   3.719247465310e-04 5*0.0   4.126776933210e-04  -8.062449069150e-05 0.0  -3.955375231450e-04  -3.659085016040e-04 
5*0.0  -9.451966630960e-04   7.003836263680e-05 0.0   5.278044448930e-04   3.606877508850e-04 5*0.0   4.001625904430e-04  -7.930833424100e-05 0.0  -3.865817264280e-04  -3.607149701010e-04 
5*0.0  -9.091387667530e-04   6.735076265640e-05 0.0   5.083735409810e-04   3.498854166890e-04 5*0.0   3.884301991730e-04  -7.803194330010e-05 0.0  -3.779651298200e-04  -3.556579547710e-04 
5*0.0  -8.743402211950e-04   6.477284109810e-05 0.0   4.896663476760e-04   3.395008799000e-04 5*0.0   3.774446018130e-04  -7.679294186870e-05 0.0  -3.696713114280e-04  -3.507284650540e-04 
5*0.0  -8.407640890850e-04   6.230038893960e-05 0.0   4.716578594360e-04   3.295178270790e-04 5*0.0   3.671710907910e-04  -7.558907359200e-05 0.0  -3.616845214420e-04  -3.459179411670e-04 
5*0.0  -8.083743080660e-04   5.992934019930e-05 0.0   4.543238209350e-04   3.199204812210e-04 5*0.0   3.575761369520e-04  -7.441819781890e-05 0.0  -3.539896605150e-04  -3.412182418820e-04 
5*0.0  -7.771356746210e-04   5.765576730300e-05 0.0   4.376407075650e-04   3.106935869520e-04 5*0.0   3.486273597360e-04  -7.327828473000e-05 0.0  -3.465722580910e-04  -3.366216283780e-04 
5*0.0  -7.470138280780e-04   5.547587671540e-05 0.0   4.215857081110e-04   3.018223969230e-04 5*0.0   3.402934960990e-04  -7.216741043280e-05 0.0  -3.394184526460e-04  -3.321207507610e-04 
5*0.0  -7.179752368610e-04   5.338600533160e-05 0.0   4.061367059250e-04   2.932926575910e-04 5*0.0   3.325443715450e-04  -7.108375298990e-05 0.0  -3.325149703250e-04  -3.277086340930e-04 
5*0.0  -6.899871830450e-04   5.138261636410e-05 0.0   3.912722617680e-04   2.850905958800e-04 5*0.0   3.253508715310e-04  -7.002558827330e-05 0.0  -3.258491057940e-04  -3.233786649030e-04 
5*0.0  -6.630177487610e-04   4.946229579180e-05 0.0   3.769715960390e-04   2.772029055320e-04 5*0.0   3.186849136100e-04  -6.899128574910e-05 0.0  -3.194087019610e-04  -3.191245769770e-04 
5*0.0  -6.370357995530e-04   4.762174829290e-05 0.0   3.632145727780e-04   2.696167351790e-04 5*0.0   3.125194174960e-04  -6.797930460120e-05 0.0  -3.131821334440e-04  -3.149404415560e-04 
5*0.0  -6.120109720410e-04   4.585779391860e-05 0.0   3.499816818250e-04   2.623196744450e-04 5*0.0   3.068282808810e-04  -6.698818995810e-05 0.0  -3.071582856400e-04  -3.108206509940e-04 
5*0.0  -5.879136578030e-04   4.416736447030e-05 0.0   3.372540236010e-04   2.552997428180e-04 5*0.0   3.015863491260e-04  -6.601656918310e-05 0.0  -3.013265394490e-04  -3.067599110310e-04 
5*0.0  -5.647149916240e-04   4.254750032580e-05 0.0   3.250132924250e-04   2.485453762900e-04 5*0.0   2.967693941990e-04  -6.506314886030e-05 0.0  -2.956767517010e-04  -3.027532242050e-04 
5*0.0  -5.423868340390e-04   4.099534660520e-05 0.0   3.132417616340e-04   2.420454170200e-04 5*0.0   2.923540823440e-04  -6.412671040230e-05 0.0  -2.901992409850e-04  -2.987958839960e-04 
5*0.0  -5.209017607820e-04   3.950815052800e-05 0.0   3.019222674750e-04   2.357891004510e-04 5*0.0   2.883179549300e-04  -6.320610775410e-05 0.0  -2.848847689010e-04  -2.948834591180e-04 
5*0.0  -5.002330464420e-04   3.808325767760e-05 0.0   2.910381949440e-04   2.297660449760e-04 5*0.0   2.846394000610e-04  -6.230026349340e-05 0.0  -2.797245260460e-04  -2.910117855290e-04 
5*0.0  -4.803546532070e-04   3.671810958180e-05 0.0   2.805734622500e-04   2.239662402260e-04 5*0.0   2.812976308370e-04  -6.140816644360e-05 0.0  -2.747101148540e-04  -2.871769545540e-04 
5*0.0  -4.612412154210e-04   3.541024015150e-05 0.0   2.705125073280e-04   2.183800368950e-04 5*0.0   2.782726601440e-04  -6.052886816190e-05 0.0  -2.698335364280e-04  -2.833753037640e-04 
5*0.0  -4.428680271560e-04   3.415727308030e-05 0.0   2.608402731990e-04   2.129981359690e-04 5*0.0   2.755452783400e-04  -5.966148045390e-05 0.0  -2.650871746710e-04  -2.796034068420e-04 
5*0.0  -4.252110291960e-04   3.295691898100e-05 0.0   2.515421945300e-04   2.078115784170e-04 5*0.0   2.730970302730e-04  -5.880517242720e-05 0.0  -2.604637826930e-04  -2.758580638840e-04 
5*0.0  -4.082467957180e-04   3.180697255100e-05 0.0   2.426041840320e-04   2.028117352330e-04 5*0.0   2.709101941050e-04  -5.795916807970e-05 0.0  -2.559564690480e-04  -2.721362919770e-04 
5*0.0  -3.919525212950e-04   3.070530994910e-05 0.0   2.340126193870e-04   1.979902978610e-04 5*0.0   2.689677574680e-04  -5.712274338900e-05 0.0  -2.515586844170e-04  -2.684353176200e-04 
5*0.0  -3.763060088530e-04   2.964988630480e-05 0.0   2.257543303060e-04   1.933392682990e-04 5*0.0   2.672533993120e-04  -5.629522442140e-05 0.0  -2.472642084350e-04  -2.647525660660e-04 
5*0.0  -3.612856562430e-04   2.863873294900e-05 0.0   2.178165862810e-04   1.888509501920e-04 5*0.0   2.657514665240e-04  -5.547598438590e-05 0.0  -2.430671378680e-04  -2.610856546690e-04 
5*0.0  -3.468704450080e-04   2.766995514660e-05 0.0   2.101870834280e-04   1.845179390760e-04 5*0.0   2.644469555110e-04  -5.466444162360e-05 0.0  -2.389618728640e-04  -2.574323829490e-04 
5*0.0  -3.330399269660e-04   2.674172974450e-05 0.0   2.028539336820e-04   1.803331144500e-04 5*0.0   2.633254920790e-04  -5.386005780830e-05 0.0  -2.349431073370e-04  -2.537907265840e-04 
5*0.0  -3.197742135900e-04   2.585230272300e-05 0.0   1.958056517620e-04   1.762896300820e-04 5*0.0   2.623733113900e-04  -5.306233515740e-05 0.0  -2.310058150040e-04  -2.501588282180e-04 
5*0.0  -3.070539620200e-04   2.499998678940e-05 0.0   1.890311449710e-04   1.723809066980e-04 5*0.0   2.615772393680e-04  -5.227081468130e-05 0.0  -2.271452410830e-04  -2.465349914130e-04 
5*0.0  -2.948603658540e-04   2.418315964260e-05 0.0   1.825197008060e-04   1.686006226150e-04 5*0.0   2.609246753790e-04  -5.148507453010e-05 0.0  -2.233568888840e-04  -2.429176718060e-04 
5*0.0  -2.831751416510e-04   2.340026139940e-05 0.0   1.762609766870e-04   1.649427066050e-04 5*0.0   2.604035723860e-04  -5.070472769830e-05 0.0  -2.196365110090e-04  -2.393054720580e-04 
5*0.0  -2.719805183870e-04   2.264979272900e-05 0.0   1.702449890890e-04   1.614013296220e-04 5*0.0   2.600024210740e-04  -4.992942048050e-05 0.0  -2.159800987760e-04  -2.356971336110e-04 
5*0.0  -2.612592263440e-04   2.193031280350e-05 0.0   1.644621029720e-04   1.579708971080e-04 5*0.0   2.597102315870e-04  -4.915883062680e-05 0.0  -2.123838721740e-04  -2.320915308410e-04 
5*0.0  -2.509944855560e-04   2.124043735790e-05 0.0   1.589030216850e-04   1.546460419400e-04 5*0.0   2.595165179770e-04  -4.839266582860e-05 0.0  -2.088442707990e-04  -2.284876644500e-04 
5*0.0  -2.411699950160e-04   2.057883671160e-05 0.0   1.535587770230e-04   1.514216169220e-04 5*0.0   2.594112799150e-04  -4.763066184350e-05 0.0  -2.053579446570e-04  -2.248846563610e-04 
5*0.0  -2.317699223270e-04   1.994423405320e-05 0.0   1.484207193380e-04   1.482926877520e-04 5*0.0   2.593849891590e-04  -4.687258136260e-05 0.0  -2.019217448170e-04  -2.212817424080e-04 
5*0.0  -2.227788931210e-04   1.933540358590e-05 0.0   1.434805080630e-04   1.452545259420e-04 5*0.0   2.594285726090e-04  -4.611821219780e-05 0.0  -1.985327149420e-04  -2.176782672040e-04 
5*0.0  -2.141819795120e-04   1.875116863410e-05 0.0   1.387301026390e-04   1.423026027260e-04 5*0.0   2.595333964150e-04  -4.536736583250e-05 0.0  -1.951880836680e-04  -2.140736796930e-04 
5*0.0  -2.059646919400e-04   1.819040036850e-05 0.0   1.341617532520e-04   1.394325817880e-04 5*0.0   2.596912541370e-04  -4.461987663290e-05 0.0  -1.918852556030e-04  -2.104675257350e-04 
5*0.0  -1.981129671060e-04   1.765201569870e-05 0.0   1.297679921010e-04   1.366403134180e-04 5*0.0   2.598943490770e-04  -4.387559983830e-05 0.0  -1.886218040740e-04  -2.068594449870e-04 
5*0.0  -1.906131590070e-04   1.713497592120e-05 0.0   1.255416247470e-04   1.339218281300e-04 5*0.0   2.601352819080e-04  -4.313441065380e-05 0.0  -1.853954634350e-04  -2.032491649660e-04 
5*0.0  -1.834520290530e-04   1.663828516970e-05 0.0   1.214757218670e-04   1.312733307160e-04 5*0.0   2.604070371470e-04  -4.239620311750e-05 0.0  -1.822041221340e-04  -1.996364963250e-04 
5*0.0  -1.766167368740e-04   1.616098898600e-05 0.0   1.175636107290e-04   1.286911941330e-04 5*0.0   2.607029696330e-04  -4.166088893240e-05 0.0  -1.790458148050e-04  -1.960213282290e-04 
5*0.0  -1.700948296800e-04   1.570217258280e-05 0.0   1.137988677050e-04   1.261719542660e-04 5*0.0   2.610167907230e-04  -4.092839611700e-05 0.0  -1.759187168610e-04  -1.924036245850e-04 
5*0.0  -1.638742345460e-04   1.526095982850e-05 0.0   1.101753099890e-04   1.237123038710e-04 5*0.0   2.613425570770e-04  -4.019866831950e-05 0.0  -1.728211364720e-04  -1.887834187470e-04 
5*0.0  -1.579432479860e-04   1.483651152200e-05 0.0   1.066869884550e-04   1.213090875320e-04 5*0.0   2.616746574130e-04  -3.947166356470e-05 0.0  -1.697515094400e-04  -1.851608101180e-04 
5*0.0  -1.522905278430e-04   1.442802430120e-05 0.0   1.033281798730e-04   1.189592961840e-04 5*0.0   2.620078010440e-04  -3.874735340050e-05 0.0  -1.667083922100e-04  -1.815359597680e-04 
5*0.0  -1.469050841260e-04   1.403472931710e-05 0.0   1.000933801250e-04   1.166600621450e-04 5*0.0   2.623370059940e-04  -3.802572200490e-05 0.0  -1.636904567460e-04  -1.779090869520e-04 
5*0.0  -1.417762705440e-04   1.365589092690e-05 0.0   9.697729678710e-05   1.144086539960e-04 5*0.0   2.626575880050e-04  -3.730676526890e-05 0.0  -1.606964840490e-04  -1.742804650040e-04 
5*0.0  -1.368937755280e-04   1.329080545220e-05 0.0   9.397484273990e-05   1.122024720090e-04 5*0.0   2.629651489920e-04  -3.659048986020e-05 0.0  -1.577253596250e-04  -1.706504183260e-04 
5*0.0  -1.322476147220e-04   1.293880019070e-05 0.0   9.108112912340e-05   1.100390431080e-04 5*0.0   2.632555668770e-04  -3.587691262760e-05 0.0  -1.547760673240e-04  -1.670193184780e-04 
5*0.0  -1.278281220860e-04   1.259923207120e-05 0.0   8.829145907020e-05   1.079160165280e-04 5*0.0   2.635249849870e-04  -3.516605966080e-05 0.0  -1.518476846510e-04  -1.633875811240e-04 
5*0.0  -1.236259421720e-04   1.227148671590e-05 0.0   8.560132148090e-05   1.058311594000e-04 5*0.0   2.637698019210e-04  -3.445796568680e-05 0.0  -1.489393781740e-04  -1.597556630060e-04 
5*0.0  -1.196320225190e-04   1.195497733430e-05 0.0   8.300638461560e-05   1.037823521340e-04 5*0.0   2.639866622640e-04  -3.375267341270e-05 0.0  -1.460503979410e-04  -1.561240583100e-04 
5*0.0  -1.158376049340e-04   1.164914353340e-05 0.0   8.050249050210e-05   1.017675847420e-04 5*0.0   2.641724453770e-04  -3.305023247570e-05 0.0  -1.431800740940e-04  -1.524932969520e-04 
5*0.0  -1.122342192990e-04   1.135345063410e-05 0.0   7.808564884560e-05   9.978495226080e-05 5*0.0   2.643242587670e-04  -3.235069946720e-05 0.0  -1.403278114320e-04  -1.488639402470e-04 
5*0.0  -1.088136750790e-04   1.106738844390e-05 0.0   7.575203147150e-05   9.783265107340e-05 5*0.0   2.644394268010e-04  -3.165413679680e-05 0.0  -1.374930858430e-04  -1.452365794130e-04 
5*0.0  -1.055680542900e-04   1.079047040470e-05 0.0   7.349796693200e-05   9.590897510950e-05 5*0.0   2.645154827920e-04  -3.096061229760e-05 0.0  -1.346754401820e-04  -1.416118327550e-04 
5*0.0  -1.024897046440e-04   1.052223273670e-05 0.0   7.131993503440e-05   9.401231190090e-05 5*0.0   2.645501610980e-04  -3.027019882320e-05 0.0  -1.318744801560e-04  -1.379903426100e-04 
5*0.0  -9.957123228150e-05   1.026223350620e-05 0.0   6.921456173820e-05   9.214113917640e-05 5*0.0   2.645413880980e-04  -2.958297351170e-05 0.0  -1.290898708160e-04  -1.343727736090e-04 
5*0.0  -9.680549472880e-05   1.001005171910e-05 0.0   6.717861398300e-05   9.029402123060e-05 5*0.0   2.644872739920e-04  -2.889901730570e-05 0.0  -1.263213327060e-04  -1.307598104200e-04 
5*0.0  -9.418559467610e-05   9.765286702550e-06 0.0   6.520899508200e-05   8.846960558810e-05 5*0.0   2.643861063000e-04  -2.821841475940e-05 0.0  -1.235686389630e-04  -1.271521550460e-04 
5*0.0  -9.170487285180e-05   9.527557085990e-06 0.0   6.330273967110e-05   8.666661971550e-05 5*0.0   2.642363411750e-04  -2.754125331180e-05 0.0  -1.208316114970e-04  -1.235505253290e-04 
5*0.0  -8.935690201210e-05   9.296500166970e-06 0.0   6.145700911530e-05   8.488386765100e-05 5*0.0   2.640365966200e-04  -2.686762296430e-05 0.0  -1.181101178000e-04  -1.199556525310e-04 
5*0.0  -8.713548022200e-05   9.071771153720e-06 0.0   5.966908720980e-05   8.312022720270e-05 5*0.0   2.637856452840e-04  -2.619761592340e-05 0.0  -1.154040684290e-04  -1.163682798860e-04 
5*0.0  -8.503462472320e-05   8.853042359960e-06 0.0   5.793637565650e-05   8.137464675200e-05 5*0.0   2.634824075540e-04  -2.553132617140e-05 0.0  -1.127134136870e-04  -1.127891606360e-04 
5*0.0  -8.304856638110e-05   8.640002666000e-06 0.0   5.625638979380e-05   7.964614216680e-05 5*0.0   2.631259455470e-04  -2.486884916230e-05 0.0  -1.100381407330e-04  -1.092190556440e-04 
5*0.0  -8.117174306010e-05   8.432356701710e-06 0.0   5.462675461070e-05   7.793379434980e-05 5*0.0   2.627154557410e-04  -2.421028144480e-05 0.0  -1.073782712490e-04  -1.056587328740e-04 
5*0.0  -7.939879422720e-05   8.229824308340e-06 0.0   5.304520072050e-05   7.623674628240e-05 5*0.0   2.622502634820e-04  -2.355572043320e-05 0.0  -1.047338588070e-04  -1.021089651910e-04 
5*0.0  -7.772455502550e-05   8.032139852780e-06 0.0   5.150956041790e-05   7.455420039050e-05 5*0.0   2.617298165200e-04  -2.290526398280e-05 0.0  -1.021049862660e-04  -9.857052897230e-05 
5*0.0  -7.614405094810e-05   7.839051593320e-06 0.0   5.001776401020e-05   7.288541593530e-05 5*0.0   2.611536798230e-04  -2.225901020440e-05 0.0  -9.949176353010e-05  -9.504420231260e-05 
5*0.0  -7.465249220260e-05   7.650321193170e-06 0.0   4.856783603910e-05   7.122970666940e-05 5*0.0   2.605215288850e-04  -2.161705715100e-05 0.0  -9.689432526100e-05  -9.153076463750e-05 
5*0.0  -7.324526864420e-05   7.465723102560e-06 0.0   4.715789194750e-05   6.958643826030e-05 5*0.0   2.598331454780e-04  -2.097950266730e-05 0.0  -9.431282897100e-05  -8.803099437400e-05 
5*0.0  -7.191794413470e-05   7.285043974310e-06 0.0   4.578613451930e-05   6.795502612260e-05 5*0.0   2.590884115280e-04  -2.034644402930e-05 0.0  -9.174745270970e-05  -8.454566841600e-05 
5*0.0  -7.066625198960e-05   7.108082235980e-06 0.0   4.445085053360e-05   6.633493305150e-05 5*0.0   2.582873042780e-04  -1.971797781300e-05 0.0  -8.919839325470e-05  -8.107556080850e-05 
5*0.0  -6.948608954950e-05   6.934647489130e-06 0.0   4.315040765200e-05   6.472566711070e-05 5*0.0   2.574298915890e-04  -1.909419969120e-05 0.0  -8.666586439570e-05  -7.762144148790e-05 
5*0.0  -6.837351379110e-05   6.764560085420e-06 0.0   4.188325107510e-05   6.312677933860e-05 5*0.0   2.565163268830e-04  -1.847520420420e-05 0.0  -8.415009454660e-05  -7.418407530840e-05 
5*0.0  -6.732473606960e-05   6.597650657980e-06 0.0   4.064790089250e-05   6.153786207580e-05 5*0.0   2.555468448840e-04  -1.786108468770e-05 0.0  -8.165132618750e-05  -7.076422128410e-05 
5*0.0  -6.633611773100e-05   6.433759536310e-06 0.0   3.944294879170e-05   5.995854666010e-05 5*0.0   2.545217564380e-04  -1.725193285790e-05 0.0  -7.916981324100e-05  -6.736263156510e-05 
5*0.0  -6.540416583540e-05   6.272736563720e-06 0.0   3.826705538980e-05   5.838850165710e-05 5*0.0   2.534414453360e-04  -1.664783906070e-05 0.0  -7.670581994570e-05  -6.398005043330e-05 
5*0.0  -6.452552818670e-05   6.114440391070e-06 0.0   3.711894753470e-05   5.682743103520e-05 5*0.0   2.523063633990e-04  -1.604889175670e-05 0.0  -7.425961969990e-05  -6.061721355910e-05 
5*0.0  -6.369698950380e-05   5.958738269490e-06 0.0   3.599741541000e-05   5.527507228940e-05 5*0.0   2.511170267480e-04  -1.545517759830e-05 0.0  -7.183149297820e-05  -5.727484722810e-05 
5*0.0  -6.291546693560e-05   5.805505594500e-06 0.0   3.490131031280e-05   5.373119491470e-05 5*0.0   2.498740117430e-04  -1.486678127290e-05 0.0  -6.942172690510e-05  -5.395366800210e-05 
5*0.0  -6.217800608600e-05   5.654625478650e-06 0.0   3.382954189980e-05   5.219559859970e-05 5*0.0   2.485779516160e-04  -1.428378532630e-05 0.0  -6.703061348100e-05  -5.065438159080e-05 
5*0.0  -6.148177677520e-05   5.505988473900e-06 0.0   3.278107580530e-05   5.066811158730e-05 5*0.0   2.472295326420e-04  -1.370627020270e-05 0.0  -6.465844830830e-05  -4.737768203440e-05 
5*0.0  -6.082406954920e-05   5.359492189100e-06 0.0   3.175493137220e-05   4.914858926900e-05 5*0.0   2.458294909910e-04  -1.313431405170e-05 0.0  -6.230552995590e-05  -4.412425179300e-05 
5*0.0  -6.020229134560e-05   5.215040902190e-06 0.0   3.075017947520e-05   4.763691267970e-05 5*0.0   2.443786089900e-04  -1.256799262990e-05 0.0  -5.997215876080e-05  -4.089476086670e-05 
5*0.0  -5.961396227050e-05   5.072545328110e-06 0.0   2.976594013010e-05   4.613298695220e-05 5*0.0   2.428777123830e-04  -1.200737932060e-05 0.0  -5.765863554120e-05  -3.768986615020e-05 
5*0.0  -5.905671146300e-05   4.931922206820e-06 0.0   2.880138061440e-05   4.463674008550e-05 5*0.0   2.413276668400e-04  -1.145254497200e-05 0.0  -5.536526117170e-05  -3.451021128910e-05 
5*0.0  -5.852827398320e-05   4.793094101690e-06 0.0   2.785571325380e-05   4.314812146700e-05 5*0.0   2.397293754790e-04  -1.090355795790e-05 0.0  -5.309233528070e-05  -3.135642590380e-05 
5*0.0  -5.802648705430e-05   4.655989014550e-06 0.0   2.692819356510e-05   4.166710071890e-05 5*0.0   2.380837755010e-04  -1.036048396680e-05 0.0  -5.084015575020e-05  -2.822912553870e-05 
5*0.0  -5.754928685310e-05   4.520540161020e-06 0.0   2.601811836810e-05   4.019366640090e-05 5*0.0   2.363918358320e-04  -9.823386078610e-06 0.0  -4.860901785070e-05  -2.512891108220e-05 
5*0.0  -5.709470536710e-05   4.386685783420e-06 0.0   2.512482380150e-05   3.872782478300e-05 5*0.0   2.346545546990e-04  -9.292324818640e-06 0.0  -4.639921335240e-05  -2.205636845530e-05 
5*0.0  -5.666086661940e-05   4.254368670910e-06 0.0   2.424768381900e-05   3.726959888160e-05 5*0.0   2.328729561730e-04  -8.767357786090e-06 0.0  -4.421103029150e-05  -1.901206867200e-05 
5*0.0  -5.624598439990e-05   4.123536159690e-06 0.0   2.338610815040e-05   3.581902705210e-05 5*0.0   2.310480891110e-04  -8.248540031100e-06 0.0  -4.204475174860e-05  -1.599656681200e-05 
5*0.0  -5.584835850930e-05   3.994139733910e-06 0.0   2.253954100860e-05   3.437616227510e-05 5*0.0   2.291810235820e-04  -7.735923754880e-06 0.0  -3.990065591620e-05  -1.301040275150e-05 
5*0.0  -5.546637222410e-05   3.866134873050e-06 0.0   2.170745917170e-05   3.294107086500e-05 5*0.0   2.272728495260e-04  -7.229558432150e-06 0.0  -3.777901497540e-05  -1.005410012080e-05 
5*0.0  -5.509848917520e-05   3.739480795840e-06 0.0   2.088937069660e-05   3.151383166350e-05 5*0.0   2.253246742000e-04  -6.729490746270e-06 0.0  -3.568009501030e-05  -7.128166615040e-06 
5*0.0  -5.474325076960e-05   3.614140296610e-06 0.0   2.008481333520e-05   3.009453506240e-05 5*0.0   2.233376202410e-04  -6.235764621040e-06 0.0  -3.360415542550e-05  -4.233093742790e-06 
5*0.0  -5.439927329370e-05   3.490079485920e-06 0.0   1.929335306570e-05   2.868328202130e-05 5*0.0   2.213128237190e-04  -5.748421159560e-06 0.0  -3.155144832850e-05  -1.369356503610e-06 
5*0.0  -5.406524530080e-05   3.367267646530e-06 0.0   1.851458289120e-05   2.728018338750e-05 5*0.0   2.192514321420e-04  -5.267498696390e-06 0.0  -2.952221857570e-05   1.462586308250e-06 
5*0.0  -5.373992516910e-05   3.245677030450e-06 0.0   1.774812130410e-05   2.588535881530e-05 5*0.0   2.171546031440e-04  -4.793032831950e-06 0.0  -2.751670287810e-05   4.262292834280e-06 
5*0.0  -5.342213837860e-05   3.125282704210e-06 0.0   1.699361117540e-05   2.449893626020e-05 5*0.0   2.150235020730e-04  -4.325056385880e-06 0.0  -2.553512995130e-05   7.029337407870e-06 
5*0.0  -5.311077513610e-05   3.006062297610e-06 0.0   1.625071845950e-05   2.312105097040e-05 5*0.0   2.128593007090e-04  -3.863599352770e-06 0.0  -2.357771993710e-05   9.763311234200e-06 
5*0.0  -5.280478823980e-05   2.887995978940e-06 0.0   1.551913101480e-05   2.175184489520e-05 5*0.0   2.106631761390e-04  -3.408689134000e-06 0.0  -2.164468415950e-05   1.246382229870e-05 
5*0.0  -5.250319029870e-05   2.771066167680e-06 0.0   1.479855753520e-05   2.039146601170e-05 5*0.0   2.084363083760e-04  -2.960350309010e-06 0.0  -1.973622512970e-05   1.513049499240e-05 
5*0.0  -5.220505197830e-05   2.655257474060e-06 0.0   1.408872638420e-05   1.904006756670e-05 5*0.0   2.061798796020e-04  -2.518604797490e-06 0.0  -1.785253604520e-05   1.776297051550e-05 
5*0.0  -5.190949958990e-05   2.540556527690e-06 0.0   1.338938454420e-05   1.769780744890e-05 5*0.0   2.038950728030e-04  -2.083471897600e-06 0.0  -1.599380064520e-05   2.036090681840e-05 
5*0.0  -5.161571288700e-05   2.426951824550e-06 0.0   1.270029671080e-05   1.636484768880e-05 5*0.0   2.015830700400e-04  -1.654968213600e-06 0.0  -1.416019329870e-05   2.292397821750e-05 
5*0.0  -5.132292329560e-05   2.314433625540e-06 0.0   1.202124418580e-05   1.504135373320e-05 5*0.0   1.992450518100e-04  -1.233107772960e-06 0.0  -1.235187849790e-05   2.545187583940e-05 
5*0.0  -5.103041171210e-05   2.202993818960e-06 0.0   1.135202406670e-05   1.372749399760e-05 5*0.0   1.968821958500e-04  -8.179020657540e-07 0.0  -1.056901099120e-05   2.794430724270e-05 
5*0.0  -5.073750601320e-05   2.092625776790e-06 0.0   1.069244835380e-05   1.242343948490e-05 5*0.0   1.944956737400e-04  -4.093598257240e-07 0.0  -8.811736072690e-06   3.040099551380e-05 
5*0.0  -5.044358120400e-05   1.983324433160e-06 0.0   1.004234290680e-05   1.112936270520e-05 5*0.0   1.920866562390e-04  -7.487871871480e-09 0.0  -7.080188053610e-06   3.282168170850e-05 
5*0.0  -5.014805462460e-05   1.875085731590e-06 0.0   9.401546910930e-06   9.845437953770e-06 5*0.0   1.896563036670e-04   3.877102164700e-07 0.0  -5.374492201120e-06   3.520612164030e-05 
5*0.0  -4.985038584850e-05   1.767906962370e-06 0.0   8.769911994410e-06   8.571840556150e-06 5*0.0   1.872057699840e-04   7.762329301470e-07 0.0  -3.694763760550e-06   3.755408694000e-05 
5*0.0  -4.955007650650e-05   1.661786598750e-06 0.0   8.147301133170e-06   7.308745847740e-06 5*0.0   1.847362048360e-04   1.158080922350e-06 0.0  -2.041106487050e-06   3.986536730740e-05 
5*0.0  -4.924666486620e-05   1.556723964330e-06 0.0   7.533588519560e-06   6.056329974780e-06 5*0.0   1.822487442780e-04   1.533257607090e-06 0.0  -4.136156379730e-07   4.213976550740e-05 
5*0.0  -4.893972740190e-05   1.452719380770e-06 0.0   6.928658561900e-06   4.814768381100e-06 5*0.0   1.797445180660e-04   1.901768326090e-06 0.0   1.187624120650e-06   4.437710169070e-05 
5*0.0  -4.862887606380e-05   1.349774042310e-06 0.0   6.332404974490e-06   3.584236152820e-06 5*0.0   1.772246448340e-04   2.263620762480e-06 0.0   2.762538736270e-06   4.657721053440e-05 
5*0.0  -4.831375595160e-05   1.247889614850e-06 0.0   5.744730713400e-06   2.364907285370e-06 5*0.0   1.746902302150e-04   2.618825361910e-06 0.0   4.311063285970e-06   4.873994226290e-05 
5*0.0  -4.799404575830e-05   1.147068799260e-06 0.0   5.165547011710e-06   1.156954481950e-06 5*0.0   1.721423715430e-04   2.967393871540e-06 0.0   5.833143296470e-06   5.086516251470e-05 
5*0.0  -4.766945534220e-05   1.047314777170e-06 0.0   4.594772559810e-06  -3.945123393700e-08 5*0.0   1.695821528860e-04   3.309340575170e-06 0.0   7.328734715570e-06   5.295275180110e-05 
5*0.0  -4.733972290060e-05   9.486310760550e-07 0.0   4.032333621480e-06  -1.224140501080e-06 5*0.0   1.670106430890e-04   3.644682125250e-06 0.0   8.797802311670e-06   5.500260458390e-05 
5*0.0  -4.700461651250e-05   8.510220800890e-07 0.0   3.478163076830e-06  -2.396946266930e-06 5*0.0   1.644289009580e-04   3.973436380880e-06 0.0   1.024032083000e-05   5.701463041890e-05 
5*0.0  -4.666393088490e-05   7.544921787300e-07 0.0   2.932199658880e-06  -3.557704089640e-06 5*0.0   1.618379700740e-04   4.295624084690e-06 0.0   1.165627570790e-05   5.898875372500e-05 
5*0.0  -4.631748649420e-05   6.590463763960e-07 0.0   2.394388133510e-06  -4.706251938490e-06 5*0.0   1.592388799540e-04   4.611267337550e-06 0.0   1.304566079590e-05   6.092491212090e-05 
5*0.0  -4.596512793430e-05   5.646897872660e-07 0.0   1.864678445090e-06  -5.842430734480e-06 5*0.0   1.566326442800e-04   4.920390468670e-06 0.0   1.440847955250e-05   6.282305720760e-05 
5*0.0  -4.560672429620e-05   4.714279619090e-07 0.0   1.343025148440e-06  -6.966084603430e-06 5*0.0   1.540202632820e-04   5.223019341660e-06 0.0   1.574474534910e-05   6.468315463550e-05 
5*0.0  -4.524216618800e-05   3.792665354590e-07 0.0   8.293873928240e-07  -8.077060885890e-06 5*0.0   1.514027209510e-04   5.519181699910e-06 0.0   1.705448014180e-05   6.650518310340e-05 
5*0.0  -4.487136612730e-05   2.882113485570e-07 0.0   3.237281543760e-07  -9.175210610750e-06 5*0.0   1.487809862350e-04   5.808907026570e-06 0.0   1.833771556370e-05   6.828913525700e-05 
