0.02, 500
0.0 0.094775 -0.103204 +0.029460 +0.023871 4*0.0 3.78 3.0 9*0.0
20*0.0
20*0.0
20*0.0
20*0.0
20*0.0
20*0.0
20*0.0
20*0.0
20*0.0
20*0.0
20*0.0
20*0.0
20*0.0
20*0.0
20*0.0
20*0.0
20*0.0
20*0.0
20*0.0
5*0.0  -1.147968910330e+00  -1.621708598130e+00 0.0   1.691249173730e-01  -1.319704502880e+00 5*0.0   8.128177338400e-01   9.302174284960e-01 0.0   1.755643775570e-01   9.010111148240e-01 
5*0.0  -1.092552141670e+00  -1.597829629720e+00 0.0   1.450764547730e-01  -1.267536809440e+00 5*0.0   7.962689130500e-01   9.242349418790e-01 0.0   1.854497841600e-01   8.951545758290e-01 
5*0.0  -1.037341341870e+00  -1.573606594760e+00 0.0   1.197535677210e-01  -1.219962693950e+00 5*0.0   7.792346256070e-01   9.180329352540e-01 0.0   1.953863364010e-01   8.893116108300e-01 
5*0.0  -9.824921286710e-01  -1.549096765640e+00 0.0   9.338476605410e-02  -1.176725048120e+00 5*0.0   7.617490842650e-01   9.116196789400e-01 0.0   2.053605410970e-01   8.834922301860e-01 
5*0.0  -9.281449765670e-01  -1.524354035560e+00 0.0   6.618290139540e-02  -1.137558523050e+00 5*0.0   7.438462418560e-01   9.050034853200e-01 0.0   2.153585560860e-01   8.777045070920e-01 
5*0.0  -8.744260646510e-01  -1.499429005050e+00 0.0   3.834519130990e-02  -1.102194736900e+00 5*0.0   7.255597004570e-01   8.981926881790e-01 0.0   2.253663045380e-01   8.719547477740e-01 
5*0.0  -8.214481311360e-01  -1.474369081430e+00 0.0   1.005345852190e-02  -1.070366381800e+00 5*0.0   7.069226296300e-01   8.911956235030e-01 0.0   2.353695795200e-01   8.662476579310e-01 
5*0.0  -7.693113082980e-01  -1.449218588460e+00 0.0  -1.852546852500e-02  -1.041810421530e+00 5*0.0   6.879676932770e-01   8.840206116630e-01 0.0   2.453541390840e-01   8.605865036410e-01 
5*0.0  -7.181039381970e-01  -1.424018881200e+00 0.0  -4.723923531560e-02  -1.016270541460e+00 5*0.0   6.687269845370e-01   8.766759409700e-01 0.0   2.553057922890e-01   8.549732654460e-01 
5*0.0  -6.679033600480e-01  -1.398808464680e+00 0.0  -7.594935512860e-02  -9.934989918610e-01 5*0.0   6.492319683140e-01   8.691698524960e-01 0.0   2.652104765420e-01   8.494087849900e-01 
5*0.0  -6.187766643430e-01  -1.373623115340e+00 0.0  -1.045305480150e-01  -9.732579322830e-01 5*0.0   6.295134308770e-01   8.615105261580e-01 0.0   2.750543267470e-01   8.438929033130e-01 
5*0.0  -5.707814177970e-01  -1.348496001710e+00 0.0  -1.328700434020e-01  -9.553203756570e-01 5*0.0   6.096014360860e-01   8.537060679610e-01 0.0   2.848237367220e-01   8.384245906930e-01 
5*0.0  -5.239663513860e-01  -1.323457805600e+00 0.0  -1.608668656930e-01  -9.394708090660e-01 5*0.0   5.895252877630e-01   8.457644983710e-01 0.0   2.945054133660e-01   8.330020677500e-01 
5*0.0  -4.783720173750e-01  -1.298536840920e+00 0.0  -1.884311169330e-01  -9.255055527450e-01 5*0.0   5.693134978020e-01   8.376937417500e-01 0.0   3.040864240670e-01   8.276229178130e-01 
5*0.0  -4.340314131700e-01  -1.273759170610e+00 0.0  -2.154832650650e-01  -9.132329148120e-01 5*0.0   5.489937593230e-01   8.295016167700e-01 0.0   3.135542377660e-01   8.222841908280e-01 
5*0.0  -3.909705724490e-01  -1.249148721040e+00 0.0  -2.419534462600e-01  -9.024731779470e-01 5*0.0   5.285929250930e-01   8.211958278290e-01 0.0   3.228967602750e-01   8.169824985050e-01 
5*0.0  -3.492091270640e-01  -1.224727392870e+00 0.0  -2.677807871760e-01  -8.930584596970e-01 5*0.0   5.081369899980e-01   8.127839573080e-01 0.0   3.321023641020e-01   8.117141015970e-01 
5*0.0  -3.087608374270e-01  -1.200515169430e+00 0.0  -2.929127522170e-01  -8.848324699550e-01 5*0.0   4.876510777720e-01   8.042734586870e-01 0.0   3.411599133540e-01   8.064749892130e-01 
5*0.0  -2.696340966310e-01  -1.176530220770e+00 0.0  -3.173045152050e-01  -8.776501916040e-01 5*0.0   4.671594314270e-01   7.956716504510e-01 0.0   3.500587840470e-01   8.012609506130e-01 
5*0.0  -2.318324041860e-01  -1.152789004960e+00 0.0  -3.409183613350e-01  -8.713775017910e-01 5*0.0   4.466854070720e-01   7.869857107230e-01 0.0   3.587888802330e-01   7.960676398930e-01 
5*0.0  -1.953548150490e-01  -1.129306365430e+00 0.0  -3.637231180460e-01  -8.658907500970e-01 5*0.0   4.262514708080e-01   7.782226725970e-01 0.0   3.673406463000e-01   7.908906339340e-01 
5*0.0  -1.601963652500e-01  -1.106095623890e+00 0.0  -3.856936141120e-01  -8.610763058660e-01 5*0.0   4.058791984140e-01   7.693894201050e-01 0.0   3.757050757710e-01   7.857254840280e-01 
5*0.0  -1.263484655070e-01  -1.083168671860e+00 0.0  -4.068101708740e-01  -8.568300844650e-01 5*0.0   3.855892775530e-01   7.604926847860e-01 0.0   3.838737169390e-01   7.805677615690e-01 
5*0.0  -9.379927668940e-02  -1.060536056670e+00 0.0  -4.270581221180e-01  -8.530570611460e-01 5*0.0   3.654015122400e-01   7.515390428140e-01 0.0   3.918386756240e-01   7.754130982290e-01 
5*0.0  -6.253406369200e-02  -1.038207063730e+00 0.0  -4.464273609200e-01  -8.496707804430e-01 5*0.0   3.453348293390e-01   7.425349126350e-01 0.0   3.995926153450e-01   7.702572210040e-01 
5*0.0  -3.253552454570e-02  -1.016189795960e+00 0.0  -4.649119153000e-01  -8.465928648800e-01 5*0.0   3.254072868830e-01   7.334865530970e-01 0.0   4.071287551360e-01   7.650959825190e-01 
5*0.0  -3.784090418120e-03  -9.944912516310e-01 0.0  -4.825095541530e-01  -8.437525274170e-01 5*0.0   3.056360839930e-01   7.244000620070e-01 0.0   4.144408653010e-01   7.599253869540e-01 
5*0.0   2.374177936270e-02  -9.731173945000e-01 0.0  -4.992214136500e-01  -8.410860939780e-01 5*0.0   2.860375722340e-01   7.152813751140e-01 0.0   4.215232612650e-01   7.547416119730e-01 
5*0.0   5.006533773340e-02  -9.520732250620e-01 0.0  -5.150516530320e-01  -8.385365353970e-01 5*0.0   2.666272682330e-01   7.061362654550e-01 0.0   4.283707957950e-01   7.495410269630e-01 
5*0.0   7.521129891210e-02  -9.313628451970e-01 0.0  -5.300071321230e-01  -8.360530142600e-01 5*0.0   2.474198673840e-01   6.969703430640e-01 0.0   4.349788497450e-01   7.443202079340e-01 
5*0.0   9.920561274960e-02  -9.109895218730e-01 0.0  -5.440971123230e-01  -8.335904461000e-01 5*0.0   2.284292585330e-01   6.877890549880e-01 0.0   4.413433215130e-01   7.390759493780e-01 
5*0.0   1.220752546270e-01  -8.909557467870e-01 0.0  -5.573329801510e-01  -8.311090775200e-01 5*0.0   2.096685394720e-01   6.785976856030e-01 0.0   4.474606153870e-01   7.338052733710e-01 
5*0.0   1.438480298370e-01  -8.712632926650e-01 0.0  -5.697279893690e-01  -8.285740826990e-01 5*0.0   1.911500331520e-01   6.694013571990e-01 0.0   4.533276289150e-01   7.285054362020e-01 
5*0.0   1.645523984050e-01  -8.519132673430e-01 0.0  -5.812970246450e-01  -8.259551775240e-01 5*0.0   1.728853044950e-01   6.602050308080e-01 0.0   4.589417394530e-01   7.231739327650e-01 
5*0.0   1.842173133040e-01  -8.329061649790e-01 0.0  -5.920563830770e-01  -8.232262532370e-01 5*0.0   1.548851776990e-01   6.510135072590e-01 0.0   4.643007900210e-01   7.178084989690e-01 
5*0.0   2.028720725220e-01  -8.142419138410e-01 0.0  -6.020235724430e-01  -8.203650289770e-01 5*0.0   1.371597539650e-01   6.418314284320e-01 0.0   4.694030745710e-01   7.124071123730e-01 
5*0.0   2.205461869590e-01  -7.959199222130e-01 0.0  -6.112171273910e-01  -8.173527237080e-01 5*0.0   1.197184295380e-01   6.326632787020e-01 0.0   4.742473227980e-01   7.069679912570e-01 
5*0.0   2.372692590360e-01  -7.779391210400e-01 0.0  -6.196564398710e-01  -8.141737469930e-01 5*0.0   1.025699140140e-01   6.235133865480e-01 0.0   4.788326845780e-01   7.014895923090e-01 
5*0.0   2.530708758470e-01  -7.602980048210e-01 0.0  -6.273616046660e-01  -8.108154086920e-01 5*0.0   8.572224882740e-02   6.143859263110e-01 0.0   4.831587141290e-01   6.959706071180e-01 
5*0.0   2.679805104480e-01  -7.429946691040e-01 0.0  -6.343532780900e-01  -8.072676472010e-01 5*0.0   6.918282586550e-02   6.052849200900e-01 0.0   4.872253539770e-01   6.904099576030e-01 
5*0.0   2.820274390160e-01  -7.260268470680e-01 0.0  -6.406525509270e-01  -8.035227749140e-01 5*0.0   5.295840615690e-02   5.962142397600e-01 0.0   4.910329188070e-01   6.848067905620e-01 
5*0.0   2.952406618920e-01  -7.093919425380e-01 0.0  -6.462808309920e-01  -7.995752420310e-01 5*0.0   3.705513858450e-02   5.871776090970e-01 0.0   4.945820792570e-01   6.791604714350e-01 
5*0.0   3.076488393530e-01  -6.930870619860e-01 0.0  -6.512597391070e-01  -7.954214161360e-01 5*0.0   2.147857857170e-02   5.781786059950e-01 0.0   4.978738457450e-01   6.734705774290e-01 
5*0.0   3.192802307440e-01  -6.771090435020e-01 0.0  -6.556110135230e-01  -7.910593784380e-01 5*0.0   6.233706715250e-03   5.692206647770e-01 0.0   5.009095523140e-01   6.677368901130e-01 
5*0.0   3.301626463470e-01  -6.614544849150e-01 0.0  -6.593564255460e-01  -7.864887349600e-01 5*0.0  -8.675052681090e-03   5.603070785720e-01 0.0   5.036908406550e-01   6.619593875610e-01 
5*0.0   3.403234027720e-01  -6.461197691960e-01 0.0  -6.625177030750e-01  -7.817104423490e-01 5*0.0  -2.324381319790e-02   5.514410017590e-01 0.0   5.062196442560e-01   6.561382361610e-01 
5*0.0   3.497892866510e-01  -6.311010885770e-01 0.0  -6.651164626220e-01  -7.767266479710e-01 5*0.0  -3.746920804510e-02   5.426254524700e-01 0.0   5.084981727410e-01   6.502737821550e-01 
5*0.0   3.585865248260e-01  -6.163944670930e-01 0.0  -6.671741495210e-01  -7.715405422000e-01 5*0.0  -5.134837198750e-02   5.338633151330e-01 0.0   5.105288964870e-01   6.443665429740e-01 
5*0.0   3.667407585740e-01  -6.019957812320e-01 0.0  -6.687119845320e-01  -7.661562238630e-01 5*0.0  -6.487892346880e-02   5.251573430640e-01 0.0   5.123145314590e-01   6.384171984690e-01 
5*0.0   3.742770234180e-01  -5.879007791970e-01 0.0  -6.697509170390e-01  -7.605785768650e-01 5*0.0  -7.805894695670e-02   5.165101610820e-01 0.0   5.138580243690e-01   6.324265820440e-01 
5*0.0   3.812197336660e-01  -5.741050988830e-01 0.0  -6.703115843900e-01  -7.548131578060e-01 5*0.0  -9.088697552350e-02   5.079242681550e-01 0.0   5.151625381360e-01   6.263956717900e-01 
5*0.0   3.875926715140e-01  -5.606042847380e-01 0.0  -6.704142777530e-01  -7.488660938250e-01 5*0.0  -1.033619736770e-01   4.994020400700e-01 0.0   5.162314376950e-01   6.203255816140e-01 
5*0.0   3.934189785570e-01  -5.473938026200e-01 0.0  -6.700789085320e-01  -7.427439892380e-01 5*0.0  -1.154833204590e-01   4.909457321080e-01 0.0   5.170682761480e-01   6.142175525170e-01 
5*0.0   3.987211506780e-01  -5.344690543210e-01 0.0  -6.693249874010e-01  -7.364538422000e-01 5*0.0  -1.272507928130e-01   4.825574817330e-01 0.0   5.176767812630e-01   6.080729438240e-01 
5*0.0   4.035210373720e-01  -5.218253906340e-01 0.0  -6.681715993510e-01  -7.300029688240e-01 5*0.0  -1.386645492330e-01   4.742393112900e-01 0.0   5.180608423900e-01   6.018932246850e-01 
5*0.0   4.078398415880e-01  -5.094581232420e-01 0.0  -6.666373876530e-01  -7.233989342380e-01 5*0.0  -1.497251137230e-01   4.659931307000e-01 0.0   5.182244977270e-01   5.956799656580e-01 
5*0.0   4.116981230250e-01  -4.973625358110e-01 0.0  -6.647405387020e-01  -7.166494919470e-01 5*0.0  -1.604333600240e-01   4.578207401470e-01 0.0   5.181719219910e-01   5.894348304960e-01 
5*0.0   4.151158033830e-01  -4.855338942410e-01 0.0  -6.624987714450e-01  -7.097625286190e-01 5*0.0  -1.707904961720e-01   4.497238327630e-01 0.0   5.179074144920e-01   5.831595681130e-01 
5*0.0   4.181121723610e-01  -4.739674556900e-01 0.0  -6.599293289030e-01  -7.027460151960e-01 5*0.0  -1.807980493560e-01   4.417039973060e-01 0.0   5.174353875870e-01   5.768560047770e-01 
5*0.0   4.207058962120e-01  -4.626584774430e-01 0.0  -6.570489716650e-01  -6.956079634910e-01 5*0.0  -1.904578510800e-01   4.337627208150e-01 0.0   5.167603555580e-01   5.705260365220e-01 
5*0.0   4.229150273440e-01  -4.516022243310e-01 0.0  -6.538739755670e-01  -6.883563874090e-01 5*0.0  -1.997720226490e-01   4.259013912600e-01 0.0   5.158869238640e-01   5.641716217940e-01 
5*0.0   4.247570136110e-01  -4.407939757890e-01 0.0  -6.504201287560e-01  -6.809992690680e-01 5*0.0  -2.087429609660e-01   4.181213001610e-01 0.0   5.148197788180e-01   5.577947743430e-01 
5*0.0   4.262487113560e-01  -4.302290325910e-01 0.0  -6.467027330840e-01  -6.735445288640e-01 5*0.0  -2.173733246630e-01   4.104236452010e-01 0.0   5.135636776420e-01   5.513975563680e-01 
5*0.0   4.274063961710e-01  -4.199027222740e-01 0.0  -6.427366052430e-01  -6.659999993490e-01 5*0.0  -2.256660205130e-01   4.028095327990e-01 0.0   5.121234389170e-01   5.449820719120e-01 
5*0.0   4.282457759090e-01  -4.098104044860e-01 0.0  -6.385360803090e-01  -6.583734026270e-01 5*0.0  -2.336241902120e-01   3.952799806740e-01 0.0   5.105039334280e-01   5.385504605090e-01 
5*0.0   4.287820038400e-01  -3.999474757940e-01 0.0  -6.341150159430e-01  -6.506723306600e-01 5*0.0  -2.412511974350e-01   3.878359203730e-01 0.0   5.087100753840e-01   5.321048911070e-01 
5*0.0   4.290296920540e-01  -3.903093737530e-01 0.0  -6.294867983020e-01  -6.429042286760e-01 5*0.0  -2.485506152380e-01   3.804781997730e-01 0.0   5.067468140180e-01   5.256475562320e-01 
5*0.0   4.290029253470e-01  -3.808915808570e-01 0.0  -6.246643481350e-01  -6.350763807870e-01 5*0.0  -2.555262137650e-01   3.732075855530e-01 0.0   5.046191255570e-01   5.191806664190e-01 
5*0.0   4.287152750640e-01  -3.716896278230e-01 0.0  -6.196601286500e-01  -6.271958980440e-01 5*0.0  -2.621819482720e-01   3.660247656380e-01 0.0   5.023320055490e-01   5.127064448970e-01 
5*0.0   4.281798125630e-01  -3.626990964520e-01 0.0  -6.144861526200e-01  -6.192697088490e-01 5*0.0  -2.685219474710e-01   3.589303516110e-01 0.0   4.998904615550e-01   5.062271225310e-01 
5*0.0   4.274091241350e-01  -3.539156225150e-01 0.0  -6.091539919750e-01  -6.113045504350e-01 5*0.0  -2.745505021770e-01   3.519248810860e-01 0.0   4.972995061780e-01   4.997449330100e-01 
5*0.0   4.264153241940e-01  -3.453348978070e-01 0.0  -6.036747860090e-01  -6.033069629660e-01 5*0.0  -2.802720542690e-01   3.450088200530e-01 0.0   4.945641504390e-01   4.932621082860e-01 
5*0.0   4.252100697640e-01  -3.369526723680e-01 0.0  -5.980592514360e-01  -5.952832843650e-01 5*0.0  -2.856911859660e-01   3.381825651900e-01 0.0   4.916893974760e-01   4.867808742510e-01 
5*0.0   4.238045735340e-01  -3.287647559560e-01 0.0  -5.923176918220e-01  -5.872396467180e-01 5*0.0  -2.908126093920e-01   3.314464461330e-01 0.0   4.886802365720e-01   4.803034466540e-01 
5*0.0   4.222096185870e-01  -3.207670197880e-01 0.0  -5.864600077430e-01  -5.791819739830e-01 5*0.0  -2.956411564570e-01   3.248007277160e-01 0.0   4.855416374980e-01   4.738320272490e-01 
5*0.0   4.204355702930e-01  -3.129553974810e-01 0.0  -5.804957067730e-01  -5.711159806360e-01 5*0.0  -3.001817690320e-01   3.182456121760e-01 0.0   4.822785451440e-01   4.673688001760e-01 
5*0.0   4.184923910150e-01  -3.053258863740e-01 0.0  -5.744339143970e-01  -5.630471709630e-01 5*0.0  -3.044394894180e-01   3.117812413090e-01 0.0   4.788958744700e-01   4.609159285460e-01 
5*0.0   4.163896519150e-01  -2.978745480630e-01 0.0  -5.682833837200e-01  -5.549808396840e-01 5*0.0  -3.084194511160e-01   3.054076986080e-01 0.0   4.753985057220e-01   4.544755512650e-01 
5*0.0   4.141365462670e-01  -2.905975092370e-01 0.0  -5.620525063200e-01  -5.469220728160e-01 5*0.0  -3.121268698750e-01   2.991250113460e-01 0.0   4.717912799420e-01   4.480497800450e-01 
5*0.0   4.117419017150e-01  -2.834909620670e-01 0.0  -5.557493226370e-01  -5.388757493950e-01 5*0.0  -3.155670350350e-01   2.929331526310e-01 0.0   4.680789947370e-01   4.416406966300e-01 
5*0.0   4.092141924760e-01  -2.765511645290e-01 0.0  -5.493815324670e-01  -5.308465436220e-01 5*0.0  -3.187453011500e-01   2.868320434220e-01 0.0   4.642664003140e-01   4.352503502130e-01 
5*0.0   4.065615509100e-01  -2.697744406030e-01 0.0  -5.429565049310e-01  -5.228389276550e-01 5*0.0  -3.216670798930e-01   2.808215545000e-01 0.0   4.603581957660e-01   4.288807550500e-01 
5*0.0   4.037917793670e-01  -2.631571803070e-01 0.0  -5.364812891590e-01  -5.148571744990e-01 5*0.0  -3.243378322320e-01   2.749015084150e-01 0.0   4.563590255990e-01   4.225338882470e-01 
5*0.0   4.009123613950e-01  -2.566958396770e-01 0.0  -5.299626240680e-01  -5.069053615130e-01 5*0.0  -3.267630608780e-01   2.690716813760e-01 0.0   4.522734764980e-01   4.162116877300e-01 
5*0.0   3.979304725920e-01  -2.503869405990e-01 0.0  -5.234069485550e-01  -4.989873740650e-01 5*0.0  -3.289483030070e-01   2.633318051190e-01 0.0   4.481060743140e-01   4.099160503910e-01 
5*0.0   3.948529912570e-01  -2.442270705000e-01 0.0  -5.168204111160e-01  -4.911069094390e-01 5*0.0  -3.308991232370e-01   2.576815687290e-01 0.0   4.438612812800e-01   4.036488303860e-01 
5*0.0   3.916865089230e-01  -2.382128821020e-01 0.0  -5.102088800100e-01  -4.832674811270e-01 5*0.0  -3.326211068680e-01   2.521206204250e-01 0.0   4.395434934310e-01   3.974118376200e-01 
5*0.0   3.884373400680e-01  -2.323410929360e-01 0.0  -5.035779511440e-01  -4.754724225790e-01 5*0.0  -3.341198534010e-01   2.466485693020e-01 0.0   4.351570382090e-01   3.912068363010e-01 
5*0.0   3.851115321930e-01  -2.266084848800e-01 0.0  -4.969329596240e-01  -4.677248923700e-01 5*0.0  -3.354009702680e-01   2.412649870510e-01 0.0   4.307061723230e-01   3.850355437850e-01 
5*0.0   3.817148751450e-01  -2.210119036010e-01 0.0  -4.902789870830e-01  -4.600278782050e-01 5*0.0  -3.364700668120e-01   2.359694096170e-01 0.0   4.261950797080e-01   3.788996294330e-01 
5*0.0   3.782529104730e-01  -2.155482580250e-01 0.0  -4.836208713470e-01  -4.523842016600e-01 5*0.0  -3.373327485670e-01   2.307613388420e-01 0.0   4.216278697560e-01   3.728007136500e-01 
5*0.0   3.747309400110e-01  -2.102145195720e-01 0.0  -4.769632146600e-01  -4.447965227760e-01 5*0.0  -3.379946117310e-01   2.256402440580e-01 0.0   4.170085756510e-01   3.667403670530e-01 
5*0.0   3.711540347610e-01  -2.050077215390e-01 0.0  -4.703103922770e-01  -4.372673447650e-01 5*0.0  -3.384612378610e-01   2.206055636430e-01 0.0   4.123411529090e-01   3.607201097650e-01 
5*0.0   3.675270436490e-01  -1.999249584150e-01 0.0  -4.636665606650e-01  -4.297990185660e-01 5*0.0  -3.387381888340e-01   2.156567065460e-01 0.0   4.076294780640e-01   3.547414108130e-01 
5*0.0   3.638545995290e-01  -1.949633848560e-01 0.0  -4.570356651940e-01  -4.223937477310e-01 5*0.0  -3.388310020190e-01   2.107930537650e-01 0.0   4.028773475180e-01   3.488056876530e-01 
5*0.0   3.601411314120e-01  -1.901202154200e-01 0.0  -4.504214488510e-01  -4.150535928080e-01 5*0.0  -3.387451856990e-01   2.060139598120e-01 0.0   3.980884765220e-01   3.429143057840e-01 
5*0.0   3.563908669710e-01  -1.853927230780e-01 0.0  -4.438274581330e-01  -4.077804761160e-01 5*0.0  -3.384862146310e-01   2.013187541010e-01 0.0   3.932664983140e-01   3.370685784870e-01 
5*0.0   3.526078432210e-01  -1.807782388800e-01 0.0  -4.372570518520e-01  -4.005761863090e-01 5*0.0  -3.380595259210e-01   1.967067423460e-01 0.0   3.884149633870e-01   3.312697666360e-01 
5*0.0   3.487959131280e-01  -1.762741510260e-01 0.0  -4.307134076790e-01  -3.934423828500e-01 5*0.0  -3.374705150410e-01   1.921772078880e-01 0.0   3.835373388800e-01   3.255190786230e-01 
5*0.0   3.449587510850e-01  -1.718779036630e-01 0.0  -4.241995288480e-01  -3.863806004670e-01 5*0.0  -3.367245320830e-01   1.877294130070e-01 0.0   3.786370081080e-01   3.198176703430e-01 
5*0.0   3.410998613460e-01  -1.675869963340e-01 0.0  -4.177182510460e-01  -3.793922535900e-01 5*0.0  -3.358268781750e-01   1.833626001910e-01 0.0   3.737172701850e-01   3.141666452980e-01 
5*0.0   3.372225833420e-01  -1.633989829790e-01 0.0  -4.112722489910e-01  -3.724786406630e-01 5*0.0  -3.347828021640e-01   1.790759933740e-01 0.0   3.687813397990e-01   3.085670547390e-01 
5*0.0   3.333300987210e-01  -1.593114710250e-01 0.0  -4.048640422690e-01  -3.656409483590e-01 5*0.0  -3.335974973850e-01   1.748687991330e-01 0.0   3.638323470420e-01   3.030198979180e-01 
5*0.0   3.294254357910e-01  -1.553221203200e-01 0.0  -3.984960016940e-01  -3.588802558040e-01 5*0.0  -3.322760987320e-01   1.707402078650e-01 0.0   3.588733373940e-01   2.975261223750e-01 
5*0.0   3.255114782640e-01  -1.514286426190e-01 0.0  -3.921703554630e-01  -3.521975385450e-01 5*0.0  -3.308236798170e-01   1.666893949150e-01 0.0   3.539072717740e-01   2.920866243200e-01 
5*0.0   3.215909681390e-01  -1.476288002290e-01 0.0  -3.858891942270e-01  -3.455936727250e-01 5*0.0  -3.292452503710e-01   1.627155216840e-01 0.0   3.489370266950e-01   2.867022490570e-01 
5*0.0   3.176665121720e-01  -1.439204052500e-01 0.0  -3.796544767800e-01  -3.390694388450e-01 5*0.0  -3.275457537730e-01   1.588177366960e-01 0.0   3.439653944990e-01   2.813737914710e-01 
5*0.0   3.137405879540e-01  -1.403013188450e-01 0.0  -3.734680357110e-01  -3.326255256260e-01 5*0.0  -3.257300647800e-01   1.549951766380e-01 0.0   3.389950836920e-01   2.761019965730e-01 
5*0.0   3.098155469520e-01  -1.367694499280e-01 0.0  -3.673315818490e-01  -3.262625337180e-01 5*0.0  -3.238029874000e-01   1.512469673660e-01 0.0   3.340287193390e-01   2.708875600870e-01 
5*0.0   3.058936221730e-01  -1.333227546900e-01 0.0  -3.612467099970e-01  -3.199809793740e-01 5*0.0  -3.217692529340e-01   1.475722248820e-01 0.0   3.290688435490e-01   2.657311290880e-01 
5*0.0   3.019769306610e-01  -1.299592353850e-01 0.0  -3.552149030100e-01  -3.137812979580e-01 5*0.0  -3.196335181800e-01   1.439700562790e-01 0.0   3.241179160280e-01   2.606333026860e-01 
5*0.0   2.980674793960e-01  -1.266769395610e-01 0.0  -3.492375368430e-01  -3.076638474010e-01 5*0.0  -3.174003637610e-01   1.404395606540e-01 0.0   3.191783146930e-01   2.555946327420e-01 
5*0.0   2.941671687010e-01  -1.234739590470e-01 0.0  -3.433158847800e-01  -3.016289115280e-01 5*0.0  -3.150742926430e-01   1.369798300000e-01 0.0   3.142523363570e-01   2.506156246270e-01 
5*0.0   2.902777978140e-01  -1.203484292880e-01 0.0  -3.374511217930e-01  -2.956767033930e-01 5*0.0  -3.126597287440e-01   1.335899500540e-01 0.0   3.093421974750e-01   2.456967380150e-01 
5*0.0   2.864010680260e-01  -1.172985282360e-01 0.0  -3.316443288260e-01  -2.898073683210e-01 5*0.0  -3.101610157300e-01   1.302690011290e-01 0.0   3.044500349360e-01   2.408383877010e-01 
5*0.0   2.825385872150e-01  -1.143224756300e-01 0.0  -3.258964965540e-01  -2.840209871130e-01 5*0.0  -3.075824158990e-01   1.270160589170e-01 0.0   2.995779069260e-01   2.360409444530e-01 
5*0.0   2.786918732040e-01  -1.114185320180e-01 0.0  -3.202085293470e-01  -2.783175789460e-01 5*0.0  -3.049281092220e-01   1.238301952510e-01 0.0   2.947277938120e-01   2.313047358910e-01 
5*0.0   2.748623580810e-01  -1.085849980110e-01 0.0  -3.145812489450e-01  -2.726971043410e-01 5*0.0  -3.022021925170e-01   1.207104788640e-01 0.0   2.899015991110e-01   2.266300473770e-01 
5*0.0   2.710513915510e-01  -1.058202134310e-01 0.0  -3.090153981870e-01  -2.671594678840e-01 5*0.0  -2.994086787050e-01   1.176559760910e-01 0.0   2.851011504690e-01   2.220171229420e-01 
5*0.0   2.672602442360e-01  -1.031225563920e-01 0.0  -3.035116442630e-01  -2.617045210270e-01 5*0.0  -2.965514962140e-01   1.146657515740e-01 0.0   2.803282006890e-01   2.174661662170e-01 
5*0.0   2.634901112900e-01  -1.004904425740e-01 0.0  -2.980705821830e-01  -2.563320646620e-01 5*0.0  -2.936344884970e-01   1.117388689210e-01 0.0   2.755844288130e-01   2.129773413880e-01 
5*0.0   2.597421152630e-01  -9.792232435950e-02 0.0  -2.926927378350e-01  -2.510418517520e-01 5*0.0  -2.906614136250e-01   1.088743913480e-01 0.0   2.708714412160e-01   2.085507741620e-01 
5*0.0   2.560173100650e-01  -9.541669012820e-02 0.0  -2.873785713620e-01  -2.458335896500e-01 5*0.0  -2.876359440220e-01   1.060713822940e-01 0.0   2.661907727400e-01   2.041865527450e-01 
5*0.0   2.523166826980e-01  -9.297206333520e-02 0.0  -2.821284797220e-01  -2.407069426750e-01 5*0.0  -2.845616662770e-01   1.033289060170e-01 0.0   2.615438878580e-01   1.998847288270e-01 
5*0.0   2.486411569670e-01  -9.058700183920e-02 0.0  -2.769427998720e-01  -2.356615342640e-01 5*0.0  -2.814420810640e-01   1.006460281580e-01 0.0   2.569321818750e-01   1.956453185770e-01 
5*0.0   2.449915964290e-01  -8.826009715020e-02 0.0  -2.718218114700e-01  -2.306969492840e-01 5*0.0  -2.782806031370e-01   9.802181628620e-02 0.0   2.523569821270e-01   1.914683036470e-01 
5*0.0   2.413688062840e-01  -8.598997360930e-02 0.0  -2.667657394420e-01  -2.258127361530e-01 5*0.0  -2.750805614450e-01   9.545534042500e-02 0.0   2.478195492300e-01   1.873536321690e-01 
5*0.0   2.377735368650e-01  -8.377528775400e-02 0.0  -2.617747566290e-01  -2.210084088940e-01 5*0.0  -2.718451992760e-01   9.294567354530e-02 0.0   2.433210783230e-01   1.833012197740e-01 
5*0.0   2.342064851930e-01  -8.161472748720e-02 0.0  -2.568489861130e-01  -2.162834492050e-01 5*0.0  -2.685776745520e-01   9.049189204990e-02 0.0   2.388627003520e-01   1.793109505870e-01 
5*0.0   2.306682981340e-01  -7.950701146040e-02 0.0  -2.519885037880e-01  -2.116373083120e-01 5*0.0  -2.652810601450e-01   8.809307622620e-02 0.0   2.344454833510e-01   1.753826782460e-01 
5*0.0   2.271595741590e-01  -7.745088833900e-02 0.0  -2.471933404400e-01  -2.070694088980e-01 5*0.0  -2.619583442920e-01   8.574831068410e-02 0.0   2.300704337450e-01   1.715162268970e-01 
5*0.0   2.236808658960e-01  -7.544513611120e-02 0.0  -2.424634841190e-01  -2.025791468340e-01 5*0.0  -2.586124310710e-01   8.345668477290e-02 0.0   2.257384976580e-01   1.677113922050e-01 
5*0.0   2.202326821640e-01  -7.348856146910e-02 0.0  -2.377988820600e-01  -1.981658929300e-01 5*0.0  -2.552461409540e-01   8.121729297310e-02 0.0   2.214505622370e-01   1.639679423500e-01 
5*0.0   2.168154897740e-01  -7.157999907460e-02 0.0  -2.331994429050e-01  -1.938289946600e-01 5*0.0  -2.518622114090e-01   7.902923527880e-02 0.0   2.172074569810e-01   1.602856190140e-01 
5*0.0   2.134297157620e-01  -6.971831098110e-02 0.0  -2.286650385210e-01  -1.895677776420e-01 5*0.0  -2.484632975710e-01   7.689161755160e-02 0.0   2.130099550670e-01   1.566641383730e-01 
5*0.0   2.100757490800e-01  -6.790238595800e-02 0.0  -2.241955058990e-01  -1.853815472810e-01 5*0.0  -2.450519729660e-01   7.480355186150e-02 0.0   2.088587746940e-01   1.531031920700e-01 
5*0.0   2.067539425870e-01  -6.613113892420e-02 0.0  -2.197906489870e-01  -1.812695901590e-01 5*0.0  -2.416307302910e-01   7.276415680870e-02 0.0   2.047545804190e-01   1.496024481860e-01 
5*0.0   2.034646144970e-01  -6.440351026270e-02 0.0  -2.154502404010e-01  -1.772311755300e-01 5*0.0  -2.382019822390e-01   7.077255782730e-02 0.0   2.006979844970e-01   1.461615522010e-01 
5*0.0   2.002080503650e-01  -6.271846532650e-02 0.0  -2.111740231350e-01  -1.732655566380e-01 5*0.0  -2.347680623830e-01   6.882788747320e-02 0.0   1.966895482220e-01   1.427801279360e-01 
5*0.0   1.969845042150e-01  -6.107499373980e-02 0.0  -2.069617120660e-01  -1.693719720550e-01 5*0.0  -2.313312260840e-01   6.692928569450e-02 0.0   1.927297832590e-01   1.394577785000e-01 
5*0.0   1.937942006720e-01  -5.947210894940e-02 0.0  -2.028129956320e-01  -1.655496469040e-01 5*0.0  -2.278936514620e-01   6.507590008700e-02 0.0   1.888191529840e-01   1.361940872040e-01 
5*0.0   1.906373357370e-01  -5.790884756360e-02 0.0  -1.987275371050e-01  -1.617977940800e-01 5*0.0  -2.244574403930e-01   6.326688613150e-02 0.0   1.849580738060e-01   1.329886184840e-01 
5*0.0   1.875140787250e-01  -5.638426887130e-02 0.0  -1.947049763280e-01  -1.581156153950e-01 5*0.0  -2.210246195450e-01   6.150140742060e-02 0.0   1.811469164940e-01   1.298409187920e-01 
5*0.0   1.844245733060e-01  -5.489745428600e-02 0.0  -1.907449306180e-01  -1.545023027380e-01 5*0.0  -2.175971414480e-01   5.977863586680e-02 0.0   1.773860074880e-01   1.267505174860e-01 
5*0.0   1.813689389000e-01  -5.344750682830e-02 0.0  -1.868469966920e-01  -1.509570390190e-01 5*0.0  -2.141768855920e-01   5.809775189640e-02 0.0   1.736756302080e-01   1.237169276960e-01 
5*0.0   1.783472717460e-01  -5.203355059520e-02 0.0  -1.830107512660e-01  -1.474789992970e-01 5*0.0  -2.107656595560e-01   5.645794463290e-02 0.0   1.700160263520e-01   1.207396471850e-01 
5*0.0   1.753596462860e-01  -5.065473029450e-02 0.0  -1.792357527340e-01  -1.440673516810e-01 5*0.0  -2.073652001580e-01   5.485841206160e-02 0.0   1.664073971830e-01   1.178181591870e-01 
5*0.0   1.724061161150e-01  -4.931021072400e-02 0.0  -1.755215420850e-01  -1.407212582760e-01 5*0.0  -2.039771746480e-01   5.329836119030e-02 0.0   1.628499048010e-01   1.149519332260e-01 
5*0.0   1.694867150370e-01  -4.799917630890e-02 0.0  -1.718676441540e-01  -1.374398760850e-01 5*0.0  -2.006031818750e-01   5.177700818280e-02 0.0   1.593436734060e-01   1.121404259360e-01 
5*0.0   1.666014582280e-01  -4.672083064420e-02 0.0  -1.682735685150e-01  -1.342223577970e-01 5*0.0  -1.972447535430e-01   5.029357849720e-02 0.0   1.558887905610e-01   1.093830818380e-01 
5*0.0   1.637503429980e-01  -4.547439601470e-02 0.0  -1.647388108050e-01  -1.310678526820e-01 5*0.0  -1.939033554260e-01   4.884730700100e-02 0.0   1.524853084150e-01   1.066793341260e-01 
5*0.0   1.609333499710e-01  -4.425911297660e-02 0.0  -1.612628532290e-01  -1.279755072320e-01 5*0.0  -1.905803885950e-01   4.743743807470e-02 0.0   1.491332449240e-01   1.040286054240e-01 
5*0.0   1.581504436530e-01  -4.307423987770e-02 0.0  -1.578451660790e-01  -1.249444660730e-01 5*0.0  -1.872771907270e-01   4.606322571270e-02 0.0   1.458325850660e-01   1.014303085210e-01 
5*0.0   1.554015736210e-01  -4.191905251350e-02 0.0  -1.544852082180e-01  -1.219738724500e-01 5*0.0  -1.839950373360e-01   4.472393360530e-02 0.0   1.425832820290e-01   9.888384709920e-02 
5*0.0   1.526866750280e-01  -4.079284361620e-02 0.0  -1.511824279670e-01  -1.190628690940e-01 5*0.0  -1.807351430840e-01   4.341883521590e-02 0.0   1.393852583870e-01   9.638861643910e-02 
5*0.0   1.500056694830e-01  -3.969492250010e-02 0.0  -1.479362640530e-01  -1.162105987030e-01 5*0.0  -1.774986630480e-01   4.214721384090e-02 0.0   1.362384072600e-01   9.394400410530e-02 
5*0.0   1.473584658660e-01  -3.862461467750e-02 0.0  -1.447461465510e-01  -1.134162045930e-01 5*0.0  -1.742866940290e-01   4.090836267300e-02 0.0   1.331425934380e-01   9.154939062300e-02 
5*0.0   1.447449608950e-01  -3.758126142500e-02 0.0  -1.416114973100e-01  -1.106788313340e-01 5*0.0  -1.711002758460e-01   3.970158483980e-02 0.0   1.300976545290e-01   8.920415012370e-02 
5*0.0   1.421650399000e-01  -3.656421947450e-02 0.0  -1.385317308030e-01  -1.079976251730e-01 5*0.0  -1.679403926340e-01   3.852619344470e-02 0.0   1.271034020410e-01   8.690765098740e-02 
5*0.0   1.396185772500e-01  -3.557286056100e-02 0.0  -1.355062550050e-01  -1.053717346230e-01 5*0.0  -1.648079741510e-01   3.738151159720e-02 0.0   1.241596224750e-01   8.465925645660e-02 
5*0.0   1.371054372230e-01  -3.460657113040e-02 0.0  -1.325344717360e-01  -1.028003109340e-01 5*0.0  -1.617038970780e-01   3.626687242890e-02 0.0   1.212660783970e-01   8.245832523600e-02 
5*0.0   1.346254744480e-01  -3.366475197010e-02 0.0  -1.296157775940e-01  -1.002825085290e-01 5*0.0  -1.586289863160e-01   3.518161911090e-02 0.0   1.184225094680e-01   8.030421207780e-02 
5*0.0   1.321785343510e-01  -3.274681784530e-02 0.0  -1.267495644150e-01  -9.781748549260e-02 5*0.0  -1.555840162890e-01   3.412510485630e-02 0.0   1.156286334940e-01   7.819626834170e-02 
5*0.0   1.297644538350e-01  -3.185219718480e-02 0.0  -1.239352198480e-01  -9.540440393610e-02 5*0.0  -1.525697122250e-01   3.309669291800e-02 0.0   1.128841474060e-01   7.613384254700e-02 
5*0.0   1.273830617020e-01  -3.098033175970e-02 0.0  -1.211721280180e-01  -9.304243035510e-02 5*0.0  -1.495867514540e-01   3.209575658170e-02 0.0   1.101887282680e-01   7.411628090080e-02 
5*0.0   1.250341791320e-01  -3.013067635150e-02 0.0  -1.184596698640e-01  -9.073073608590e-02 5*0.0  -1.466357646810e-01   3.112167914860e-02 0.0   1.075420342360e-01   7.214292780940e-02 
5*0.0   1.227176200630e-01  -2.930269844360e-02 0.0  -1.157972238790e-01  -8.846849759300e-02 5*0.0  -1.437173372610e-01   3.017385391400e-02 0.0   1.049437054980e-01   7.021312637510e-02 
5*0.0   1.204331917470e-01  -2.849587793530e-02 0.0  -1.131841664330e-01  -8.625489677090e-02 5*0.0  -1.408320104590e-01   2.925168413910e-02 0.0   1.023933652050e-01   6.832621887540e-02 
5*0.0   1.181806950610e-01  -2.770970683080e-02 0.0  -1.106198722890e-01  -8.408912129540e-02 5*0.0  -1.379802827020e-01   2.835458301590e-02 0.0   9.989062037710e-02   6.648154722510e-02 
5*0.0   1.159599248340e-01  -2.694368893380e-02 0.0  -1.081037150670e-01  -8.197036486610e-02 5*0.0  -1.351626108290e-01   2.748197363070e-02 0.0   9.743506278360e-02   6.467845341990e-02 
5*0.0   1.137706703750e-01  -2.619733962100e-02 0.0  -1.056350675850e-01  -7.989782750280e-02 5*0.0  -1.323794113140e-01   2.663328891610e-02 0.0   9.502626980370e-02   6.291627996700e-02 
5*0.0   1.116127156730e-01  -2.547018552040e-02 0.0  -1.032133024140e-01  -7.787071580190e-02 5*0.0  -1.296310614920e-01   2.580797160490e-02 0.0   9.266380527460e-02   6.119437029790e-02 
5*0.0   1.094858398070e-01  -2.476176425720e-02 0.0  -1.008377920560e-01  -7.588824309860e-02 5*0.0  -1.269179007570e-01   2.500547417200e-02 0.0   9.034722030490e-02   5.951206916570e-02 
5*0.0   1.073898171830e-01  -2.407162419920e-02 0.0  -9.850790953150e-02  -7.394962977950e-02 5*0.0  -1.242402317590e-01   2.422525877750e-02 0.0   8.807605408380e-02   5.786872302470e-02 
5*0.0   1.053244179220e-01  -2.339932420080e-02 0.0  -9.622302851900e-02  -7.205410342450e-02 5*0.0  -1.215983215790e-01   2.346679720380e-02 0.0   8.584983465140e-02   5.626368040020e-02 
5*0.0   1.032894080860e-01  -2.274443335820e-02 0.0  -9.398252382620e-02  -7.020089897600e-02 5*0.0  -1.189924028940e-01   2.272957078670e-02 0.0   8.366807966870e-02   5.469629223360e-02 
5*0.0   1.012845499460e-01  -2.210653075820e-02 0.0  -9.178577167380e-02  -6.838925895840e-02 5*0.0  -1.164226751210e-01   2.201307034550e-02 0.0   8.153029714090e-02   5.316591222320e-02 
5*0.0   9.930960226700e-02  -2.148520525330e-02 0.0  -8.963214993900e-02  -6.661843358690e-02 5*0.0  -1.138893055510e-01   2.131679610860e-02 0.0   7.943598615210e-02   5.167189714170e-02 
5*0.0   9.736432051240e-02  -2.088005522390e-02 0.0  -8.752103851340e-02  -6.488768096410e-02 5*0.0  -1.113924304600e-01   2.064025763370e-02 0.0   7.738463755110e-02   5.021360714600e-02 
5*0.0   9.544845712750e-02  -2.029068837990e-02 0.0  -8.545181955100e-02  -6.319626717400e-02 5*0.0  -1.089321562050e-01   1.998297372780e-02 0.0   7.537573463160e-02   4.879040606800e-02 
5*0.0   9.356176170180e-02  -1.971672149160e-02 0.0  -8.342387767030e-02  -6.154346639190e-02 5*0.0  -1.065085603110e-01   1.934447236320e-02 0.0   7.340875379180e-02   4.740166169240e-02 
5*0.0   9.170398121410e-02  -1.915778022860e-02 0.0  -8.143660030830e-02  -5.992856102860e-02 5*0.0  -1.041216925210e-01   1.872429058830e-02 0.0   7.148316517040e-02   4.604674602520e-02 
5*0.0   8.987486022090e-02  -1.861349892290e-02 0.0  -7.948937782660e-02  -5.835084179790e-02 5*0.0  -1.017715758510e-01   1.812197444030e-02 0.0   6.959843326640e-02   4.472503554210e-02 
5*0.0   8.807414107430e-02  -1.808352038860e-02 0.0  -7.758160382060e-02  -5.680960781640e-02 5*0.0  -9.945820760820e-02   1.753707885120e-02 0.0   6.775401753290e-02   4.343591142940e-02 
5*0.0   8.630156400960e-02  -1.756749568530e-02 0.0  -7.571267528510e-02  -5.530416669020e-02 5*0.0  -9.718156040210e-02   1.696916755440e-02 0.0   6.594937296300e-02   4.217875980950e-02 
5*0.0   8.455686747900e-02  -1.706508398220e-02 0.0  -7.388199283520e-02  -5.383383454100e-02 5*0.0  -9.494158312720e-02   1.641781298740e-02 0.0   6.418395064320e-02   4.095297195550e-02 
5*0.0   8.283978815990e-02  -1.657595232470e-02 0.0  -7.208896083880e-02  -5.239793611500e-02 5*0.0  -9.273820193710e-02   1.588259619390e-02 0.0   6.245719830080e-02   3.975794449210e-02 
5*0.0   8.115006120730e-02  -1.609977547430e-02 0.0  -7.033298763990e-02  -5.099580479450e-02 5*0.0  -9.057132118770e-02   1.536310672220e-02 0.0   6.076856082300e-02   3.859307958680e-02 
5*0.0   7.948742033220e-02  -1.563623570840e-02 0.0  -6.861348574430e-02  -4.962678266400e-02 5*0.0  -8.844082437420e-02   1.485894252570e-02 0.0   5.911748076480e-02   3.745778512680e-02 
5*0.0   7.785159805430e-02  -1.518502268930e-02 0.0  -6.692987187780e-02  -4.829022051390e-02 5*0.0  -8.634657503560e-02   1.436970985680e-02 0.0   5.750339883260e-02   3.635147488740e-02 
5*0.0   7.624232571630e-02  -1.474583324660e-02 0.0  -6.528156723350e-02  -4.698547791280e-02 5*0.0  -8.428841764790e-02   1.389502316390e-02 0.0   5.592575435510e-02   3.527356868840e-02 
5*0.0   7.465933368570e-02  -1.431837123710e-02 0.0  -6.366799754020e-02  -4.571192315070e-02 5*0.0  -8.226617849790e-02   1.343450498500e-02 0.0   5.438398573560e-02   3.422349253850e-02 
5*0.0   7.310235146480e-02  -1.390234737960e-02 0.0  -6.208859323010e-02  -4.446893334920e-02 5*0.0  -8.027966652790e-02   1.298778584030e-02 0.0   5.287753088470e-02   3.320067877340e-02 
5*0.0   7.157110781280e-02  -1.349747910070e-02 0.0  -6.054278953280e-02  -4.325589435910e-02 5*0.0  -7.832867417560e-02   1.255450412530e-02 0.0   5.140582764020e-02   3.220456617840e-02 
5*0.0   7.006533085850e-02  -1.310349037270e-02 0.0  -5.903002660760e-02  -4.207220085020e-02 5*0.0  -7.641297818250e-02   1.213430600110e-02 0.0   4.996831416620e-02   3.123460010550e-02 
5*0.0   6.858474822920e-02  -1.272011157450e-02 0.0  -5.754974961440e-02  -4.091725624030e-02 5*0.0  -7.453234038270e-02   1.172684528440e-02 0.0   4.856442933890e-02   3.029023258040e-02 
5*0.0   6.712908710100e-02  -1.234707933460e-02 0.0  -5.610140886490e-02  -3.979047273840e-02 5*0.0  -7.268650848490e-02   1.133178333940e-02 0.0   4.719361311680e-02   2.937092239750e-02 
5*0.0   6.569807438170e-02  -1.198413639910e-02 0.0  -5.468445983760e-02  -3.869127127110e-02 5*0.0  -7.087521681980e-02   1.094878896600e-02 0.0   4.585530689270e-02   2.847613520990e-02 
5*0.0   6.429143674180e-02  -1.163103148200e-02 0.0  -5.329836332370e-02  -3.761908149310e-02 5*0.0  -6.909818707350e-02   1.057753828850e-02 0.0   4.454895383110e-02   2.760534360890e-02 
5*0.0   6.290890072750e-02  -1.128751913880e-02 0.0  -5.194258550620e-02  -3.657334174350e-02 5*0.0  -6.735512900790e-02   1.021771464590e-02 0.0   4.327399919450e-02   2.675802719410e-02 
5*0.0   6.155019287280e-02  -1.095335962990e-02 0.0  -5.061659796050e-02  -3.555349903680e-02 5*0.0  -6.564574115090e-02   9.869008478950e-03 0.0   4.202989064820e-02   2.593367263820e-02 
5*0.0   6.021503977300e-02  -1.062831879150e-02 0.0  -4.931987778680e-02  -3.455900898910e-02 5*0.0  -6.396971147840e-02   9.531117220230e-03 0.0   4.081607855730e-02   2.513177374110e-02 
5*0.0   5.890316820440e-02  -1.031216792060e-02 0.0  -4.805190760370e-02  -3.358933580840e-02 5*0.0  -6.232671806500e-02   9.203745181210e-03 0.0   3.963201626510e-02   2.435183148000e-02 
5*0.0   5.761430507010e-02  -1.000468362040e-02 0.0  -4.681217572650e-02  -3.264395224700e-02 5*0.0  -6.071642973160e-02   8.886603442650e-03 0.0   3.847716036050e-02   2.359335404790e-02 
5*0.0   5.634817768340e-02  -9.705647720810e-03 0.0  -4.560017604830e-02  -3.172233953060e-02 5*0.0  -5.913850666290e-02   8.579409742350e-03 0.0   3.735097093120e-02   2.285585688850e-02 
5*0.0   5.510451364560e-02  -9.414847129960e-03 0.0  -4.441540824330e-02  -3.082398733830e-02 5*0.0  -5.759260100370e-02   8.281888363520e-03 0.0   3.625291180290e-02   2.213886272410e-02 
5*0.0   5.388304109860e-02  -9.132073738750e-03 0.0  -4.325737763140e-02  -2.994839371260e-02 5*0.0  -5.607835745790e-02   7.993770027220e-03 0.0   3.518245076770e-02   2.144190157460e-02 
5*0.0   5.268348866580e-02  -8.857124297870e-03 0.0  -4.212559539200e-02  -2.909506504490e-02 5*0.0  -5.459541383820e-02   7.714791777740e-03 0.0   3.413905979840e-02   2.076451077420e-02 
5*0.0   5.150558554300e-02  -8.589800312400e-03 0.0  -4.101957844430e-02  -2.826351596640e-02 5*0.0  -5.314340162480e-02   7.444696876720e-03 0.0   3.312221525100e-02   2.010623497630e-02 
5*0.0   5.034906161430e-02  -8.329907939220e-03 0.0  -3.993884958370e-02  -2.745326931840e-02 5*0.0  -5.172194649740e-02   7.183234692330e-03 0.0   3.213139805740e-02   1.946662616060e-02 
5*0.0   4.921364748980e-02  -8.077257876260e-03 0.0  -3.888293741950e-02  -2.666385609050e-02 5*0.0  -5.033066884450e-02   6.930160590030e-03 0.0   3.116609390420e-02   1.884524362700e-02 
5*0.0   4.809907454850e-02  -7.831665263590e-03 0.0  -3.785137643700e-02  -2.589481532610e-02 5*0.0  -4.896918426350e-02   6.685235825660e-03 0.0   3.022579340040e-02   1.824165398970e-02 
5*0.0   4.700507504050e-02  -7.592949588060e-03 0.0  -3.684370699650e-02  -2.514569407660e-02 5*0.0  -4.763710404340e-02   6.448227438330e-03 0.0   2.930999223650e-02   1.765543116250e-02 
5*0.0   4.593138209590e-02  -7.360934578900e-03 0.0  -3.585947534440e-02  -2.441604730550e-02 5*0.0  -4.633403562370e-02   6.218908142040e-03 0.0   2.841819133110e-02   1.708615634210e-02 
5*0.0   4.487772981080e-02  -7.135448119140e-03 0.0  -3.489823361690e-02  -2.370543784070e-02 5*0.0  -4.505958304580e-02   5.997056221410e-03 0.0   2.754989696910e-02   1.653341798530e-02 
5*0.0   4.384385332310e-02  -6.916322150500e-03 0.0  -3.395953983350e-02  -2.301343628200e-02 5*0.0  -4.381334738690e-02   5.782455426810e-03 0.0   2.670462092690e-02   1.599681178140e-02 
5*0.0   4.282948879780e-02  -6.703392581390e-03 0.0  -3.304295793300e-02  -2.233962093160e-02 5*0.0  -4.259492717420e-02   5.574894869410e-03 0.0   2.588188059190e-02   1.547594062200e-02 
5*0.0   4.183437356260e-02  -6.496499204780e-03 0.0  -3.214805771090e-02  -2.168357771110e-02 5*0.0  -4.140391878650e-02   5.374168918490e-03 0.0   2.508119907020e-02   1.497041456570e-02 
5*0.0   4.085824609240e-02  -6.295485601300e-03 0.0  -3.127441486610e-02  -2.104490008130e-02 5*0.0  -4.023991684000e-02   5.180077098430e-03 0.0   2.430210528610e-02   1.447985079890e-02 
5*0.0   3.990084609130e-02  -6.100199065050e-03 0.0  -3.042161095740e-02  -2.042318896280e-02 5*0.0  -3.910251456310e-02   4.992423989040e-03 0.0   2.354413407210e-02   1.400387359370e-02 
5*0.0   3.896191455470e-02  -5.910490519210e-03 0.0  -2.958923339670e-02  -1.981805265010e-02 5*0.0  -3.799130414990e-02   4.811019123770e-03 0.0   2.280682625140e-02   1.354211426200e-02 
5*0.0   3.804119373280e-02  -5.726214425150e-03 0.0  -2.877687546960e-02  -1.922910675760e-02 5*0.0  -3.690587710860e-02   4.635676890830e-03 0.0   2.208972871600e-02   1.309421110500e-02 
5*0.0   3.713842731990e-02  -5.547228727280e-03 0.0  -2.798413624580e-02  -1.865597406880e-02 5*0.0  -3.584582457840e-02   4.466216435300e-03 0.0   2.139239448420e-02   1.265980936340e-02 
5*0.0   3.625336038320e-02  -5.373394748310e-03 0.0  -2.721062062710e-02  -1.809828451160e-02 5*0.0  -3.481073766300e-02   4.302461562600e-03 0.0   2.071438276740e-02   1.223856116100e-02 
5*0.0   3.538573935600e-02  -5.204577118910e-03 0.0  -2.645593930190e-02  -1.755567507790e-02 5*0.0  -3.380020771220e-02   4.144240640650e-03 0.0   2.005525901700e-02   1.183012544680e-02 
5*0.0   3.453531225890e-02  -5.040643721920e-03 0.0  -2.571970872720e-02  -1.702778967010e-02 5*0.0  -3.281382664250e-02   3.991386508400e-03 0.0   1.941459497640e-02   1.143416793330e-02 
5*0.0   3.370182862760e-02  -4.881465624940e-03 0.0  -2.500155106810e-02  -1.651427908270e-02 5*0.0  -3.185118717490e-02   3.843736378840e-03 0.0   1.879196870510e-02   1.105036103690e-02 
5*0.0   3.288503953700e-02  -4.726916964340e-03 0.0  -2.430109420340e-02  -1.601480087820e-02 5*0.0  -3.091188312420e-02   3.701131747910e-03 0.0   1.818696462090e-02   1.067838381070e-02 
5*0.0   3.208469767200e-02  -4.576874931060e-03 0.0  -2.361797171050e-02  -1.552901931960e-02 5*0.0  -2.999550964920e-02   3.563418303880e-03 0.0   1.759917352130e-02   1.031792187700e-02 
5*0.0   3.130055733140e-02  -4.431219658320e-03 0.0  -2.295182280180e-02  -1.505660527470e-02 5*0.0  -2.910166349210e-02   3.430445836830e-03 0.0   1.702819260450e-02   9.968667359980e-03 
5*0.0   3.053237454460e-02  -4.289834195910e-03 0.0  -2.230229228220e-02  -1.459723611240e-02 5*0.0  -2.822994319630e-02   3.302068148660e-03 0.0   1.647362547690e-02   9.630318812500e-03 
5*0.0   2.977990697890e-02  -4.152604412520e-03 0.0  -2.166903057920e-02  -1.415059564220e-02 5*0.0  -2.737994934020e-02   3.178142967570e-03 0.0   1.593508216550e-02   9.302581145690e-03 
5*0.0   2.904291410060e-02  -4.019418952620e-03 0.0  -2.105169360230e-02  -1.371637401630e-02 5*0.0  -2.655128473450e-02   3.058531860160e-03 0.0   1.541217911890e-02   8.985165553410e-03 
5*0.0   2.832115713490e-02  -3.890169173570e-03 0.0  -2.044994282200e-02  -1.329426761210e-02 5*0.0  -2.574355462300e-02   2.943100147310e-03 0.0   1.490453920330e-02   8.677789437150e-03 
5*0.0   2.761439908000e-02  -3.764749066030e-03 0.0  -1.986344512410e-02  -1.288397899330e-02 5*0.0  -2.495636686460e-02   2.831716819270e-03 0.0   1.441179169690e-02   8.380176328800e-03 
5*0.0   2.692240480040e-02  -3.643055222140e-03 0.0  -1.929187285130e-02  -1.248521678870e-02 5*0.0  -2.418933211550e-02   2.724254454380e-03 0.0   1.393357227560e-02   8.092055813150e-03 
5*0.0   2.624494100820e-02  -3.524986758930e-03 0.0  -1.873490372440e-02  -1.209769558930e-02 5*0.0  -2.344206398770e-02   2.620589136780e-03 0.0   1.346952299660e-02   7.813163448450e-03 
5*0.0   2.558177626580e-02  -3.410445262340e-03 0.0  -1.819222080250e-02  -1.172113593690e-02 5*0.0  -2.271417921340e-02   2.520600376810e-03 0.0   1.301929227730e-02   7.543240685320e-03 
5*0.0   2.493268115150e-02  -3.299334757460e-03 0.0  -1.766351240720e-02  -1.135526410990e-02 5*0.0  -2.200529778500e-02   2.424171031800e-03 0.0   1.258253487090e-02   7.282034787950e-03 
5*0.0   2.429742806550e-02  -3.191561606630e-03 0.0  -1.714847215660e-02  -1.099981217260e-02 5*0.0  -2.131504309840e-02   2.331187229380e-03 0.0   1.215891183630e-02   7.029298750430e-03 
5*0.0   2.367579145370e-02  -3.087034511130e-03 0.0  -1.664679885890e-02  -1.065451777920e-02 5*0.0  -2.064304208540e-02   2.241538290300e-03 0.0   1.174809050790e-02   6.784791214780e-03 
5*0.0   2.306754767720e-02  -2.985664405000e-03 0.0  -1.615819647340e-02  -1.031912415070e-02 5*0.0  -1.998892532790e-02   2.155116654500e-03 0.0   1.134974445560e-02   6.548276388460e-03 
5*0.0   2.247247517390e-02  -2.887364450220e-03 0.0  -1.568237406750e-02  -9.993379961140e-03 5*0.0  -1.935232717760e-02   2.071817806490e-03 0.0   1.096355345000e-02   6.319523960730e-03 
5*0.0   2.189035436900e-02  -2.792049968690e-03 0.0  -1.521904578270e-02  -9.677039261490e-03 5*0.0  -1.873288585730e-02   1.991540203730e-03 0.0   1.058920341460e-02   6.098309019390e-03 
5*0.0   2.132096774900e-02  -2.699638381470e-03 0.0  -1.476793076680e-02  -9.369861380710e-03 5*0.0  -1.813024356270e-02   1.914185204560e-03 0.0   1.022638638770e-02   5.884411964290e-03 
5*0.0   2.076409988010e-02  -2.610049185470e-03 0.0  -1.432875311890e-02  -9.071610857320e-03 5*0.0  -1.754404654700e-02   1.839656999050e-03 0.0   9.874800466920e-03   5.677618427160e-03 
5*0.0   2.021953736260e-02  -2.523203879260e-03 0.0  -1.390124188020e-02  -8.782057352540e-03 5*0.0  -1.697394521140e-02   1.767862540230e-03 0.0   9.534149763270e-03   5.477719182790e-03 
5*0.0   1.968706896230e-02  -2.439025946240e-03 0.0  -1.348513092340e-02  -8.500975547480e-03 5*0.0  -1.641959417720e-02   1.698711476820e-03 0.0   9.204144346880e-03   5.284510067380e-03 
5*0.0   1.916648551580e-02  -2.357440787690e-03 0.0  -1.308015895070e-02  -8.228145082710e-03 5*0.0  -1.588065235440e-02   1.632116085920e-03 0.0   8.884500190100e-03   5.097791892610e-03 
5*0.0   1.865758004120e-02  -2.278375698910e-03 0.0  -1.268606940680e-02  -7.963350459980e-03 5*0.0  -1.535678300890e-02   1.567991209840e-03 0.0   8.574939112140e-03   4.917370361760e-03 
5*0.0   1.816014765250e-02  -2.201759805750e-03 0.0  -1.230261044940e-02  -7.706380976120e-03 5*0.0  -1.484765381800e-02   1.506254191350e-03 0.0   8.275188717770e-03   4.743055985100e-03 
5*0.0   1.767398563740e-02  -2.127524026160e-03 0.0  -1.192953489750e-02  -7.457030611830e-03 5*0.0  -1.435293691870e-02   1.446824810820e-03 0.0   7.984982337600e-03   4.574663995770e-03 
5*0.0   1.719889348320e-02  -2.055601051600e-03 0.0  -1.156660014990e-02  -7.215097977860e-03 5*0.0  -1.387230895860e-02   1.389625226240e-03 0.0   7.704058963030e-03   4.412014265200e-03 
5*0.0   1.673467282150e-02  -1.985925277590e-03 0.0  -1.121356816460e-02  -6.980386238520e-03 5*0.0  -1.340545113040e-02   1.334579911550e-03 0.0   7.432163183200e-03   4.254931221310e-03 
5*0.0   1.628112749130e-02  -1.918432782500e-03 0.0  -1.087020538530e-02  -6.752702996850e-03 5*0.0  -1.295204920910e-02   1.281615598560e-03 0.0   7.169045117200e-03   4.103243762790e-03 
5*0.0   1.583806354030e-02  -1.853061281290e-03 0.0  -1.053628269210e-02  -6.531860254850e-03 5*0.0  -1.251179358310e-02   1.230661219610e-03 0.0   6.914460347560e-03   3.956785178240e-03 
5*0.0   1.540528921290e-02  -1.789750094500e-03 0.0  -1.021157535450e-02  -6.317674315270e-03 5*0.0  -1.208437927280e-02   1.181647849580e-03 0.0   6.668169852380e-03   3.815393062900e-03 
5*0.0   1.498261495550e-02  -1.728440096400e-03 0.0  -9.895862960170e-03  -6.109965705700e-03 5*0.0  -1.166950595590e-02   1.134508651720e-03 0.0   6.429939932860e-03   3.678909236590e-03 
5*0.0   1.456985349360e-02  -1.669073709030e-03 0.0  -9.588929371900e-03  -5.908559092610e-03 5*0.0  -1.126687798160e-02   1.089178823100e-03 0.0   6.199542144160e-03   3.547179663160e-03 
5*0.0   1.416681971610e-02  -1.611594828280e-03 0.0  -9.290562675390e-03  -5.713283241450e-03 5*0.0  -1.087620438000e-02   1.045595540710e-03 0.0   5.976753223790e-03   3.420054368490e-03 
5*0.0   1.377333079280e-02  -1.555948822520e-03 0.0  -9.000555115350e-03  -5.523970893260e-03 5*0.0  -1.049719886870e-02   1.003697909870e-03 0.0   5.761355018020e-03   3.297387361330e-03 
5*0.0   1.338920608110e-02  -1.502082472710e-03 0.0  -8.718703049110e-03  -5.340458733270e-03 5*0.0  -1.012957985640e-02   9.634269134440e-04 0.0   5.553134408500e-03   3.179036553470e-03 
5*0.0   1.301426721290e-02  -1.449943957490e-03 0.0  -8.444806879220e-03  -5.162587288460e-03 5*0.0  -9.773070440980e-03   9.247253614000e-04 0.0   5.351883239240e-03   3.064863681240e-03 
5*0.0   1.264833805860e-02  -1.399482817090e-03 0.0  -8.178671008690e-03  -4.990200860480e-03 5*0.0  -9.427398407840e-03   8.875378424680e-04 0.0   5.157398241490e-03   2.954734226160e-03 
5*0.0   1.229124470530e-02  -1.350649911250e-03 0.0  -7.920103790450e-03  -4.823147468760e-03 5*0.0  -9.092296214940e-03   8.518106756370e-04 0.0   4.969480959000e-03   2.848517339690e-03 
5*0.0   1.194281551200e-02  -1.303397401850e-03 0.0  -7.668917456690e-03  -4.661278760890e-03 5*0.0  -8.767500988980e-03   8.174918642360e-04 0.0   4.787937673060e-03   2.746085764590e-03 
5*0.0   1.160288106610e-02  -1.257678714400e-03 0.0  -7.424928070580e-03  -4.504449957990e-03 5*0.0  -8.452754508100e-03   7.845310501990e-04 0.0   4.612579325470e-03   2.647315760580e-03 
5*0.0   1.127127418250e-02  -1.213448507940e-03 0.0  -7.187955481100e-03  -4.352519768330e-03 5*0.0  -8.147803178980e-03   7.528794679880e-04 0.0   4.443221445040e-03   2.552087028600e-03 
5*0.0   1.094782991930e-02  -1.170662648400e-03 0.0  -6.957823260750e-03  -4.205350345330e-03 5*0.0  -7.852398026000e-03   7.224899027960e-04 0.0   4.279684070200e-03   2.460282636910e-03 
5*0.0   1.063238559040e-02  -1.129278184910e-03 0.0  -6.734358636820e-03  -4.062807188650e-03 5*0.0  -7.566294657910e-03   6.933166462280e-04 0.0   4.121791672920e-03   2.371788948430e-03 
5*0.0   1.032478070450e-02  -1.089253306060e-03 0.0  -6.517392466500e-03  -3.924759100500e-03 5*0.0  -7.289253249780e-03   6.653154553340e-04 0.0   3.969373084170e-03   2.286495547270e-03 
5*0.0   1.002485702460e-02  -1.050547331550e-03 0.0  -6.306759157410e-03  -3.791078111240e-03 5*0.0  -7.021038512790e-03   6.384435122060e-04 0.0   3.822261416190e-03   2.204295168380e-03 
5*0.0   9.732458512390e-03  -1.013120672160e-03 0.0  -6.102296627180e-03  -3.661639415120e-03 5*0.0  -6.761419661440e-03   6.126593829010e-04 0.0   3.680293988730e-03   2.125083626340e-03 
5*0.0   9.447431354150e-03  -9.769348081660e-04 0.0  -5.903846245060e-03  -3.536321311240e-03 5*0.0  -6.510170382020e-03   5.879229792970e-04 0.0   3.543312251660e-03   2.048759745990e-03 
5*0.0   9.169623965260e-03  -9.419522696190e-04 0.0  -5.711252769880e-03  -3.415005124130e-03 5*0.0  -6.267068799840e-03   5.641955209410e-04 0.0   3.411161710680e-03   1.975225294000e-03 
5*0.0   8.898886914260e-03  -9.081365910010e-04 0.0  -5.524364321200e-03  -3.297575169750e-03 5*0.0  -6.031897440960e-03   5.414394982400e-04 0.0   3.283691852350e-03   1.904384910420e-03 
5*0.0   8.635073003700e-03  -8.754523153720e-04 0.0  -5.343032298060e-03  -3.183918668370e-03 5*0.0  -5.804443193210e-03   5.196186350840e-04 0.0   3.160756069180e-03   1.836146043360e-03 
5*0.0   8.378037203280e-03  -8.438649468840e-04 0.0  -5.167111340910e-03  -3.073925697490e-03 5*0.0  -5.584497267240e-03   4.986978547540e-04 0.0   3.042211585260e-03   1.770418881640e-03 
5*0.0   8.127636646760e-03  -8.133409378250e-04 0.0  -4.996459287310e-03  -2.967489130850e-03 5*0.0  -5.371855155790e-03   4.786432446370e-04 0.0   2.927919382350e-03   1.707116290870e-03 
5*0.0   7.883730656100e-03  -7.838476626390e-04 0.0  -4.830937094720e-03  -2.864504568440e-03 5*0.0  -5.166316587550e-03   4.594220225830e-04 0.0   2.817744126870e-03   1.646153750100e-03 
5*0.0   7.646180687980e-03  -7.553533981100e-04 0.0  -4.670408814130e-03  -2.764870301710e-03 5*0.0  -4.967685486610e-03   4.410025042370e-04 0.0   2.711554096900e-03   1.587449287520e-03 
5*0.0   7.414850350740e-03  -7.278272975860e-04 0.0  -4.514741524160e-03  -2.668487234370e-03 5*0.0  -4.775769923410e-03   4.233540709380e-04 0.0   2.609221109690e-03   1.530923420360e-03 
5*0.0   7.189605384210e-03  -7.012393716200e-04 0.0  -4.363805282900e-03  -2.575258837600e-03 5*0.0  -4.590382068290e-03   4.064471377430e-04 0.0   2.510620450060e-03   1.476499093140e-03 
5*0.0   6.970313638330e-03  -6.755604664700e-04 0.0  -4.217473087040e-03  -2.485091092580e-03 5*0.0  -4.411338146900e-03   3.902531240230e-04 0.0   2.415630799310e-03   1.424101617720e-03 
5*0.0   6.756845081160e-03  -6.507622431300e-04 0.0  -4.075620799850e-03  -2.397892438500e-03 5*0.0  -4.238458386840e-03   3.747444230630e-04 0.0   2.324134165060e-03   1.373658615470e-03 
5*0.0   6.549071770560e-03  -6.268171571640e-04 0.0  -3.938127125030e-03  -2.313573710760e-03 5*0.0  -4.071566970600e-03   3.598943729700e-04 0.0   2.236015810830e-03   1.325099958260e-03 
5*0.0   6.346867838510e-03  -6.036984387610e-04 0.0  -3.804873542320e-03  -2.232048099070e-03 5*0.0  -3.910491982470e-03   3.456772284450e-04 0.0   2.151164187560e-03   1.278357712680e-03 
5*0.0   6.150109477200e-03  -5.813800711480e-04 0.0  -3.675744269020e-03  -2.153231093370e-03 5*0.0  -3.755065360410e-03   3.320681335870e-04 0.0   2.069470864870e-03   1.233366083310e-03 
5*0.0   5.958674944820e-03  -5.598367801980e-04 0.0  -3.550626199250e-03  -2.077040426790e-03 5*0.0  -3.605122841380e-03   3.190430947530e-04 0.0   1.990830463900e-03   1.190061359080e-03 
5*0.0   5.772444527440e-03  -5.390440050130e-04 0.0  -3.429408865910e-03  -2.003396028370e-03 5*0.0  -3.460503909290e-03   3.065789541630e-04 0.0   1.915140590170e-03   1.148381858160e-03 
5*0.0   5.591300526550e-03  -5.189778837360e-04 0.0  -3.311984387300e-03  -1.932219979970e-03 5*0.0  -3.321051742120e-03   2.946533649790e-04 0.0   1.842301767590e-03   1.108267876180e-03 
5*0.0   5.415127253590e-03  -4.996152396920e-04 0.0  -3.198247420460e-03  -1.863436457890e-03 5*0.0  -3.186613158590e-03   2.832447659480e-04 0.0   1.772217373550e-03   1.069661633910e-03 
5*0.0   5.243811000690e-03  -4.809335588350e-04 0.0  -3.088095125310e-03  -1.796971696650e-03 5*0.0  -3.057038562350e-03   2.723323574320e-04 0.0   1.704793574260e-03   1.032507226550e-03 
5*0.0   5.077240036040e-03  -4.629109770620e-04 0.0  -2.981427100370e-03  -1.732753930370e-03 5*0.0  -2.932181891010e-03   2.618960782500e-04 0.0   1.639939261080e-03   9.967505736200e-04 
5*0.0   4.915304582070e-03  -4.455262594860e-04 0.0  -2.878145346960e-03  -1.670713354810e-03 5*0.0  -2.811900557610e-03   2.519165818210e-04 0.0   1.577565988460e-03   9.623393705620e-04 
5*0.0   4.757896788060e-03  -4.287587854170e-04 0.0  -2.778154228330e-03  -1.610782080590e-03 5*0.0  -2.696055398790e-03   2.423752148430e-04 0.0   1.517587911350e-03   9.292230401420e-04 
5*0.0   4.604910735380e-03  -4.125885369980e-04 0.0  -2.681360412850e-03  -1.552894088590e-03 5*0.0  -2.584510618550e-03   2.332539951600e-04 0.0   1.459921724900e-03   8.973526860030e-04 
5*0.0   4.456242391520e-03  -3.969960777050e-04 0.0  -2.587672846550e-03  -1.496985185710e-03 5*0.0  -2.477133733560e-03   2.245355905250e-04 0.0   1.404486604330e-03   8.666810465640e-04 
5*0.0   4.311789619760e-03  -3.819625398220e-04 0.0  -2.497002687070e-03  -1.442992960940e-03 5*0.0  -2.373795517170e-03   2.162032981740e-04 0.0   1.351204145310e-03   8.371624495310e-04 
5*0.0   4.171452135600e-03  -3.674696105570e-04 0.0  -2.409263280880e-03  -1.390856748850e-03 5*0.0  -2.274369945810e-03   2.082410249590e-04 0.0   1.299998306390e-03   8.087527681990e-04 
5*0.0   4.035131505320e-03  -3.534995146010e-04 0.0  -2.324370111480e-03  -1.340517580930e-03 5*0.0  -2.178734143590e-03   2.006332677910e-04 0.0   1.250795351160e-03   7.814093778540e-04 
5*0.0   3.902731114900e-03  -3.400350029020e-04 0.0  -2.242240755550e-03  -1.291918152500e-03 5*0.0  -2.086768325120e-03   1.933650946060e-04 0.0   1.203523792130e-03   7.550911136930e-04 
5*0.0   3.774156163850e-03  -3.270593395180e-04 0.0  -2.162794848230e-03  -1.245002775250e-03 5*0.0  -1.998355744940e-03   1.864221262650e-04 0.0   1.158114335080e-03   7.297582292030e-04 
5*0.0   3.649313631440e-03  -3.145562837510e-04 0.0  -2.085954034830e-03  -1.199717345670e-03 5*0.0  -1.913382638600e-03   1.797905183470e-04 0.0   1.114499824640e-03   7.053723558400e-04 
5*0.0   3.528112261940e-03  -3.025100805740e-04 0.0  -2.011641934360e-03  -1.156009303980e-03 5*0.0  -1.831738170850e-03   1.734569440690e-04 0.0   1.072615190370e-03   6.818964631080e-04 
5*0.0   3.410462559720e-03  -2.909054499370e-04 0.0  -1.939784097300e-03  -1.113827593800e-03 5*0.0  -1.753314380110e-03   1.674085771220e-04 0.0   1.032397394540e-03   6.592948201860e-04 
5*0.0   3.296276739450e-03  -2.797275662750e-04 0.0  -1.870307969250e-03  -1.073122628750e-03 5*0.0  -1.678006125270e-03   1.616330755620e-04 0.0   9.937853797950e-04   6.375329576720e-04 
5*0.0   3.185468717310e-03  -2.689620525530e-04 0.0  -1.803142852160e-03  -1.033846258970e-03 5*0.0  -1.605711032010e-03   1.561185655960e-04 0.0   9.567200182840e-04   6.165776304590e-04 
5*0.0   3.077954137470e-03  -2.585949727380e-04 0.0  -1.738219853170e-03  -9.959517245200e-04 5*0.0  -1.536329439510e-03   1.508536262530e-04 0.0   9.211440626590e-04   5.963967820390e-04 
5*0.0   2.973650265930e-03  -2.486128067690e-04 0.0  -1.675471864010e-03  -9.593936394520e-04 5*0.0  -1.469764347530e-03   1.458272744300e-04 0.0   8.870020951550e-04   5.769595085390e-04 
5*0.0   2.872476010540e-03  -2.390024466850e-04 0.0  -1.614833523780e-03  -9.241279369050e-04 5*0.0  -1.405921361970e-03   1.410289495810e-04 0.0   8.542404818950e-04   5.582360244600e-04 
5*0.0   2.774351931960e-03  -2.297511916840e-04 0.0  -1.556241165570e-03  -8.901118533280e-04 5*0.0  -1.344708647660e-03   1.364485009820e-04 0.0   8.228073227700e-04   5.401976288220e-04 
5*0.0   2.679200178620e-03  -2.208467264270e-04 0.0  -1.499632789500e-03  -8.573038831530e-04 5*0.0  -1.286036870760e-03   1.320761722310e-04 0.0   7.926524081490e-04   5.228166722040e-04 
5*0.0   2.586944490240e-03  -2.122771147050e-04 0.0  -1.444948029860e-03  -8.256637550480e-04 5*0.0  -1.229819151160e-03   1.279025888770e-04 0.0   7.637271716380e-04   5.060665247790e-04 
5*0.0   2.497510142800e-03  -2.040307891630e-04 0.0  -1.392128122970e-03  -7.951523992410e-04 5*0.0  -1.175971011590e-03   1.239187454920e-04 0.0   7.359846461930e-04   4.899215445940e-04 
5*0.0   2.410823991740e-03  -1.960965439440e-04 0.0  -1.341115849930e-03  -7.657319101030e-04 5*0.0  -1.124410327250e-03   1.201159928560e-04 0.0   7.093794194940e-04   4.743570470420e-04 
5*0.0   2.326814380930e-03  -1.884635210980e-04 0.0  -1.291855538430e-03  -7.373655249690e-04 5*0.0  -1.075057274230e-03   1.164860253470e-04 0.0   6.838675931240e-04   4.593492751370e-04 
5*0.0   2.245411172380e-03  -1.811212025820e-04 0.0  -1.244292995470e-03  -7.100175948750e-04 5*0.0  -1.027834282310e-03   1.130208696660e-04 0.0   6.594067390190e-04   4.448753700110e-04 
5*0.0   2.166545678330e-03  -1.740593938280e-04 0.0  -1.198375497400e-03  -6.836535421790e-04 5*0.0  -9.826659862950e-04   1.097128729640e-04 0.0   6.359558590730e-04   4.309133428240e-04 
5*0.0   2.090150696720e-03  -1.672682301390e-04 0.0  -1.154051741630e-03  -6.582398498480e-04 5*0.0  -9.394791770760e-04   1.065546921070e-04 0.0   6.134753455750e-04   4.174420468940e-04 
5*0.0   2.016160456110e-03  -1.607381546020e-04 0.0  -1.111271824610e-03  -6.337440218200e-04 5*0.0  -8.982027547340e-04   1.035392821940e-04 0.0   5.919269408420e-04   4.044411506050e-04 
5*0.0   1.944510572650e-03  -1.544599107480e-04 0.0  -1.069987208770e-03  -6.101345697170e-04 5*0.0  -8.587676819000e-04   1.006598866770e-04 0.0   5.712736999450e-04   3.918911112250e-04 
5*0.0   1.875138074600e-03  -1.484245383050e-04 0.0  -1.030150692380e-03  -5.873809604770e-04 5*0.0  -8.211069363570e-04   9.791002681420e-05 0.0   5.514799521880e-04   3.797731492320e-04 
5*0.0   1.807981376780e-03  -1.426233647940e-04 0.0  -9.917163636820e-04  -5.654536259170e-04 5*0.0  -7.851554664320e-04   9.528349190910e-05 0.0   5.325112648590e-04   3.680692231640e-04 
5*0.0   1.742980226070e-03  -1.370479957070e-04 0.0  -9.546395928840e-04  -5.443239031150e-04 5*0.0  -7.508501469000e-04   9.277433003680e-05 0.0   5.143344075660e-04   3.567620054910e-04 
5*0.0   1.680075700130e-03  -1.316903044700e-04 0.0  -9.188769961510e-04  -5.239640333610e-04 5*0.0  -7.181297316230e-04   9.037683816730e-05 0.0   4.969173161620e-04   3.458348588210e-04 
5*0.0   1.619210187260e-03  -1.265424275890e-04 0.0  -8.843863997890e-04  -5.043471315000e-04 5*0.0  -6.869348123190e-04   8.808555376950e-05 0.0   4.802290592040e-04   3.352718127930e-04 
5*0.0   1.560327366130e-03  -1.215967537830e-04 0.0  -8.511268142300e-04  -4.854471531320e-04 5*0.0  -6.572077749750e-04   8.589524580530e-05 0.0   4.642398045290e-04   3.250575417160e-04 
5*0.0   1.503372189780e-03  -1.168459262100e-04 0.0  -8.190584131360e-04  -4.672388830190e-04 5*0.0  -6.288927559630e-04   8.380090636020e-05 0.0   4.489207857060e-04   3.151773426890e-04 
5*0.0   1.448290847110e-03  -1.122828207740e-04 0.0  -7.881424960400e-04  -4.496979106510e-04 5*0.0  -6.019356021700e-04   8.179774258100e-05 0.0   4.342442709360e-04   3.056171142900e-04 
5*0.0   1.395030771300e-03  -1.079005537510e-04 0.0  -7.583414620560e-04  -4.328006025670e-04 5*0.0  -5.762838289170e-04   7.988116878050e-05 0.0   4.201835310500e-04   2.963633359980e-04 
5*0.0   1.343540583890e-03  -1.036924611890e-04 0.0  -7.296187981010e-04  -4.165240858800e-04 5*0.0  -5.518865789650e-04   7.804679868070e-05 0.0   4.067128096240e-04   2.874030480750e-04 
5*0.0   1.293770092940e-03  -9.965210076920e-05 0.0  -7.019390329530e-04  -4.008462243380e-04 5*0.0  -5.286945828200e-04   7.629043791740e-05 0.0   3.938072928350e-04   2.787238319540e-04 
5*0.0   1.245670279520e-03  -9.577324756060e-05 0.0  -6.752677311490e-04  -3.857456016440e-04 5*0.0  -5.066601215220e-04   7.460807747970e-05 0.0   3.814430809110e-04   2.703137913780e-04 
5*0.0   1.199193283970e-03  -9.204988024120e-05 0.0  -6.495714402660e-04  -3.712014937150e-04 5*0.0  -4.857369835030e-04   7.299588564470e-05 0.0   3.695971588630e-04   2.621615338330e-04 
5*0.0   1.154292361360e-03  -8.847618093350e-05 0.0  -6.248176957600e-04  -3.571938553140e-04 5*0.0  -4.658804316220e-04   7.145020244650e-05 0.0   3.582473699530e-04   2.542561524960e-04 
5*0.0   1.110921863460e-03  -8.504652398040e-05 0.0  -6.009749868840e-04  -3.437033045830e-04 5*0.0  -4.470471631020e-04   6.996753253640e-05 0.0   3.473723880580e-04   2.465872091460e-04 
5*0.0   1.069037244830e-03  -8.175547692150e-05 0.0  -5.780127241360e-04  -3.307110914820e-04 5*0.0  -4.291952735250e-04   6.854453900190e-05 0.0   3.369516918200e-04   2.391447169550e-04 
5*0.0   1.028595022310e-03  -7.859778619000e-05 0.0  -5.559012237960e-04  -3.181990910600e-04 5*0.0  -4.122842219800e-04   6.717803759390e-05 0.0   3.269655387460e-04   2.319191241510e-04 
5*0.0   9.895527595340e-04  -7.556838037640e-05 0.0  -5.346116896020e-04  -3.061497805910e-04 5*0.0  -3.962747926000e-04   6.586499007500e-05 0.0   3.173949404890e-04   2.249012981750e-04 
5*0.0   9.518690630250e-04  -7.266235905450e-05 0.0  -5.141161731780e-04  -2.945462244520e-04 5*0.0  -3.811290654690e-04   6.460249986120e-05 0.0   3.082216386240e-04   2.180825100060e-04 
5*0.0   9.155035284230e-04  -6.987498965310e-05 0.0  -4.943875789010e-04  -2.833720538310e-04 5*0.0  -3.668103767720e-04   6.338780513060e-05 0.0   2.994280807180e-04   2.114544193100e-04 
5*0.0   8.804167476350e-04  -6.720170124530e-05 0.0  -4.753996228230e-04  -2.726114538330e-04 5*0.0  -3.532832893310e-04   6.221827445850e-05 0.0   2.909973976070e-04   2.050090598290e-04 
5*0.0   8.465703049550e-04  -6.463808306260e-05 0.0  -4.571268082120e-04  -2.622491452350e-04 5*0.0  -3.405135579680e-04   6.109140123260e-05 0.0   2.829133805620e-04   1.987388251410e-04 
5*0.0   8.139267249320e-04  -6.217987374430e-05 0.0  -4.395444231400e-04  -2.522703660040e-04 5*0.0  -3.284680986500e-04   6.000479895500e-05 0.0   2.751604600910e-04   1.926364551230e-04 
5*0.0   7.824494756790e-04  -5.982296412540e-05 0.0  -4.226285021260e-04  -2.426608607100e-04 5*0.0  -3.171149565030e-04   5.895619643720e-05 0.0   2.677236840950e-04   1.866950226420e-04 
5*0.0   7.521029303060e-04  -5.756338368430e-05 0.0  -4.063558261860e-04  -2.334068668000e-04 5*0.0  -3.064232744100e-04   5.794343283930e-05 0.0   2.605886976540e-04   1.809079205230e-04 
5*0.0   7.228523800570e-04  -5.539730435900e-05 0.0  -3.907038819870e-04  -2.244950920740e-04 5*0.0  -2.963632654530e-04   5.696445392900e-05 0.0   2.537417226140e-04   1.752688493080e-04 
5*0.0   6.946639884910e-04  -5.332103234460e-05 0.0  -3.756508596380e-04  -2.159127061150e-04 5*0.0  -2.869061790110e-04   5.601730688510e-05 0.0   2.471695380490e-04   1.697718049910e-04 
5*0.0   6.675047873100e-04  -5.133100218980e-05 0.0  -3.611756226470e-04  -2.076473285170e-04 5*0.0  -2.780242763440e-04   5.510013688390e-05 0.0   2.408594617320e-04   1.644110674450e-04 
5*0.0   6.413426618630e-04  -4.942377829200e-05 0.0  -3.472576973350e-04  -1.996870079630e-04 5*0.0  -2.696907990150e-04   5.421118264230e-05 0.0   2.347993309960e-04   1.591811890430e-04 
5*0.0   6.161463249250e-04  -4.759604421200e-05 0.0  -3.338772541570e-04  -1.920202149270e-04 5*0.0  -2.618799432260e-04   5.334877286300e-05 0.0   2.289774852740e-04   1.540769835590e-04 
5*0.0   5.918853104380e-04  -4.584460550910e-05 0.0  -3.210150834310e-04  -1.846358253140e-04 5*0.0  -2.545668309060e-04   5.251132208420e-05 0.0   2.233827485130e-04   1.490935158140e-04 
5*0.0   5.685299407860e-04  -4.416638087690e-05 0.0  -3.086525913720e-04  -1.775231142150e-04 5*0.0  -2.477274845050e-04   5.169732751450e-05 0.0   2.180044118350e-04   1.442260911460e-04 
5*0.0   5.460513278990e-04  -4.255839952250e-05 0.0  -2.967717696350e-04  -1.706717333070e-04 5*0.0  -2.413388009890e-04   5.090536528800e-05 0.0   2.128322179330e-04   1.394702456660e-04 
5*0.0   5.244213408320e-04  -4.101779913770e-05 0.0  -2.853551923890e-04  -1.640717085490e-04 5*0.0  -2.353785260760e-04   5.013408731460e-05 0.0   2.078563443000e-04   1.348217365500e-04 
5*0.0   5.036126029470e-04  -3.954182148540e-05 0.0  -2.743859864350e-04  -1.577134225120e-04 5*0.0  -2.298252289540e-04   4.938221782440e-05 0.0   2.030673881090e-04   1.302765327850e-04 
5*0.0   4.835984809540e-04  -3.812781047560e-05 0.0  -2.638478249620e-04  -1.515876070390e-04 5*0.0  -2.246582792620e-04   4.864855043810e-05 0.0   1.984563510490e-04   1.258308061080e-04 
5*0.0   4.643530432220e-04  -3.677320544120e-05 0.0  -2.537249127580e-04  -1.456853287110e-04 5*0.0  -2.198578217380e-04   4.793194497090e-05 0.0   1.940146247000e-04   1.214809224780e-04 
5*0.0   4.458510760560e-04  -3.547554272970e-05 0.0  -2.440019655250e-04  -1.399979813890e-04 5*0.0  -2.154047546310e-04   4.723132475760e-05 0.0   1.897339764620e-04   1.172234336020e-04 
5*0.0   4.280680413850e-04  -3.423244764030e-05 0.0  -2.346642023920e-04  -1.345172738230e-04 5*0.0  -2.112807061440e-04   4.654567374390e-05 0.0   1.856065355820e-04   1.130550687460e-04 
5*0.0   4.109800819020e-04  -3.304163448710e-05 0.0  -2.256973239970e-04  -1.292352183570e-04 5*0.0  -2.074680127300e-04   4.587403384920e-05 0.0   1.816247799820e-04   1.089727271020e-04 
5*0.0   3.945639893980e-04  -3.190090546700e-05 0.0  -2.170875075230e-04  -1.241441251050e-04 5*0.0  -2.039496973470e-04   4.521550233380e-05 0.0   1.777815233940e-04   1.049734701060e-04 
5*0.0   3.787972120260e-04  -3.080814143890e-05 0.0  -2.088213874740e-04  -1.192365911050e-04 5*0.0  -2.007094481530e-04   4.456922929160e-05 0.0   1.740699025340e-04   1.010545142450e-04 
5*0.0   3.636578249290e-04  -2.976130777440e-05 0.0  -2.008860394230e-04  -1.145054837410e-04 5*0.0  -1.977315991160e-04   4.393441544220e-05 0.0   1.704833653300e-04   9.721322393640e-05 
5*0.0   3.491245101410e-04  -2.875844335520e-05 0.0  -1.932689758320e-04  -1.099439460930e-04 5*0.0  -1.950011080000e-04   4.331030955630e-05 0.0   1.670156588780e-04   9.344710479290e-05 
5*0.0   3.351765506500e-04  -2.779766310840e-05 0.0  -1.859581293440e-04  -1.055453734230e-04 5*0.0  -1.925035384210e-04   4.269620638810e-05 0.0   1.636608182350e-04   8.975379720560e-05 
5*0.0   3.217938295730e-04  -2.687715517910e-05 0.0  -1.789418370990e-04  -1.013034135120e-04 5*0.0  -1.902250407420e-04   4.209144464380e-05 0.0   1.604131550530e-04   8.613106975890e-05 
5*0.0   3.089567949190e-04  -2.599517677500e-05 0.0  -1.722088339470e-04  -9.721195606720e-05 5*0.0  -1.881523318320e-04   4.149540465800e-05 0.0   1.572672471900e-04   8.257681344280e-05 
5*0.0   2.966464528390e-04  -2.515005098240e-05 0.0  -1.657482411480e-04  -9.326512357740e-05 5*0.0  -1.862726789260e-04   4.090750659070e-05 0.0   1.542179283320e-04   7.908903568470e-05 
5*0.0   2.848443703920e-04  -2.434016978200e-05 0.0  -1.595495483810e-04  -8.945726481070e-05 5*0.0  -1.845738808840e-04   4.032720863730e-05 0.0   1.512602777850e-04   7.566585469070e-05 
5*0.0   2.735326355300e-04  -2.356398428000e-05 0.0  -1.536026088650e-04  -8.578294665990e-05 5*0.0  -1.830442508560e-04   3.975400491830e-05 0.0   1.483896109120e-04   7.230549408810e-05 
5*0.0   2.626938716520e-04  -2.282000850940e-05 0.0  -1.478976274480e-04  -8.223694533860e-05 5*0.0  -1.816726000680e-04   3.918742399660e-05 0.0   1.456014698150e-04   6.900627773180e-05 
5*0.0   2.523112023940e-04  -2.210681437820e-05 0.0  -1.424251494660e-04  -7.881424212580e-05 5*0.0  -1.804482211360e-04   3.862702705550e-05 0.0   1.428916140510e-04   6.576662455780e-05 
5*0.0   2.423682568550e-04  -2.142303121440e-05 0.0  -1.371760487040e-04  -7.551001354530e-05 5*0.0  -1.793608722560e-04   3.807240633720e-05 0.0   1.402560120950e-04   6.258504391720e-05 
5*0.0   2.328491425410e-04  -2.076734193260e-05 0.0  -1.321415223770e-04  -7.231962766870e-05 5*0.0  -1.784007613880e-04   3.752318350520e-05 0.0   1.376908326390e-04   5.946013077910e-05 
5*0.0   2.237384550050e-04  -2.013848412230e-05 0.0  -1.273130720370e-04  -6.923863338920e-05 5*0.0  -1.775585313650e-04   3.697900828470e-05 0.0   1.351924365430e-04   5.639056139070e-05 
5*0.0   2.150212410190e-04  -1.953524429500e-05 0.0  -1.226825061460e-04  -6.626275654270e-05 5*0.0  -1.768252458200e-04   3.643955698170e-05 0.0   1.327573688850e-04   5.337508893590e-05 
5*0.0   2.066830059700e-04  -1.895645986240e-05 0.0  -1.182419212390e-04  -6.338789409340e-05 5*0.0  -1.761923732020e-04   3.590453096750e-05 0.0   1.303823512280e-04   5.041253942550e-05 
5*0.0   1.987096897670e-04  -1.840101395680e-05 0.0  -1.139836979060e-04  -6.061010747110e-05 5*0.0  -1.756517750740e-04   3.537365567010e-05 0.0   1.280642742910e-04   4.750180774080e-05 
5*0.0   1.910876658060e-04  -1.786783619170e-05 0.0  -1.099004906400e-04  -5.792561596250e-05 5*0.0  -1.751956904430e-04   3.484667900440e-05 0.0   1.258001908710e-04   4.464185393470e-05 
5*0.0   1.838037253230e-04  -1.735590118990e-05 0.0  -1.059852188010e-04  -5.533079233260e-05 5*0.0  -1.748167247300e-04   3.432337041110e-05 0.0   1.235873088250e-04   4.183169942700e-05 
5*0.0   1.768450750500e-04  -1.686422548950e-05 0.0  -1.022310563800e-04  -5.282215532840e-05 5*0.0  -1.745078345830e-04   3.380351941560e-05 0.0   1.214229844610e-04   3.907042365030e-05 
5*0.0   1.701993058210e-04  -1.639186608820e-05 0.0  -9.863143054550e-05  -5.039636892460e-05 5*0.0  -1.742623175690e-04   3.328693484790e-05 0.0   1.193047161560e-04   3.635716065250e-05 
5*0.0   1.638544118990e-04  -1.593791986830e-05 0.0  -9.518000498860e-05  -4.805022929280e-05 5*0.0  -1.740737987030e-04   3.277344348790e-05 0.0   1.172301381050e-04   3.369109590210e-05 
5*0.0   1.577987554560e-04  -1.550152251060e-05 0.0  -9.187067999100e-05  -4.578066761880e-05 5*0.0  -1.739362194580e-04   3.226288926700e-05 0.0   1.151970144770e-04   3.107146327780e-05 
5*0.0   1.520210720610e-04  -1.508184607850e-05 0.0  -8.869757973680e-05  -4.358474167010e-05 5*0.0  -1.738438263320e-04   3.175513221690e-05 0.0   1.132032333910e-04   2.849754200880e-05 
5*0.0   1.465104574990e-04  -1.467809782630e-05 0.0  -8.565504674910e-05  -4.145963044070e-05 5*0.0  -1.737911587670e-04   3.125004736810e-05 0.0   1.112468017150e-04   2.596865401600e-05 
5*0.0   1.412563506330e-04  -1.428951759060e-05 0.0  -8.273763545950e-05  -3.940263131630e-05 5*0.0  -1.737730396460e-04   3.074752414870e-05 0.0   1.093258394190e-04   2.348416111840e-05 
5*0.0   1.362485346380e-04  -1.391538122480e-05 0.0  -7.994010623240e-05  -3.741115532150e-05 5*0.0  -1.737845641440e-04   3.024746533340e-05 0.0   1.074385745880e-04   2.104346255730e-05 
5*0.0   1.314771291920e-04  -1.355499381730e-05 0.0  -7.725741466960e-05  -3.548272063560e-05 5*0.0  -1.738210896530e-04   2.974978629680e-05 0.0   1.055833384140e-04   1.864599240940e-05 
5*0.0   1.269325670290e-04  -1.320769080160e-05 0.0  -7.468470908690e-05  -3.361495264480e-05 5*0.0  -1.738782263620e-04   2.925441427630e-05 0.0   1.037585604080e-04   1.629121745380e-05 
5*0.0   1.226056053960e-04  -1.287283904590e-05 0.0  -7.221732238550e-05  -3.180557532570e-05 5*0.0  -1.739518270070e-04   2.876128748490e-05 0.0   1.019627637860e-04   1.397863469430e-05 
5*0.0   1.184872990090e-04  -1.254983104500e-05 0.0  -6.985076623260e-05  -3.005241257440e-05 5*0.0  -1.740379779500e-04   2.827035454640e-05 0.0   1.001945610750e-04   1.170776947220e-05 
5*0.0   1.145690038930e-04  -1.223808788310e-05 0.0  -6.758072647910e-05  -2.835337781610e-05 5*0.0  -1.741329904270e-04   2.778157377930e-05 0.0   9.845264987840e-05   9.478173279430e-06 
5*0.0   1.108423644570e-04  -1.193705616290e-05 0.0  -6.540305424710e-05  -2.670647633650e-05 5*0.0  -1.742333910300e-04   2.729491243200e-05 0.0   9.673580864370e-05   7.289421840830e-06 
5*0.0   1.072993084010e-04  -1.164620773480e-05 0.0  -6.331376290160e-05  -2.510979934390e-05 5*0.0  -1.743359144210e-04   2.681034628320e-05 0.0   9.504289288740e-05   5.141113351620e-06 
5*0.0   1.039320354130e-04  -1.136503887780e-05 0.0  -6.130902275720e-05  -2.356151984430e-05 5*0.0  -1.744374941020e-04   2.632785887060e-05 0.0   9.337283131060e-05   3.032866675810e-06 
5*0.0   1.007330111720e-04  -1.109306771910e-05 0.0  -5.938515209330e-05  -2.205989112360e-05 5*0.0  -1.745352549640e-04   2.584744100520e-05 0.0   9.172462223060e-05   9.643197090490e-07 
5*0.0   9.769496052050e-05  -1.082983656950e-05 0.0  -5.753861786330e-05  -2.060324169960e-05 5*0.0  -1.746265055180e-04   2.536909023660e-05 0.0   9.009733001750e-05  -1.064872272500e-06 
5*0.0   9.481085834710e-05  -1.057490720970e-05 0.0  -5.576602634810e-05  -1.918997429700e-05 5*0.0  -1.747087304340e-04   2.489281032940e-05 0.0   8.849008170720e-05  -3.055038001020e-06 
5*0.0   9.207393066930e-05  -1.032786411680e-05 0.0  -5.406411801010e-05  -1.781856076550e-05 5*0.0  -1.747795832140e-04   2.441861078650e-05 0.0   8.690206394070e-05  -5.006491704490e-06 
5*0.0   8.947763007560e-05  -1.008830879310e-05 0.0  -5.242976661740e-05  -1.648754078600e-05 5*0.0  -1.748368792600e-04   2.394650637100e-05 0.0   8.533251967850e-05  -6.919534436980e-06 
5*0.0   8.701565103620e-05  -9.855864410830e-06 0.0  -5.085997044510e-05  -1.519551821070e-05 5*0.0  -1.748785894300e-04   2.347651674500e-05 0.0   8.378074535560e-05  -8.794455375230e-06 
5*0.0   8.468190328000e-05  -9.630170651260e-06 0.0  -4.935185100030e-05  -1.394116004440e-05 5*0.0  -1.749028327000e-04   2.300866588960e-05 0.0   8.224608798530e-05  -1.063153297690e-05 
5*0.0   8.247052110740e-05  -9.410884921250e-06 0.0  -4.790264620500e-05  -1.272319006330e-05 5*0.0  -1.749078708500e-04   2.254298193220e-05 0.0   8.072794246340e-05  -1.243103616280e-05 
5*0.0   8.037584311380e-05  -9.197681491920e-06 0.0  -4.650970872230e-05  -1.154039116700e-05 5*0.0  -1.748921013850e-04   2.207949657050e-05 0.0   7.922574889940e-05  -1.419322538110e-05 
5*0.0   7.839242177540e-05  -8.990251259280e-06 0.0  -4.517049921350e-05  -1.039159957560e-05 5*0.0  -1.748540522830e-04   2.161824484350e-05 0.0   7.773899019060e-05  -1.591835358650e-05 
5*0.0   7.651499542020e-05  -8.788299045380e-06 0.0  -4.388258626370e-05  -9.275703792830e-06 5*0.0  -1.747923759500e-04   2.115926474820e-05 0.0   7.626718953870e-05  -1.760666724500e-05 
5*0.0   7.473851744120e-05  -8.591546733500e-06 0.0  -4.264363502470e-05  -8.191641983780e-06 5*0.0  -1.747058432760e-04   2.070259689970e-05 0.0   7.480990823210e-05  -1.925840720780e-05 
5*0.0   7.305810678490e-05  -8.399728794330e-06 0.0  -4.145141434310e-05  -7.138400277620e-06 5*0.0  -1.745933400130e-04   2.024828436320e-05 0.0   7.336674334820e-05  -2.087380955580e-05 
5*0.0   7.146906535570e-05  -8.212590975000e-06 0.0  -4.030378596240e-05  -6.115009873110e-06 5*0.0  -1.744538590490e-04   1.979637216350e-05 0.0   7.193732577090e-05  -2.245310637400e-05 
5*0.0   6.996690283950e-05  -8.029898687620e-06 0.0  -3.919869771770e-05  -5.120546362190e-06 5*0.0  -1.742864968060e-04   1.934690707340e-05 0.0   7.052131810380e-05  -2.399652652120e-05 
5*0.0   6.854724767230e-05  -7.851421916690e-06 0.0  -3.813419366660e-05  -4.154126666330e-06 5*0.0  -1.740904491050e-04   1.889993754980e-05 0.0   6.911841272560e-05  -2.550429631020e-05 
5*0.0   6.720594409190e-05  -7.676947716510e-06 0.0  -3.710839286270e-05  -3.214907187150e-06 5*0.0  -1.738650051550e-04   1.845551325420e-05 0.0   6.772833008120e-05  -2.697664013050e-05 
5*0.0   6.593896484760e-05  -7.506273616270e-06 0.0  -3.611950375000e-05  -2.302082221790e-06 5*0.0  -1.736095436390e-04   1.801368493960e-05 0.0   6.635081675550e-05  -2.841378110140e-05 
5*0.0   6.474245427690e-05  -7.339206161180e-06 0.0  -3.516580742760e-05  -1.414883422080e-06 5*0.0  -1.733235283610e-04   1.757450422360e-05 0.0   6.498564392680e-05  -2.981594159330e-05 
5*0.0   6.361270058170e-05  -7.175564790910e-06 0.0  -3.424566276510e-05  -5.525762815480e-07 5*0.0  -1.730065042340e-04   1.713802339970e-05 0.0   6.363260574210e-05  -3.118334373910e-05 
5*0.0   6.254614143340e-05  -7.015176719940e-06 0.0  -3.335750000550e-05   2.855403921130e-07 5*0.0  -1.726580929650e-04   1.670429522170e-05 0.0   6.229151775270e-05  -3.251620994540e-05 
5*0.0   6.153935993490e-05  -6.857880593410e-06 0.0  -3.249981826060e-05   1.100136814010e-06 5*0.0  -1.722779891760e-04   1.627337272520e-05 0.0   6.096221551560e-05  -3.381476333680e-05 
5*0.0   6.058906175970e-05  -6.703522456580e-06 0.0  -3.167118635520e-05   1.891852329290e-06 5*0.0  -1.718659562820e-04   1.584530903320e-05 0.0   5.964455320700e-05  -3.507922811270e-05 
5*0.0   5.969210496140e-05  -6.551958531440e-06 0.0  -3.087023367810e-05   2.661298340430e-06 5*0.0  -1.714218243870e-04   1.542015737770e-05 0.0   5.833840224910e-05  -3.630982999060e-05 
5*0.0   5.884546329950e-05  -6.403052030970e-06 0.0  -3.009565494100e-05   3.409058508530e-06 5*0.0  -1.709454847620e-04   1.499797072000e-05 0.0   5.704365014790e-05  -3.750679649710e-05 
5*0.0   5.804623298870e-05  -6.256674074770e-06 0.0  -2.934620185200e-05   4.135690792710e-06 5*0.0  -1.704368881960e-04   1.457880176470e-05 0.0   5.576019922690e-05  -3.867035730910e-05 
5*0.0   5.729165227610e-05  -6.112706717800e-06 0.0  -2.862068265310e-05   4.841728679830e-06 5*0.0  -1.698960404590e-04   1.416270275260e-05 0.0   5.448796551920e-05  -3.980074452510e-05 
5*0.0   5.657903890990e-05  -5.971032799220e-06 0.0  -2.791796495730e-05   5.527681383130e-06 5*0.0  -1.693230002710e-04   1.374972547360e-05 0.0   5.322687772390e-05  -4.089819290830e-05 
5*0.0   5.590585953820e-05  -5.831548099590e-06 0.0  -2.723696340150e-05   6.194036460320e-06 5*0.0  -1.687178756320e-04   1.333992093970e-05 0.0   5.197687613560e-05  -4.196294012440e-05 
5*0.0   5.526966702450e-05  -5.694151805150e-06 0.0  -2.657664654090e-05   6.841260674580e-06 5*0.0  -1.680808208350e-04   1.293333945460e-05 0.0   5.073791171440e-05  -4.299522695770e-05 
5*0.0   5.466812969280e-05  -5.558749250190e-06 0.0  -2.593603004430e-05   7.469798815610e-06 5*0.0  -1.674120342660e-04   1.253003051500e-05 0.0   4.950994516080e-05  -4.399529745800e-05 
5*0.0   5.409901318950e-05  -5.425253005240e-06 0.0  -2.531417681960e-05   8.080078722670e-06 5*0.0  -1.667117556710e-04   1.213004266180e-05 0.0   4.829294601860e-05  -4.496339913610e-05 
5*0.0   5.356018621230e-05  -5.293581223830e-06 0.0  -2.471019400460e-05   8.672509189350e-06 5*0.0  -1.659802634970e-04   1.173342348170e-05 0.0   4.708689189450e-05  -4.589978304580e-05 
5*0.0   5.304960311990e-05  -5.163655623980e-06 0.0  -2.412323239720e-05   9.247481072450e-06 5*0.0  -1.652178717250e-04   1.134021937030e-05 0.0   4.589176765250e-05  -4.680470394150e-05 
5*0.0   5.256532419030e-05  -5.035405968240e-06 0.0  -2.355248261240e-05   9.805370188560e-06 5*0.0  -1.644249288260e-04   1.095047566930e-05 0.0   4.470756468150e-05  -4.767842036060e-05 
5*0.0   5.210548609790e-05  -4.908764067490e-06 0.0  -2.299717464020e-05   1.034653588180e-05 5*0.0  -1.636018143800e-04   1.056423647200e-05 0.0   4.353428022660e-05  -4.852119468130e-05 
5*0.0   5.166831528920e-05  -4.783667361320e-06 0.0  -2.245657801050e-05   1.087132353500e-05 5*0.0  -1.627489379530e-04   1.018154468710e-05 0.0   4.237191669060e-05  -4.933329320460e-05 
5*0.0   5.125212009300e-05  -4.660057825730e-06 0.0  -2.192999623800e-05   1.138006446820e-05 5*0.0  -1.618667357050e-04   9.802441804560e-06 0.0   4.122048103440e-05  -5.011498617490e-05 
5*0.0   5.085529409500e-05  -4.537882280870e-06 0.0  -2.141676850310e-05   1.187307689450e-05 5*0.0  -1.609556697740e-04   9.426968072020e-06 0.0   4.007998424450e-05  -5.086654781580e-05 
5*0.0   5.047629817250e-05  -4.417089490910e-06 0.0  -2.091626685590e-05   1.235066646060e-05 5*0.0  -1.600162253500e-04   9.055162266520e-06 0.0   3.895044068830e-05  -5.158825635100e-05 
5*0.0   5.011367258020e-05  -4.297633573890e-06 0.0  -2.042789484450e-05   1.281312746360e-05 5*0.0  -1.590489091460e-04   8.687061750230e-06 0.0   3.783186768850e-05  -5.228039397900e-05 
5*0.0   4.976603066270e-05  -4.179471564830e-06 0.0  -1.995108677280e-05   1.326074306400e-05 5*0.0  -1.580542480640e-04   8.322702501710e-06 0.0   3.672428500450e-05  -5.294324686440e-05 
5*0.0   4.943205039970e-05  -4.062564340400e-06 0.0  -1.948530627280e-05   1.369378609110e-05 5*0.0  -1.570327869350e-04   7.962118955420e-06 0.0   3.562771438240e-05  -5.357710514500e-05 
5*0.0   4.911048088220e-05  -3.946874664390e-06 0.0  -1.903004245520e-05   1.411251924680e-05 5*0.0  -1.559850873350e-04   7.605344091020e-06 0.0   3.454217914260e-05  -5.418226282360e-05 
5*0.0   4.880013000080e-05  -3.832369883030e-06 0.0  -1.858481409500e-05   1.451719644050e-05 5*0.0  -1.549117256460e-04   7.252409313540e-06 0.0   3.346770374150e-05  -5.475901780270e-05 
5*0.0   4.849986926470e-05  -3.719018676570e-06 0.0  -1.814916362490e-05   1.490806271310e-05 5*0.0  -1.538132920750e-04   6.903344562250e-06 0.0   3.240431348470e-05  -5.530767174690e-05 
5*0.0   4.820863488180e-05  -3.606793612620e-06 0.0  -1.772265692750e-05   1.528535479680e-05 5*0.0  -1.526903887930e-04   6.558178178840e-06 0.0   3.135203410590e-05  -5.582853006660e-05 
5*0.0   4.792540710960e-05  -3.495668332520e-06 0.0  -1.730488536410e-05   1.564930202420e-05 5*0.0  -1.515436290450e-04   6.216936998810e-06 0.0   3.031089151560e-05  -5.632190180440e-05 
5*0.0   4.764923482650e-05  -3.385620134890e-06 0.0  -1.689545958290e-05   1.600012642730e-05 5*0.0  -1.503736354550e-04   5.879646257880e-06 0.0   2.928091142620e-05  -5.678809959000e-05 
5*0.0   4.737920862090e-05  -3.276627849090e-06 0.0  -1.649401378120e-05   1.633804289590e-05 5*0.0  -1.491810392230e-04   5.546329678650e-06 0.0   2.826211915460e-05  -5.722743951530e-05 
5*0.0   4.711448218040e-05  -3.168672698010e-06 0.0  -1.610019996240e-05   1.666326090290e-05 5*0.0  -1.479664787050e-04   5.217009414530e-06 0.0   2.725453930490e-05  -5.764024105930e-05 
5*0.0   4.685424529260e-05  -3.061737206430e-06 0.0  -1.571369089480e-05   1.697598288020e-05 5*0.0  -1.467305979700e-04   4.891705991280e-06 0.0   2.625819560170e-05  -5.802682694050e-05 
5*0.0   4.659774341000e-05  -2.955806441930e-06 0.0  -1.533417665260e-05   1.727640614340e-05 5*0.0  -1.454740469120e-04   4.570438499050e-06 0.0   2.527311059680e-05  -5.838752307580e-05 
5*0.0   4.634426258210e-05  -2.850866886500e-06 0.0  -1.496136531000e-05   1.756472345950e-05 5*0.0  -1.441974787160e-04   4.253224377740e-06 0.0   2.429930555980e-05  -5.872265838530e-05 
5*0.0   4.609313069420e-05  -2.746906131210e-06 0.0  -1.459498145720e-05   1.784112152520e-05 5*0.0  -1.429015505980e-04   3.940079653360e-06 0.0   2.333680019250e-05  -5.903256474700e-05 
5*0.0   4.584372256700e-05  -2.643914047050e-06 0.0  -1.423476503770e-05   1.810578365540e-05 5*0.0  -1.415869208760e-04   3.631018670070e-06 0.0   2.238561259210e-05  -5.931757679730e-05 
5*0.0   4.559545140520e-05  -2.541881982140e-06 0.0  -1.388047053150e-05   1.835888817080e-05 5*0.0  -1.402542499900e-04   3.326054348650e-06 0.0   2.144575900090e-05  -5.957803187100e-05 
5*0.0   4.534776477990e-05  -2.440800837560e-06 0.0  -1.353186778800e-05   1.860060970410e-05 5*0.0  -1.389041990200e-04   3.025198150670e-06 0.0   2.051725370590e-05  -5.981426981570e-05 
5*0.0   4.510014690500e-05  -2.340664512960e-06 0.0  -1.318874005800e-05   1.883111928850e-05 5*0.0  -1.375374284270e-04   2.728459959240e-06 0.0   1.960010893940e-05  -6.002663289700e-05 
5*0.0   4.485212387240e-05  -2.241467904790e-06 0.0  -1.285088278780e-05   1.905058446770e-05 5*0.0  -1.361545980690e-04   2.435848250850e-06 0.0   1.869433473070e-05  -6.021546563590e-05 
5*0.0   4.460325044720e-05  -2.143205626670e-06 0.0  -1.251810323930e-05   1.925916959210e-05 5*0.0  -1.347563660530e-04   2.147370030050e-06 0.0   1.779993886530e-05  -6.038111466720e-05 
5*0.0   4.435311452790e-05  -2.045874974060e-06 0.0  -1.219022155350e-05   1.945703624920e-05 5*0.0  -1.333433883770e-04   1.863030891430e-06 0.0   1.691692676330e-05  -6.052392860890e-05 
5*0.0   4.410133056960e-05  -1.949472207510e-06 0.0  -1.186706830190e-05   1.964434300930e-05 5*0.0  -1.319163181650e-04   1.582835002790e-06 0.0   1.604530140700e-05  -6.064425792640e-05 
5*0.0   4.384754961560e-05  -1.853996178020e-06 0.0  -1.154848479580e-05   1.982124661380e-05 5*0.0  -1.304758048510e-04   1.306785121150e-06 0.0   1.518506330130e-05  -6.074245476700e-05 
5*0.0   4.359144679410e-05  -1.759444944790e-06 0.0  -1.123432148830e-05   1.998790050660e-05 5*0.0  -1.290224942090e-04   1.034882679850e-06 0.0   1.433621040940e-05  -6.081887283570e-05 
5*0.0   4.333272295930e-05  -1.665818045350e-06 0.0  -1.092443919920e-05   2.014445604640e-05 5*0.0  -1.275570276100e-04   7.671277552960e-07 0.0   1.349873812090e-05  -6.087386721970e-05 
5*0.0   4.307111023230e-05  -1.573115627730e-06 0.0  -1.061870606150e-05   2.029106368710e-05 5*0.0  -1.260800412120e-04   5.035190916050e-07 0.0   1.267263921500e-05  -6.090779427660e-05 
5*0.0   4.280635973370e-05  -1.481338024680e-06 0.0  -1.031700011740e-05   2.042787110170e-05 5*0.0  -1.245921659510e-04   2.440541319350e-07 0.0   1.185790381260e-05  -6.092101146630e-05 
5*0.0   4.253824556350e-05  -1.390485996410e-06 0.0  -1.001920770450e-05   2.055502457840e-05 5*0.0  -1.230940268170e-04  -1.127093845930e-08 0.0   1.105451940440e-05  -6.091387720660e-05 
5*0.0   4.226657271940e-05  -1.300561884060e-06 0.0  -9.725220054720e-06   2.067266871680e-05 5*0.0  -1.215862429970e-04  -2.624611626590e-07 0.0   1.026247080140e-05  -6.088675073650e-05 
5*0.0   4.199115430030e-05  -1.211566280230e-06 0.0  -9.434938835180e-06   2.078094663020e-05 5*0.0  -1.200694265990e-04  -5.095228508670e-07 0.0   9.481740162600e-06  -6.083999195000e-05 
5*0.0   4.171183751620e-05  -1.123502225770e-06 0.0  -9.148269129100e-06   2.088000054950e-05 5*0.0  -1.185441833230e-04  -7.524634488060e-07 0.0   8.712306954670e-06  -6.077396128110e-05 
5*0.0   4.142847759030e-05  -1.036371756090e-06 0.0  -8.865125069990e-06   2.096997115720e-05 5*0.0  -1.170111112170e-04  -9.912916463840e-07 0.0   7.954148008640e-06  -6.068901953630e-05 
5*0.0   4.114095189310e-05  -9.501771953900e-07 0.0  -8.585425295000e-06   2.105099778210e-05 5*0.0  -1.154708012140e-04  -1.226017193600e-06 0.0   7.207237517660e-06  -6.058552776120e-05 
5*0.0   4.084915878120e-05  -8.649219472170e-07 0.0  -8.309094130130e-06   2.112321935400e-05 5*0.0  -1.139238363670e-04  -1.456650998420e-06 0.0   6.471547047170e-06  -6.046384709060e-05 
5*0.0   4.055300875550e-05  -7.806086344970e-07 0.0  -8.036061409170e-06   2.118677310480e-05 5*0.0  -1.123707917990e-04  -1.683205036690e-06 0.0   5.747045565100e-06  -6.032433861320e-05 
5*0.0   4.025243071000e-05  -6.972409514200e-07 0.0  -7.766261535340e-06   2.124179625060e-05 5*0.0  -1.108122341720e-04  -1.905692384020e-06 0.0   5.033699465740e-06  -6.016736324870e-05 
5*0.0   3.994736480320e-05  -6.148217333850e-07 0.0  -7.499634321080e-06   2.128842449500e-05 5*0.0  -1.092487221610e-04  -2.124127073010e-06 0.0   4.331472622020e-06  -5.999328158050e-05 
5*0.0   3.963777127530e-05  -5.333545215210e-07 0.0  -7.236122876420e-06   2.132679340980e-05 5*0.0  -1.076808055340e-04  -2.338524197520e-06 0.0   3.640326386410e-06  -5.980245375500e-05 
5*0.0   3.932361805500e-05  -4.528425833260e-07 0.0  -6.975675008020e-06   2.135703696120e-05 5*0.0  -1.061090250790e-04  -2.548899851110e-06 0.0   2.960219680170e-06  -5.959523930250e-05 
5*0.0   3.900488832610e-05  -3.732895875980e-07 0.0  -6.718242169470e-06   2.137929016170e-05 5*0.0  -1.045339133370e-04  -2.755270984620e-06 0.0   2.291108981870e-06  -5.937199706170e-05 
5*0.0   3.868157596610e-05  -2.946986017750e-07 0.0  -6.463779787720e-06   2.139368516800e-05 5*0.0  -1.029559931610e-04  -2.957655543900e-06 0.0   1.632948420580e-06  -5.913308500680e-05 
