0.02, 500
 0.0    -0.2587   -0.6680, 0.0 3*0.0 0.0 3.0 2.0 T F
14.007, 0.299411 0.992782 -4.897327 10.180328 -10.924530 6.528399 -2.037269 0.262021 3.03 3.2 9*0.0
20*0.0
20*0.0
20*0.0
20*0.0
20*0.0
20*0.0
20*0.0
20*0.0
20*0.0
20*0.0
20*0.0
20*0.0
20*0.0
20*0.0
20*0.0
20*0.0
20*0.0
20*0.0
20*0.0
5*0.0  -1.267640737280e+00  -1.900369223240e+00 0.0   3.428231490060e-01  -1.510498527210e+00 5*0.0   7.964618807510e-01   9.289552589470e-01 0.0   1.484573992790e-01   9.083979187290e-01 
5*0.0  -1.195947120650e+00  -1.868530108510e+00 0.0   3.113168144670e-01  -1.453430014200e+00 5*0.0   7.780461258830e-01   9.222095935950e-01 0.0   1.578146931630e-01   9.021137787840e-01 
5*0.0  -1.124914227940e+00  -1.836340873380e+00 0.0   2.780628108310e-01  -1.401993039290e+00 5*0.0   7.591441462930e-01   9.152288800620e-01 0.0   1.672883479090e-01   8.958618324990e-01 
5*0.0  -1.054741859510e+00  -1.803880340260e+00 0.0   2.433982805080e-01  -1.355799633090e+00 5*0.0   7.397979486290e-01   9.080235518420e-01 0.0   1.768603280870e-01   8.896506179860e-01 
5*0.0  -9.856073639930e-01  -1.771222046920e+00 0.0   2.076342102540e-01  -1.314461285210e+00 5*0.0   7.200489128260e-01   9.006040411450e-01 0.0   1.865121366050e-01   8.834864544430e-01 
5*0.0  -9.176671161150e-01  -1.738434434150e+00 0.0   1.710560832640e-01  -1.277594827740e+00 5*0.0   6.999376807860e-01   8.929807518100e-01 0.0   1.962249839470e-01   8.773736789850e-01 
5*0.0  -8.510579431020e-01  -1.705581048020e+00 0.0   1.339247800180e-01  -1.244826855870e+00 5*0.0   6.795040589050e-01   8.851640344620e-01 0.0   2.059799424720e-01   8.713148732860e-01 
5*0.0  -7.858984981930e-01  -1.672720747070e+00 0.0   9.647764492390e-02  -1.215796974370e+00 5*0.0   6.587869336120e-01   8.771641638130e-01 0.0   2.157580861080e-01   8.653110784390e-01 
5*0.0  -7.222905689290e-01  -1.639907914010e+00 0.0   5.892965111800e-02  -1.190160108890e+00 5*0.0   6.378241990590e-01   8.689913180420e-01 0.0   2.255406159140e-01   8.593619969800e-01 
5*0.0  -6.603203202860e-01  -1.607192667680e+00 0.0   2.147461646870e-02  -1.167588076170e+00 5*0.0   6.166526961270e-01   8.606555601340e-01 0.0   2.353089720680e-01   8.534661814510e-01 
5*0.0  -6.000594766430e-01  -1.574621072640e+00 0.0  -1.571356472470e-02  -1.147770573590e+00 5*0.0   5.953081618700e-01   8.521668211020e-01 0.0   2.450449329120e-01   8.476212092250e-01 
5*0.0  -5.415664386080e-01  -1.542235345750e+00 0.0  -5.247969858820e-02  -1.130415713610e+00 5*0.0   5.738251885860e-01   8.435348849800e-01 0.0   2.547307017330e-01   8.418238435820e-01 
5*0.0  -4.848873457480e-01  -1.510074057270e+00 0.0  -8.868609357050e-02  -1.115250207410e+00 5*0.0   5.522371916680e-01   8.347693754910e-01 0.0   2.643489820030e-01   8.360701812440e-01 
5*0.0  -4.300570807230e-01  -1.478172327350e+00 0.0  -1.242113981020e-01  -1.102019277810e+00 5*0.0   5.305763854780e-01   8.258797442880e-01 0.0   2.738830418130e-01   8.303557867030e-01 
5*0.0  -3.771002207250e-01  -1.446562016670e+00 0.0  -1.589494802420e-01  -1.090486365580e+00 5*0.0   5.088737664590e-01   8.168752606680e-01 0.0   2.833167682540e-01   8.246758138560e-01 
5*0.0  -3.260319410220e-01  -1.415271910390e+00 0.0  -1.928083521910e-01  -1.080432680060e+00 5*0.0   4.871591027770e-01   8.077650026640e-01 0.0   2.926347124880e-01   8.190251154660e-01 
5*0.0  -2.768588691560e-01  -1.384327896390e+00 0.0  -2.257091411100e-01  -1.071656633150e+00 5*0.0   4.654609298110e-01   7.985578494130e-01 0.0   3.018221262500e-01   8.133983411190e-01 
5*0.0  -2.295798960720e-01  -1.353753136330e+00 0.0  -2.575851063150e-01  -1.063973188270e+00 5*0.0   4.438065508440e-01   7.892624747160e-01 0.0   3.108649905070e-01   8.077900242950e-01 
5*0.0  -1.841869396850e-01  -1.323568231660e+00 0.0  -2.883807025980e-01  -1.057213148590e+00 5*0.0   4.222220423620e-01   7.798873416910e-01 0.0   3.197500369630e-01   8.021946592730e-01 
5*0.0  -1.406656708810e-01  -1.293791381640e+00 0.0  -3.180506872740e-01  -1.051222403690e+00 5*0.0   4.007322633990e-01   7.704406984390e-01 0.0   3.284647631030e-01   7.966067685360e-01 
5*0.0  -9.899619391180e-02  -1.264438536610e+00 0.0  -3.465592713440e-01  -1.045861150150e+00 5*0.0   3.793608684170e-01   7.609305746400e-01 0.0   3.369974413920e-01   7.910209613770e-01 
5*0.0  -5.915368829870e-02  -1.235523544090e+00 0.0  -3.738793126950e-01  -1.041003098110e+00 5*0.0   3.581303232500e-01   7.513647789970e-01 0.0   3.453371232650e-01   7.854319843760e-01 
5*0.0  -2.110901237000e-02  -1.207058289440e+00 0.0  -3.999915503520e-01  -1.036534674690e+00 5*0.0   3.370619236740e-01   7.417508974620e-01 0.0   3.534736384670e-01   7.798347644110e-01 
5*0.0   1.517073404140e-02  -1.179052829780e+00 0.0  -4.248838788800e-01  -1.032354229640e+00 5*0.0   3.161758162170e-01   7.320962921580e-01 0.0   3.613975902900e-01   7.742244448300e-01 
5*0.0   4.972168533180e-02  -1.151515522450e+00 0.0  -4.485506617500e-01  -1.028371251830e+00 5*0.0   2.954910208520e-01   7.224081009570e-01 0.0   3.691003472010e-01   7.685964153980e-01 
5*0.0   8.258271752800e-02  -1.124453147570e+00 0.0  -4.709920839510e-01  -1.024505603610e+00 5*0.0   2.750254552430e-01   7.126932376230e-01 0.0   3.765740313440e-01   7.629463365930e-01 
5*0.0   1.137949996720e-01  -1.097871025060e+00 0.0  -4.922135417370e-01  -1.020686771960e+00 5*0.0   2.547959602760e-01   7.029583924880e-01 0.0   3.838115043300e-01   7.572701587940e-01 
5*0.0   1.434015742020e-01  -1.071773125450e+00 0.0  -5.122250692330e-01  -1.016853145290e+00 5*0.0   2.348183265990e-01   6.932100335900e-01 0.0   3.908063507180e-01   7.515641368840e-01 
5*0.0   1.714469732760e-01  -1.046162175250e+00 0.0  -5.310408014970e-01  -1.012951315650e+00 5*0.0   2.151073219630e-01   6.834544082310e-01 0.0   3.975528595530e-01   7.458248407400e-01 
5*0.0   1.979768697750e-01  -1.021039757660e+00 0.0  -5.486784734310e-01  -1.008935409800e+00 5*0.0   1.956767191410e-01   6.736975449120e-01 0.0   4.040460042830e-01   7.400491620650e-01 
5*0.0   2.230377573810e-01  -9.964064069470e-01 0.0  -5.651589524550e-01  -1.004766450380e+00 5*0.0   1.765393242760e-01   6.639452555950e-01 0.0   4.102814213590e-01   7.342343179780e-01 
5*0.0   2.466766622180e-01  -9.722616981840e-01 0.0  -5.805058056490e-01  -1.000411748670e+00 5*0.0   1.577070054790e-01   6.542031382620e-01 0.0   4.162553877830e-01   7.283778517400e-01 
5*0.0   2.689408828490e-01  -9.486043317420e-01 0.0  -5.947448990500e-01  -9.958443294160e-01 5*0.0   1.391907215620e-01   6.444765797200e-01 0.0   4.219647978480e-01   7.224776309890e-01 
5*0.0   2.898777584640e-01  -9.254322130050e-01 0.0  -6.079040290390e-01  -9.910423884490e-01 5*0.0   1.210005507810e-01   6.347707586470e-01 0.0   4.274071392880e-01   7.165318437920e-01 
5*0.0   3.095344613440e-01  -9.027425269530e-01 0.0  -6.200125837500e-01  -9.859887831030e-01 5*0.0   1.031457194960e-01   6.250906488150e-01 0.0   4.325804690190e-01   7.105389928210e-01 
5*0.0   3.279578158320e-01  -8.805318086650e-01 0.0  -6.311012340280e-01  -9.806705550740e-01 5*0.0   8.563463065650e-02   6.154410224900e-01 0.0   4.374833886590e-01   7.044978879320e-01 
5*0.0   3.451941380940e-01  -8.587960088180e-01 0.0  -6.412016522430e-01  -9.750784855630e-01 5*0.0   6.847489204850e-02   6.058264539750e-01 0.0   4.421150199540e-01   6.984076373860e-01 
5*0.0   3.612890981110e-01  -8.375305551940e-01 0.0  -6.503462576400e-01  -9.692066818280e-01 5*0.0   5.167334424330e-02   5.962513232670e-01 0.0   4.464749802570e-01   6.922676379380e-01 
5*0.0   3.762876007790e-01  -8.167304098890e-01 0.0  -6.585679867170e-01  -9.630521941990e-01 5*0.0   3.523608819190e-02   5.867198198200e-01 0.0   4.505633581620e-01   6.860775640020e-01 
5*0.0   3.902336856590e-01  -7.963901227070e-01 0.0  -6.659000877880e-01  -9.566146629230e-01 5*0.0   1.916851243080e-02   5.772359463890e-01 0.0   4.543806894000e-01   6.798373560730e-01 
5*0.0   4.031704425400e-01  -7.765038805590e-01 0.0  -6.723759374100e-01  -9.498959931880e-01 5*0.0   3.475319863150e-03   5.678035229360e-01 0.0   4.579279330670e-01   6.735472085660e-01 
5*0.0   4.151399430270e-01  -7.570655534650e-01 0.0  -6.780288779070e-01  -9.429000574140e-01 5*0.0  -1.183944591100e-02   5.584261905900e-01 0.0   4.612064482640e-01   6.672075572190e-01 
5*0.0   4.261831849100e-01  -7.380687369020e-01 0.0  -6.828920742780e-01  -9.356324234320e-01 5*0.0  -2.677237473570e-02   5.491074156460e-01 0.0   4.642179712110e-01   6.608190662030e-01 
5*0.0   4.363400498380e-01  -7.195067910680e-01 0.0  -6.869983891720e-01  -9.281001070560e-01 5*0.0  -4.132066452810e-02   5.398504935880e-01 0.0   4.669645928650e-01   6.543826150250e-01 
5*0.0   4.456492714930e-01  -7.013728769280e-01 0.0  -6.903802743590e-01  -9.203113477140e-01 5*0.0  -5.548209640700e-02   5.306585531230e-01 0.0   4.694487371070e-01   6.478992853660e-01 
5*0.0   4.541484138110e-01  -6.836599893500e-01 0.0  -6.930696776800e-01  -9.122754058220e-01 5*0.0  -6.925501033020e-02   5.215345602330e-01 0.0   4.716731395070e-01   6.413703478980e-01 
5*0.0   4.618738583610e-01  -6.663609876010e-01 0.0  -6.950979637930e-01  -9.040023801830e-01 5*0.0  -8.263828124550e-02   5.124813222110e-01 0.0   4.736408267020e-01   6.347972492020e-01 
5*0.0   4.688607989660e-01  -6.494686231040e-01 0.0  -6.964958477960e-01  -8.955030443990e-01 5*0.0  -9.563129575970e-02   5.035014916950e-01 0.0   4.753550964090e-01   6.281815988150e-01 
5*0.0   4.751432430300e-01  -6.329755647600e-01 0.0  -6.972933403630e-01  -8.867887006410e-01 5*0.0  -1.082339293270e-01   4.945975706840e-01 0.0   4.768194980710e-01   6.215251564910e-01 
5*0.0   4.807540195450e-01  -6.168744222460e-01 0.0  -6.975197032800e-01  -8.778710495230e-01 5*0.0  -1.204465239570e-01   4.857719145330e-01 0.0   4.780378141590e-01   6.148298197140e-01 
5*0.0   4.857247913630e-01  -6.011577669490e-01 0.0  -6.972034143100e-01  -8.687620746220e-01 5*0.0  -1.322698664390e-01   4.770267359150e-01 0.0   4.790140421250e-01   6.080976115050e-01 
5*0.0   4.900860709510e-01  -5.858181507560e-01 0.0  -6.963721407310e-01  -8.594739414360e-01 5*0.0  -1.437051670850e-01   4.683641087560e-01 0.0   4.797523770060e-01   6.013306685590e-01 
5*0.0   4.938672422910e-01  -5.708481235980e-01 0.0  -6.950527196240e-01  -8.500189071270e-01 5*0.0  -1.547540389820e-01   4.597859721350e-01 0.0   4.802571946860e-01   5.945312297380e-01 
5*0.0   4.970965825260e-01  -5.562402486490e-01 0.0  -6.932711456190e-01  -8.404092435700e-01 5*0.0  -1.654184777620e-01   4.512941341390e-01 0.0   4.805330357930e-01   5.877016249480e-01 
5*0.0   4.998012880350e-01  -5.419871162530e-01 0.0  -6.910525637480e-01  -8.306571692190e-01 5*0.0  -1.757008418630e-01   4.428902756790e-01 0.0   4.805845902380e-01   5.808442644140e-01 
5*0.0   5.020075018290e-01  -5.280813563710e-01 0.0  -6.884212675460e-01  -8.207747907580e-01 5*0.0  -1.856038333070e-01   4.345759542610e-01 0.0   4.804166823890e-01   5.739616283620e-01 
5*0.0   5.037403424700e-01  -5.145156497150e-01 0.0  -6.854007016700e-01  -8.107740532640e-01 5*0.0  -1.951304789680e-01   4.263526077050e-01 0.0   4.800342568500e-01   5.670562571320e-01 
5*0.0   5.050239333940e-01  -5.012827374240e-01 0.0  -6.820134681240e-01  -8.006666978100e-01 5*0.0  -2.042841123280e-01   4.182215578220e-01 0.0   4.794423648560e-01   5.601307417080e-01 
5*0.0   5.058814339290e-01  -4.883754299010e-01 0.0  -6.782813355190e-01  -7.904642255120e-01 5*0.0  -2.130683557340e-01   4.101840140250e-01 0.0   4.786461512550e-01   5.531877146860e-01 
5*0.0   5.063350694950e-01  -4.757866142630e-01 0.0  -6.742252515800e-01  -7.801778683370e-01 5*0.0  -2.214871031210e-01   4.022410769070e-01 0.0   4.776508420730e-01   5.462298416720e-01 
5*0.0   5.064061631700e-01  -4.635092612120e-01 0.0  -6.698653573000e-01  -7.698185644070e-01 5*0.0  -2.295445032300e-01   3.943937417430e-01 0.0   4.764617326430e-01   5.392598131060e-01 
5*0.0   5.061151662970e-01  -4.515364307180e-01 0.0  -6.652210032010e-01  -7.593969385380e-01 5*0.0  -2.372449432890e-01   3.866429019550e-01 0.0   4.750841762820e-01   5.322803365130e-01 
5*0.0   5.054816889610e-01  -4.398612770300e-01 0.0  -6.603107672570e-01  -7.489232870640e-01 5*0.0  -2.445930331690e-01   3.789893525030e-01 0.0   4.735235735070e-01   5.252941291780e-01 
5*0.0   5.045245301970e-01  -4.284770529600e-01 0.0  -6.551524736710e-01  -7.384075660180e-01 5*0.0  -2.515935899970e-01   3.714337932350e-01 0.0   4.717853617740e-01   5.183039112290e-01 
5*0.0   5.032617076960e-01  -4.173771135090e-01 0.0  -6.497632127860e-01  -7.278593827800e-01 5*0.0  -2.582516232400e-01   3.639768321640e-01 0.0   4.698750057150e-01   5.113123991260e-01 
5*0.0   5.017104866060e-01  -4.065549188810e-01 0.0  -6.441593614360e-01  -7.172879903580e-01 5*0.0  -2.645723202310e-01   3.566189886970e-01 0.0   4.677979878780e-01   5.043222995480e-01 
5*0.0   4.998874076040e-01  -3.960040368950e-01 0.0  -6.383566040700e-01  -7.067022844600e-01 5*0.0  -2.705610321550e-01   3.493606967980e-01 0.0   4.655597999300e-01   4.973363036640e-01 
5*0.0   4.978083145320e-01  -3.857181450560e-01 0.0  -6.323699537290e-01  -6.961108022480e-01 5*0.0  -2.762232604740e-01   3.422023080960e-01 0.0   4.631659343330e-01   4.903570817800e-01 
5*0.0   4.954883806160e-01  -3.756910320140e-01 0.0  -6.262137733850e-01  -6.855217232250e-01 5*0.0  -2.815646437960e-01   3.351440949250e-01 0.0   4.606218764580e-01   4.833872783500e-01 
5*0.0   4.929421344000e-01  -3.659165987560e-01 0.0  -6.199017972220e-01  -6.749428715830e-01 5*0.0  -2.865909451710e-01   3.281862533180e-01 0.0   4.579330971400e-01   4.764295073370e-01 
5*0.0   4.901834843250e-01  -3.563888593690e-01 0.0  -6.134471516820e-01  -6.643817198750e-01 5*0.0  -2.913080398310e-01   3.213289059230e-01 0.0   4.551050456410e-01   4.694863479180e-01 
5*0.0   4.872257427430e-01  -3.471019415160e-01 0.0  -6.068623763150e-01  -6.538453937440e-01 5*0.0  -2.957219033380e-01   3.145721048750e-01 0.0   4.521431430270e-01   4.625603405180e-01 
5*0.0   4.840816488010e-01  -3.380500866160e-01 0.0  -6.001594443360e-01  -6.433406777370e-01 5*0.0  -2.998386001630e-01   3.079158345960e-01 0.0   4.490527759330e-01   4.556539831560e-01 
5*0.0   4.807633907310e-01  -3.292276497750e-01 0.0  -5.933497827620e-01  -6.328740216580e-01 5*0.0  -3.036642726760e-01   3.013600145400e-01 0.0   4.458392907000e-01   4.487697280950e-01 
5*0.0   4.772826269050e-01  -3.206290994720e-01 0.0  -5.864442921690e-01  -6.224515478030e-01 5*0.0  -3.072051305370e-01   2.949045018760e-01 0.0   4.425079878860e-01   4.419099787900e-01 
5*0.0   4.736505064040e-01  -3.122490170730e-01 0.0  -5.794533658910e-01  -6.120790584570e-01 5*0.0  -3.104674405010e-01   2.885490941150e-01 0.0   4.390641171240e-01   4.350770871100e-01 
5*0.0   4.698776886610e-01  -3.040820961620e-01 0.0  -5.723869088630e-01  -6.017620439840e-01 5*0.0  -3.134575166080e-01   2.822935316710e-01 0.0   4.355128723160e-01   4.282733508270e-01 
5*0.0   4.659743621130e-01  -2.961231416760e-01 0.0  -5.652543557690e-01  -5.915056911200e-01 5*0.0  -3.161817107710e-01   2.761375003640e-01 0.0   4.318593871600e-01   4.215010113650e-01 
5*0.0   4.619502625740e-01  -2.883670689820e-01 0.0  -5.580646888360e-01  -5.813148913750e-01 5*0.0  -3.186464037430e-01   2.700806338720e-01 0.0   4.281087309930e-01   4.147622517890e-01 
5*0.0   4.578146902690e-01  -2.808089027310e-01 0.0  -5.508264549660e-01  -5.711942499260e-01 5*0.0  -3.208579964640e-01   2.641225161090e-01 0.0   4.242659049280e-01   4.080591950280e-01 
5*0.0   4.535765267760e-01  -2.734437757220e-01 0.0  -5.435477824070e-01  -5.611480942230e-01 5*0.0  -3.228229017770e-01   2.582626835570e-01 0.0   4.203358382960e-01   4.013939023220e-01 
5*0.0   4.492442508520e-01  -2.662669275570e-01 0.0  -5.362363967900e-01  -5.511804828310e-01 5*0.0  -3.245475365150e-01   2.525006275380e-01 0.0   4.163233853640e-01   3.947683718710e-01 
5*0.0   4.448259539300e-01  -2.592737033310e-01 0.0  -5.288996367180e-01  -5.412952142390e-01 5*0.0  -3.260383139300e-01   2.468357964220e-01 0.0   4.122333223200e-01   3.881845376960e-01 
5*0.0   4.403293548610e-01  -2.524595521600e-01 0.0  -5.215444688470e-01  -5.314958356260e-01 5*0.0  -3.273016364940e-01   2.412675977820e-01 0.0   4.080703445250e-01   3.816442686760e-01 
5*0.0   4.357618140620e-01  -2.458200257050e-01 0.0  -5.141775023470e-01  -5.217856516100e-01 5*0.0  -3.283438890220e-01   2.357954004980e-01 0.0   4.038390640100e-01   3.751493677770e-01 
5*0.0   4.311303473370e-01  -2.393507766620e-01 0.0  -5.068050029390e-01  -5.121677327180e-01 5*0.0  -3.291714321490e-01   2.304185367900e-01 0.0   3.995440072150e-01   3.687015714390e-01 
5*0.0   4.264416388820e-01  -2.330475571310e-01 0.0  -4.994329064360e-01  -5.026449239940e-01 5*0.0  -3.297905961250e-01   2.251363042150e-01 0.0   3.951896129590e-01   3.623025491320e-01 
5*0.0   4.217020541100e-01  -2.269062170710e-01 0.0  -4.920668317630e-01  -4.932198532630e-01 5*0.0  -3.302076749350e-01   2.199479675890e-01 0.0   3.907802306320e-01   3.559539030570e-01 
5*0.0   4.169176517630e-01  -2.209227026220e-01 0.0  -4.847120935910e-01  -4.838949393740e-01 5*0.0  -3.304289207350e-01   2.148527608710e-01 0.0   3.863201185920e-01   3.496571679920e-01 
5*0.0   4.120941957600e-01  -2.150930544780e-01 0.0  -4.773737144310e-01  -4.746724002060e-01 5*0.0  -3.304605385930e-01   2.098498889840e-01 0.0   3.818134427720e-01   3.434138112690e-01 
5*0.0   4.072371664170e-01  -2.094134061830e-01 0.0  -4.700564363770e-01  -4.655542606300e-01 5*0.0  -3.303086815270e-01   2.049385295870e-01 0.0   3.772642754800e-01   3.372252328820e-01 
5*0.0   4.023517715990e-01  -2.038799824980e-01 0.0  -4.627647323970e-01  -4.565423600750e-01 5*0.0  -3.299794458390e-01   2.001178347900e-01 0.0   3.726765943790e-01   3.310927657000e-01 
5*0.0   3.974429571870e-01  -1.984890976850e-01 0.0  -4.555028171880e-01  -4.476383601220e-01 5*0.0  -3.294788667310e-01   1.953869328270e-01 0.0   3.680542816490e-01   3.250176758070e-01 
5*0.0   3.925154173110e-01  -1.932371538240e-01 0.0  -4.482746577420e-01  -4.388437518410e-01 5*0.0  -3.288129141920e-01   1.907449296640e-01 0.0   3.634011233180e-01   3.190011629270e-01 
5*0.0   3.875736042200e-01  -1.881206391330e-01 0.0  -4.410839834200e-01  -4.301598629340e-01 5*0.0  -3.279874891660e-01   1.861909105690e-01 0.0   3.587208087500e-01   3.130443609600e-01 
5*0.0   3.826217378570e-01  -1.831361262800e-01 0.0  -4.339342957420e-01  -4.215878646740e-01 5*0.0  -3.270084199640e-01   1.817239416310e-01 0.0   3.540169302890e-01   3.071483385910e-01 
5*0.0   3.776638150670e-01  -1.782802707050e-01 0.0  -4.268288778230e-01  -4.131287786880e-01 5*0.0  -3.258814589430e-01   1.773430712190e-01 0.0   3.492929830530e-01   3.013140999950e-01 
5*0.0   3.727036184880e-01  -1.735498089560e-01 0.0  -4.197708034500e-01  -4.047834835840e-01 5*0.0  -3.246122794240e-01   1.730473314090e-01 0.0   3.445523648550e-01   2.955425856110e-01 
5*0.0   3.677447251740e-01  -1.689415570170e-01 0.0  -4.127629458570e-01  -3.965527213240e-01 5*0.0  -3.232064728450e-01   1.688357393560e-01 0.0   3.397983762680e-01   2.898346729840e-01 
5*0.0   3.627905150580e-01  -1.644524086900e-01 0.0  -4.058079861600e-01  -3.884371033840e-01 5*0.0  -3.216695461510e-01   1.647072986130e-01 0.0   3.350342208110e-01   2.841911776780e-01 
5*0.0   3.578441788100e-01  -1.600793339260e-01 0.0  -3.989084215670e-01  -3.804371169200e-01 5*0.0  -3.200069193990e-01   1.606610004220e-01 0.0   3.302630052470e-01   2.786128542410e-01 
5*0.0   3.529087258680e-01  -1.558193772470e-01 0.0  -3.920665731820e-01  -3.725531304810e-01 5*0.0  -3.182239235850e-01   1.566958249440e-01 0.0   3.254877399990e-01   2.731003972300e-01 
5*0.0   3.479869917440e-01  -1.516696561070e-01 0.0  -3.852845936640e-01  -3.647853998140e-01 5*0.0  -3.163257986680e-01   1.528107424500e-01 0.0   3.207113396720e-01   2.676544422800e-01 
5*0.0   3.430816455400e-01  -1.476273593410e-01 0.0  -3.785644745030e-01  -3.571340732550e-01 5*0.0  -3.143176918070e-01   1.490047144750e-01 0.0   3.159366236680e-01   2.622755672170e-01 
5*0.0   3.381951969020e-01  -1.436897455890e-01 0.0  -3.719080530940e-01  -3.495991970990e-01 5*0.0  -3.122046557780e-01   1.452766949240e-01 0.0   3.111663169010e-01   2.569642932150e-01 
5*0.0   3.333300028460e-01  -1.398541417490e-01 0.0  -3.653170195610e-01  -3.421807207570e-01 5*0.0  -3.099916475870e-01   1.416256311350e-01 0.0   3.064030505970e-01   2.517210859850e-01 
5*0.0   3.284882743680e-01  -1.361179414590e-01 0.0  -3.587929233280e-01  -3.348785017370e-01 5*0.0  -3.076835272490e-01   1.380504649070e-01 0.0   3.016493631730e-01   2.465463569940e-01 
5*0.0   3.236720828170e-01  -1.324786035920e-01 0.0  -3.523371794390e-01  -3.276923104680e-01 5*0.0  -3.052850567540e-01   1.345501334880e-01 0.0   2.969077011970e-01   2.414404647140e-01 
5*0.0   3.188833660430e-01  -1.289336507710e-01 0.0  -3.459510746690e-01  -3.206218349500e-01 5*0.0  -3.028008991800e-01   1.311235705160e-01 0.0   2.921804204190e-01   2.364037158950e-01 
5*0.0   3.141239343330e-01  -1.254806679140e-01 0.0  -3.396357734340e-01  -3.136666852740e-01 5*0.0  -3.002356179750e-01   1.277697069360e-01 0.0   2.874697868660e-01   2.314363668530e-01 
5*0.0   3.093954762100e-01  -1.221173008020e-01 0.0  -3.333923234270e-01  -3.068263979240e-01 5*0.0  -2.975936763880e-01   1.244874718650e-01 0.0   2.827779780010e-01   2.265386247840e-01 
5*0.0   3.046995639040e-01  -1.188412546530e-01 0.0  -3.272216611150e-01  -3.001004400310e-01 5*0.0  -2.948794370400e-01   1.212757934360e-01 0.0   2.781070839370e-01   2.217106490820e-01 
5*0.0   3.000376585480e-01  -1.156502927260e-01 0.0  -3.211246170250e-01  -2.934882134280e-01 5*0.0  -2.920971616350e-01   1.181335995910e-01 0.0   2.734591087070e-01   2.169525526750e-01 
5*0.0   2.954111157940e-01  -1.125422349840e-01 0.0  -3.151019207370e-01  -2.869890584020e-01 5*0.0  -2.892510108010e-01   1.150598188530e-01 0.0   2.688359715770e-01   2.122644033630e-01 
5*0.0   2.908211902720e-01  -1.095149567240e-01 0.0  -3.091542058700e-01  -2.806022576540e-01 5*0.0  -2.863450440600e-01   1.120533810590e-01 0.0   2.642395084080e-01   2.076462251700e-01 
5*0.0   2.862690405390e-01  -1.065663872490e-01 0.0  -3.032820147500e-01  -2.743270397970e-01 5*0.0  -2.833832199150e-01   1.091132180550e-01 0.0   2.596714730540e-01   2.030979996870e-01 
5*0.0   2.817557338940e-01  -1.036945086080e-01 0.0  -2.974858028760e-01  -2.681625828140e-01 5*0.0  -2.803693960440e-01   1.062382643690e-01 0.0   2.551335388000e-01   1.986196674290e-01 
5*0.0   2.772822504680e-01  -1.008973542780e-01 0.0  -2.917659433610e-01  -2.621080174950e-01 5*0.0  -2.773073296120e-01   1.034274578470e-01 0.0   2.506272998280e-01   1.942111291740e-01 
5*0.0   2.728494876590e-01  -9.817300794040e-02 0.0  -2.861227310920e-01  -2.561624306070e-01 5*0.0  -2.742006776810e-01   1.006797402580e-01 0.0   2.461542727140e-01   1.898722473200e-01 
5*0.0   2.684582642090e-01  -9.551960225360e-02 0.0  -2.805563867030e-01  -2.503248679660e-01 5*0.0  -2.710529977070e-01   9.799405787470e-02 0.0   2.417158979510e-01   1.856028472100e-01 
5*0.0   2.641093242350e-01  -9.293531766080e-02 0.0  -2.750670605540e-01  -2.445943374340e-01 5*0.0  -2.678677481460e-01   9.536936201680e-02 0.0   2.373135414970e-01   1.814027184770e-01 
5*0.0   2.598033406650e-01  -9.041838117370e-02 0.0  -2.696548363450e-01  -2.389698117910e-01 5*0.0  -2.646482891270e-01   9.280460957700e-02 0.0   2.329484963300e-01   1.772716163550e-01 
5*0.0   2.555409193410e-01  -8.796706527440e-02 0.0  -2.643197347510e-01  -2.334502313920e-01 5*0.0  -2.613978832210e-01   9.029876351170e-02 0.0   2.286219840350e-01   1.732092629970e-01 
5*0.0   2.513226021660e-01  -8.557968674780e-02 0.0  -2.590617168260e-01  -2.280345068350e-01 5*0.0  -2.581196962740e-01   8.785079330910e-02 0.0   2.243351563930e-01   1.692153487750e-01 
5*0.0   2.471488704440e-01  -8.325460557190e-02 0.0  -2.538806873050e-01  -2.227215214750e-01 5*0.0  -2.548167983200e-01   8.545967543100e-02 0.0   2.200890969860e-01   1.652895335590e-01 
5*0.0   2.430201482390e-01  -8.099022386060e-02 0.0  -2.487764977570e-01  -2.175101338020e-01 5*0.0  -2.514921645570e-01   8.312439372960e-02 0.0   2.158848228050e-01   1.614314479970e-01 
5*0.0   2.389368053380e-01  -7.878498478820e-02 0.0  -2.437489496040e-01  -2.123991797280e-01 5*0.0  -2.481486763810e-01   8.084393984050e-02 0.0   2.117232858670e-01   1.576406947620e-01 
5*0.0   2.348991601180e-01  -7.663737154130e-02 0.0  -2.387977970620e-01  -2.073874747980e-01 5*0.0  -2.447891224850e-01   7.861731355270e-02 0.0   2.076053748350e-01   1.539168497950e-01 
5*0.0   2.309074824100e-01  -7.454590632110e-02 0.0  -2.339227498720e-01  -2.024738162870e-01 5*0.0  -2.414162000070e-01   7.644352315500e-02 0.0   2.035319166360e-01   1.502594635240e-01 
5*0.0   2.269619962290e-01  -7.250914935440e-02 0.0  -2.291234759990e-01  -1.976569851780e-01 5*0.0  -2.380325157270e-01   7.432158576180e-02 0.0   1.995036780790e-01   1.466680620620e-01 
5*0.0   2.230628822200e-01  -7.052569790230e-02 0.0  -2.243996041860e-01  -1.929357480860e-01 5*0.0  -2.346405873130e-01   7.225052761700e-02 0.0   1.955213674720e-01   1.431421483930e-01 
5*0.0   2.192102801190e-01  -6.859418533070e-02 0.0  -2.197507263600e-01  -1.883088590690e-01 5*0.0  -2.312428446090e-01   7.022938437760e-02 0.0   1.915856362290e-01   1.396812035270e-01 
5*0.0   2.154042911290e-01  -6.671328017770e-02 0.0  -2.151764000250e-01  -1.837750613640e-01 5*0.0  -2.278416309530e-01   6.825720137740e-02 0.0   1.876970804730e-01   1.362846876470e-01 
5*0.0   2.116449800960e-01  -6.488168524710e-02 0.0  -2.106761504490e-01  -1.793330890250e-01 5*0.0  -2.244392045420e-01   6.633303387210e-02 0.0   1.838562426290e-01   1.329520412210e-01 
5*0.0   2.079323776690e-01  -6.309813673200e-02 0.0  -2.062494728150e-01  -1.749816684930e-01 5*0.0  -2.210377398190e-01   6.445594726500e-02 0.0   1.800636130100e-01   1.296826860970e-01 
5*0.0   2.042664822520e-01  -6.136140334390e-02 0.0  -2.018958342720e-01  -1.707195200800e-01 5*0.0  -2.176393288920e-01   6.262501731590e-02 0.0   1.763196313830e-01   1.264760265840e-01 
5*0.0   2.006472619410e-01  -5.967028547310e-02 0.0  -1.976146758770e-01  -1.665453593990e-01 5*0.0  -2.142459829790e-01   6.083933033210e-02 0.0   1.726246885300e-01   1.233314504910e-01 
5*0.0   1.970746564020e-01  -5.802361436890e-02 0.0  -1.934054144540e-01  -1.624578986720e-01 5*0.0  -2.108596338710e-01   5.909798334310e-02 0.0   1.689791277910e-01   1.202483301620e-01 
5*0.0   1.935485785550e-01  -5.642025133720e-02 0.0  -1.892674443670e-01  -1.584558480250e-01 5*0.0  -2.074821354210e-01   5.740008425950e-02 0.0   1.653832465920e-01   1.172260234750e-01 
5*0.0   1.900689162600e-01  -5.485908696010e-02 0.0  -1.852001392260e-01  -1.545379166790e-01 5*0.0  -2.041152650410e-01   5.574475201580e-02 0.0   1.618372979540e-01   1.142638748220e-01 
5*0.0   1.866355338140e-01  -5.333904032530e-02 0.0  -1.812028534910e-01  -1.507028140860e-01 5*0.0  -2.007607252200e-01   5.413111669940e-02 0.0   1.583414919860e-01   1.113612160610e-01 
5*0.0   1.832482735420e-01  -5.185905829000e-02 0.0  -1.772749240180e-01  -1.469492510090e-01 5*0.0  -1.974201450530e-01   5.255831966490e-02 0.0   1.548959973600e-01   1.085173674510e-01 
5*0.0   1.799069571550e-01  -5.041811475420e-02 0.0  -1.734156715180e-01  -1.432759405150e-01 5*0.0  -1.940950817710e-01   5.102551363410e-02 0.0   1.515009427600e-01   1.057316385530e-01 
5*0.0   1.766113870630e-01  -4.901520994730e-02 0.0  -1.696244019570e-01  -1.396815989600e-01 5*0.0  -1.907870222880e-01   4.953186278410e-02 0.0   1.481564183210e-01   1.030033291180e-01 
5*0.0   1.733613477360e-01  -4.764936974990e-02 0.0  -1.659004078870e-01  -1.361649468620e-01 5*0.0  -1.874973847510e-01   4.807654282170e-02 0.0   1.448624770380e-01   1.003317299350e-01 
5*0.0   1.701566068110e-01  -4.631964500870e-02 0.0  -1.622429697070e-01  -1.327247097650e-01 5*0.0  -1.842275200840e-01   4.665874104620e-02 0.0   1.416191361530e-01   9.771612367360e-02 
5*0.0   1.669969163070e-01  -4.502511089390e-02 0.0  -1.586513568610e-01  -1.293596190170e-01 5*0.0  -1.809787135420e-01   4.527765640060e-02 0.0   1.384263785240e-01   9.515578568520e-02 
5*0.0   1.638820136630e-01  -4.376486625350e-02 0.0  -1.551248289910e-01  -1.260684125310e-01 5*0.0  -1.777521862610e-01   4.393249951150e-02 0.0   1.352841539680e-01   9.264998479080e-02 
5*0.0   1.608116227990e-01  -4.253803299740e-02 0.0  -1.516626370050e-01  -1.228498354700e-01 5*0.0  -1.745490968030e-01   4.262249271840e-02 0.0   1.321923805800e-01   9.019798404020e-02 
5*0.0   1.577854550520e-01  -4.134375548890e-02 0.0  -1.482640241220e-01  -1.197026409030e-01 5*0.0  -1.713705427010e-01   4.134687009290e-02 0.0   1.291509460270e-01   8.779904144770e-02 
5*0.0   1.548032101060e-01  -4.018119995560e-02 0.0  -1.449282268430e-01  -1.166255904200e-01 5*0.0  -1.682175619890e-01   4.010487744810e-02 0.0   1.261597088220e-01   8.545241070510e-02 
5*0.0   1.518645768550e-01  -3.904955391800e-02 0.0  -1.416544758790e-01  -1.136174546980e-01 5*0.0  -1.650911347370e-01   3.889577233890e-02 0.0   1.232184995650e-01   8.315734187000e-02 
5*0.0   1.489692342410e-01  -3.794802563040e-02 0.0  -1.384419970270e-01  -1.106770140150e-01 5*0.0  -1.619921845660e-01   3.771882405270e-02 0.0   1.203271221660e-01   8.091308203110e-02 
5*0.0   1.461168519810e-01  -3.687584353310e-02 0.0  -1.352900120060e-01  -1.078030587630e-01 5*0.0  -1.589215801580e-01   3.657331359320e-02 0.0   1.174853550390e-01   7.871887595100e-02 
5*0.0   1.433070913600e-01  -3.583225573010e-02 0.0  -1.321977392450e-01  -1.049943898850e-01 5*0.0  -1.558801367520e-01   3.545853365430e-02 0.0   1.146929522730e-01   7.657396668500e-02 
5*0.0   1.405396058630e-01  -3.481652946690e-02 0.0  -1.291643946280e-01  -1.022498193010e-01 5*0.0  -1.528686176290e-01   3.437378858750e-02 0.0   1.119496447700e-01   7.447759617840e-02 
5*0.0   1.378140418680e-01  -3.382795063340e-02 0.0  -1.261891922000e-01  -9.956817029450e-02 5*0.0  -1.498877355840e-01   3.331839436180e-02 0.0   1.092551413680e-01   7.242900584100e-02 
5*0.0   1.351300392210e-01  -3.286582327310e-02 0.0  -1.232713448390e-01  -9.694827786600e-02 5*0.0  -1.469381543800e-01   3.229167851690e-02 0.0   1.066091299280e-01   7.042743709980e-02 
5*0.0   1.324872318360e-01  -3.192946910790e-02 0.0  -1.204100648760e-01  -9.438898905810e-02 5*0.0  -1.440204901890e-01   3.129298010900e-02 0.0   1.040112784040e-01   6.847213193020e-02 
5*0.0   1.298852482650e-01  -3.101822708150e-02 0.0  -1.176045646960e-01  -9.188916325120e-02 5*0.0  -1.411353130130e-01   3.032164965150e-02 0.0   1.014612358750e-01   6.656233336580e-02 
5*0.0   1.273237121560e-01  -3.013145290080e-02 0.0  -1.148540573050e-01  -8.944767243670e-02 5*0.0  -1.382831480930e-01   2.937704904900e-02 0.0   9.895863356510e-02   6.469728598760e-02 
5*0.0   1.248022427710e-01  -2.926851860530e-02 0.0  -1.121577568480e-01  -8.706340145530e-02 5*0.0  -1.354644772960e-01   2.845855152630e-02 0.0   9.650308582740e-02   6.287623639210e-02 
5*0.0   1.223204554640e-01  -2.842881213890e-02 0.0  -1.095148791190e-01  -8.473524821880e-02 5*0.0  -1.326797404800e-01   2.756554155190e-02 0.0   9.409419110550e-02   6.109843364000e-02 
5*0.0   1.198779620480e-01  -2.761173693310e-02 0.0  -1.069246420250e-01  -8.246212390550e-02 5*0.0  -1.299293368520e-01   2.669741475660e-02 0.0   9.173153286950e-02   5.936312968450e-02 
5*0.0   1.174743712510e-01  -2.681671150870e-02 0.0  -1.043862660210e-01  -8.024295313190e-02 5*0.0  -1.272136262850e-01   2.585357784760e-02 0.0   8.941468052630e-02   5.766957978100e-02 
5*0.0   1.151092890850e-01  -2.604316908070e-02 0.0  -1.018989745400e-01  -7.807667410520e-02 5*0.0  -1.245329306380e-01   2.503344851810e-02 0.0   8.714319030410e-02   5.601704287660e-02 
5*0.0   1.127823192030e-01  -2.529055717920e-02 0.0  -9.946199437130e-02  -7.596223875820e-02 5*0.0  -1.218875350390e-01   2.423645535270e-02 0.0   8.491660611200e-02   5.440478198260e-02 
5*0.0   1.104930632220e-01  -2.455833727440e-02 0.0  -9.707455602600e-02  -7.389861285780e-02 5*0.0  -1.192776891480e-01   2.346203772980e-02 0.0   8.273446037490e-02   5.283206452750e-02 
5*0.0   1.082411210590e-01  -2.384598441960e-02 0.0  -9.473589409170e-02  -7.188477610420e-02 5*0.0  -1.167036084080e-01   2.270964571930e-02 0.0   8.059627484310e-02   5.129816269310e-02 
5*0.0   1.060260912140e-01  -2.315298689940e-02 0.0  -9.244524753870e-02  -6.991972220670e-02 5*0.0  -1.141654752620e-01   2.197873997770e-02 0.0   7.850156137770e-02   4.980235373310e-02 
5*0.0   1.038475710750e-01  -2.247884588700e-02 0.0  -9.020186002930e-02  -6.800245894780e-02 5*0.0  -1.116634403560e-01   2.126879164010e-02 0.0   7.644982271210e-02   4.834392027420e-02 
5*0.0   1.017051571480e-01  -2.182307511210e-02 0.0  -8.800498019010e-02  -6.613200822830e-02 5*0.0  -1.091976237150e-01   2.057928220940e-02 0.0   7.444055318950e-02   4.692215060170e-02 
5*0.0   9.959844533200e-02  -2.118520053900e-02 0.0  -8.585386188320e-02  -6.430740610060e-02 5*0.0  -1.067681158970e-01   1.990970344240e-02 0.0   7.247323947620e-02   4.553633892860e-02 
5*0.0   9.752703113900e-02  -2.056476005120e-02 0.0  -8.374776443930e-02  -6.252770278860e-02 5*0.0  -1.043749791250e-01   1.925955723420e-02 0.0   7.054736125300e-02   4.418578564830e-02 
5*0.0   9.549050992240e-02  -1.996130314600e-02 0.0  -8.168595289480e-02  -6.079196269200e-02 5*0.0  -1.020182483960e-01   1.862835550020e-02 0.0   6.866239188210e-02   4.286979757370e-02 
5*0.0   9.348847707230e-02  -1.937439063570e-02 0.0  -7.966769818810e-02  -5.909926438190e-02 5*0.0  -9.969793256440e-02   1.801562005560e-02 0.0   6.681779905260e-02   4.158768815980e-02 
5*0.0   9.152052822100e-02  -1.880359436120e-02 0.0  -7.769227736790e-02  -5.744870058370e-02 5*0.0  -9.741401540460e-02   1.742088249370e-02 0.0   6.501304540330e-02   4.033877771290e-02 
5*0.0   8.958625942380e-02  -1.824849690790e-02 0.0  -7.575897376290e-02  -5.583937814780e-02 5*0.0  -9.516645665010e-02   1.684368406250e-02 0.0   6.324758912380e-02   3.912239358570e-02 
5*0.0   8.768526731700e-02  -1.770869133190e-02 0.0  -7.386707715310e-02  -5.427041801280e-02 5*0.0  -9.295519300780e-02   1.628357553960e-02 0.0   6.152088453380e-02   3.793787035830e-02 
5*0.0   8.581714930350e-02  -1.718378089550e-02 0.0  -7.201588391980e-02  -5.274095515750e-02 5*0.0  -9.078013915050e-02   1.574011710620e-02 0.0   5.983238264200e-02   3.678455000700e-02 
5*0.0   8.398150367740e-02  -1.667337880500e-02 0.0  -7.020469718620e-02  -5.125013854490e-02 5*0.0  -8.864118868510e-02   1.521287821930e-02 0.0   5.818153168330e-02   3.566178205880e-02 
5*0.0   8.217792979420e-02  -1.617710796140e-02 0.0  -6.843282694640e-02  -4.979713105820e-02 5*0.0  -8.653821509850e-02   1.470143748380e-02 0.0   5.656777763680e-02   3.456892373540e-02 
5*0.0   8.040602818520e-02  -1.569460071280e-02 0.0  -6.669959018150e-02  -4.838110942690e-02 5*0.0  -8.447107268020e-02   1.420538252340e-02 0.0   5.499056472290e-02   3.350534008370e-02 
5*0.0   7.866540069420e-02  -1.522549861670e-02 0.0  -6.500431096300e-02  -4.700126414860e-02 5*0.0  -8.243959742150e-02   1.372430985050e-02 0.0   5.344933588110e-02   3.247040409530e-02 
5*0.0   7.695565059120e-02  -1.476945220670e-02 0.0  -6.334632055350e-02  -4.565679940230e-02 5*0.0  -8.044360789290e-02   1.325782473590e-02 0.0   5.194353322960e-02   3.146349681500e-02 
5*0.0   7.527638268850e-02  -1.432612076740e-02 0.0  -6.172495748680e-02  -4.434693295540e-02 5*0.0  -7.848290609790e-02   1.280554107860e-02 0.0   5.047259850460e-02   3.048400743830e-02 
5*0.0   7.362720344450e-02  -1.389517211290e-02 0.0  -6.013956764860e-02  -4.307089606530e-02 5*0.0  -7.655727830510e-02   1.236708127390e-02 0.0   4.903597348260e-02   2.953133339800e-02 
5*0.0   7.200772106470e-02  -1.347628237410e-02 0.0  -5.858950434340e-02  -4.182793337560e-02 5*0.0  -7.466649585770e-02   1.194207608320e-02 0.0   4.763310038430e-02   2.860488044130e-02 
5*0.0   7.041754559520e-02  -1.306913578920e-02 0.0  -5.707412835230e-02  -4.061730280650e-02 5*0.0  -7.281031596090e-02   1.153016450180e-02 0.0   4.626342226080e-02   2.770406269740e-02 
5*0.0   6.885628900830e-02  -1.267342450110e-02 0.0  -5.559280798560e-02  -3.943827544030e-02 5*0.0  -7.098848244820e-02   1.113099362850e-02 0.0   4.492638336300e-02   2.682830273460e-02 
5*0.0   6.732356528550e-02  -1.228884835850e-02 0.0  -5.414491912910e-02  -3.829013540800e-02 5*0.0  -6.920072652510e-02   1.074421853410e-02 0.0   4.362142949460e-02   2.597703160990e-02 
5*0.0   6.581899050420e-02  -1.191511472610e-02 0.0  -5.272984527870e-02  -3.717217975920e-02 5*0.0  -6.744676749230e-02   1.036950213060e-02 0.0   4.234800834820e-02   2.514968890840e-02 
5*0.0   6.434218289860e-02  -1.155193829510e-02 0.0  -5.134697756950e-02  -3.608371834150e-02 5*0.0  -6.572631344790e-02   1.000651504120e-02 0.0   4.110556982570e-02   2.434572277590e-02 
5*0.0   6.289276293940e-02  -1.119904090200e-02 0.0  -4.999571480730e-02  -3.502407367480e-02 5*0.0  -6.403906196790e-02   9.654935469640e-03 0.0   3.989356634400e-02   2.356458994200e-02 
5*0.0   6.147035339710e-02  -1.085615135120e-02 0.0  -4.867546347100e-02  -3.399258080730e-02 5*0.0  -6.238470076780e-02   9.314449071320e-03 0.0   3.871145312430e-02   2.280575573680e-02 
5*0.0   6.007457939900e-02  -1.052300524070e-02 0.0  -4.738563774140e-02  -3.298858719070e-02 5*0.0  -6.076290834250e-02   8.984748823930e-03 0.0   3.755868846820e-02   2.206869409970e-02 
5*0.0   5.870506850240e-02  -1.019934479670e-02 0.0  -4.612565950360e-02  -3.201145254600e-02 5*0.0  -5.917335458700e-02   8.665534899380e-03 0.0   3.643473401810e-02   2.135288758050e-02 
5*0.0   5.736145071650e-02  -9.884918704460e-03 0.0  -4.489495834020e-02  -3.106054870920e-02 5*0.0  -5.761570139810e-02   8.356514536250e-03 0.0   3.533905500510e-02   2.065782733540e-02 
5*0.0   5.604335859850e-02  -9.579481954460e-03 0.0  -4.369297153750e-02  -3.013525950210e-02 5*0.0  -5.608960325560e-02   8.057401913050e-03 0.0   3.427112048250e-02   1.998301311480e-02 
5*0.0   5.475042726800e-02  -9.282795683930e-03 0.0  -4.251914407500e-02  -2.923498058570e-02 5*0.0  -5.459470778570e-02   7.767918022350e-03 0.0   3.323040354650e-02   1.932795324630e-02 
5*0.0   5.348229447170e-02  -8.994627024790e-03 0.0  -4.137292861140e-02  -2.835911930940e-02 5*0.0  -5.313065630500e-02   7.487790545820e-03 0.0   3.221638154420e-02   1.869216461060e-02 
5*0.0   5.223860061500e-02  -8.714748957480e-03 0.0  -4.025378547100e-02  -2.750709457430e-02 5*0.0  -5.169708434690e-02   7.216753730250e-03 0.0   3.122853626940e-02   1.807517261340e-02 
5*0.0   5.101898880510e-02  -8.442940165500e-03 0.0  -3.916118261930e-02  -2.667833667500e-02 5*0.0  -5.029362216970e-02   6.954548264590e-03 0.0   3.026635414610e-02   1.747651115010e-02 
5*0.0   4.982310491020e-02  -8.178984899880e-03 0.0  -3.809459564660e-02  -2.587228715840e-02 5*0.0  -4.891989524690e-02   6.700921158050e-03 0.0   2.932932640060e-02   1.689572256700e-02 
5*0.0   4.865059755710e-02  -7.922672834020e-03 0.0  -3.705350773280e-02  -2.508839867100e-02 5*0.0  -4.757552474070e-02   6.455625619330e-03 0.0   2.841694922270e-02   1.633235761710e-02 
5*0.0   4.750111819780e-02  -7.673798940620e-03 0.0  -3.603740962170e-02  -2.432613480670e-02 5*0.0  -4.626012795850e-02   6.218420936970e-03 0.0   2.752872391500e-02   1.578597541080e-02 
5*0.0   4.637432112410e-02  -7.432163353010e-03 0.0  -3.504579958850e-02  -2.358496996300e-02 5*0.0  -4.497331879240e-02   5.989072360950e-03 0.0   2.666415703340e-02   1.525614336370e-02 
5*0.0   4.526986350750e-02  -7.197571245880e-03 0.0  -3.407818339710e-02  -2.286438917740e-02 5*0.0  -4.371470814290e-02   5.767350985460e-03 0.0   2.582276051520e-02   1.474243713850e-02 
5*0.0   4.418740542410e-02  -6.969832708630e-03 0.0  -3.313407426720e-02  -2.216388799070e-02 5*0.0  -4.248390432680e-02   5.553033632980e-03 0.0   2.500405179940e-02   1.424444058480e-02 
5*0.0   4.312660987630e-02  -6.748762625780e-03 0.0  -3.221299282750e-02  -2.148297228110e-02 5*0.0  -4.128051346890e-02   5.345902739620e-03 0.0   2.420755393630e-02   1.376174567410e-02 
5*0.0   4.208714282060e-02  -6.534180558220e-03 0.0  -3.131446707880e-02  -2.082115812550e-02 5*0.0  -4.010413987940e-02   5.145746241780e-03 0.0   2.343279568830e-02   1.329395243180e-02 
5*0.0   4.106867319470e-02  -6.325910633960e-03 0.0  -3.043803233710e-02  -2.017797163620e-02 5*0.0  -3.895438641590e-02   4.952357464180e-03 0.0   2.267931162160e-02   1.284066886600e-02 
5*0.0   4.007087293190e-02  -6.123781431950e-03 0.0  -2.958323119220e-02  -1.955294881740e-02 5*0.0  -3.783085483070e-02   4.765535009240e-03 0.0   2.194664219010e-02   1.240151089350e-02 
5*0.0   3.909341698870e-02  -5.927625876240e-03 0.0  -2.874961345500e-02  -1.894563541140e-02 5*0.0  -3.673314610450e-02   4.585082647810e-03 0.0   2.123433380960e-02   1.197610226240e-02 
5*0.0   3.813598335260e-02  -5.737281129040e-03 0.0  -2.793673610670e-02  -1.835558675040e-02 5*0.0  -3.566086076600e-02   4.410809211410e-03 0.0   2.054193892580e-02   1.156407447280e-02 
5*0.0   3.719825307020e-02  -5.552588488120e-03 0.0  -2.714416323940e-02  -1.778236760200e-02 5*0.0  -3.461359919800e-02   4.242528485760e-03 0.0   1.986901607350e-02   1.116506669470e-02 
5*0.0   3.627991025610e-02  -5.373393286610e-03 0.0  -2.637146600610e-02  -1.722555202270e-02 5*0.0  -3.359096193010e-02   4.080059105840e-03 0.0   1.921512992860e-02   1.077872568330e-02 
5*0.0   3.538064210740e-02  -5.199544793340e-03 0.0  -2.561822255810e-02  -1.668472320960e-02 5*0.0  -3.259254991910e-02   3.923224452390e-03 0.0   1.857985135350e-02   1.040470569340e-02 
5*0.0   3.450013892050e-02  -5.030896119530e-03 0.0  -2.488401798990e-02  -1.615947335080e-02 5*0.0  -3.161796481650e-02   3.771852549780e-03 0.0   1.796275743550e-02   1.004266839020e-02 
5*0.0   3.363809410100e-02  -4.867304123410e-03 0.0  -2.416844427630e-02  -1.564940347940e-02 5*0.0  -3.066680922410e-02   3.625775965520e-03 0.0   1.736343151810e-02   9.692282760050e-03 
5*0.0   3.279420417100e-02  -4.708629319500e-03 0.0  -2.347110021110e-02  -1.515412332590e-02 5*0.0  -2.973868693740e-02   3.484831711030e-03 0.0   1.678146322740e-02   9.353225018240e-03 
5*0.0   3.196816878270e-02  -4.554735790740e-03 0.0  -2.279159134630e-02  -1.467325117490e-02 5*0.0  -2.883320317790e-02   3.348861144090e-03 0.0   1.621644849080e-02   9.025178516250e-03 
5*0.0   3.115969072860e-02  -4.405491102100e-03 0.0  -2.212952992370e-02  -1.420641371800e-02 5*0.0  -2.794996481370e-02   3.217709872650e-03 0.0   1.566798955150e-02   8.707833647180e-03 
5*0.0   3.036847593850e-02  -4.260766213120e-03 0.0  -2.148453481640e-02  -1.375324591250e-02 5*0.0  -2.708858056990e-02   3.091227660150e-03 0.0   1.513569497660e-02   8.400887750280e-03 
5*0.0   2.959423349900e-02  -4.120435399060e-03 0.0  -2.085623145720e-02  -1.331339083910e-02 5*0.0  -2.624866122760e-02   2.969268332370e-03 0.0   1.461917966020e-02   8.104045014300e-03 
5*0.0   2.883667564890e-02  -3.984376168620e-03 0.0  -2.024425177610e-02  -1.288649956050e-02 5*0.0  -2.542981981310e-02   2.851689685760e-03 0.0   1.411806482140e-02   7.817016380010e-03 
5*0.0   2.809551778540e-02  -3.852469184660e-03 0.0  -1.964823413080e-02  -1.247223098180e-02 5*0.0  -2.463167177720e-02   2.738353397190e-03 0.0   1.363197799790e-02   7.539519441880e-03 
5*0.0   2.737047846920e-02  -3.724598189680e-03 0.0  -1.906782323890e-02  -1.207025171150e-02 5*0.0  -2.385383516460e-02   2.629124935270e-03 0.0   1.316055303430e-02   7.271278349180e-03 
5*0.0   2.666127942710e-02  -3.600649929310e-03 0.0  -1.850267010900e-02  -1.168023592430e-02 5*0.0  -2.309593077350e-02   2.523873473140e-03 0.0   1.270343006680e-02   7.012023706390e-03 
5*0.0   2.596764554620e-02  -3.480514079060e-03 0.0  -1.795243197410e-02  -1.130186522650e-02 5*0.0  -2.235758230720e-02   2.422471802640e-03 0.0   1.226025550340e-02   6.761492473310e-03 
5*0.0   2.528930488260e-02  -3.364083174660e-03 0.0  -1.741677221780e-02  -1.093482851990e-02 5*0.0  -2.163841651580e-02   2.324796250140e-03 0.0   1.183068199990e-02   6.519427864700e-03 
5*0.0   2.462598865730e-02  -3.251252541280e-03 0.0  -1.689536030620e-02  -1.057882186770e-02 5*0.0  -2.093806332950e-02   2.230726593610e-03 0.0   1.141436843290e-02   6.285579249790e-03 
5*0.0   2.397743124930e-02  -3.141920225280e-03 0.0  -1.638787171910e-02  -1.023354836620e-02 5*0.0  -2.025615598440e-02   2.140145981350e-03 0.0   1.101097986850e-02   6.059702051530e-03 
5*0.0   2.334337020410e-02  -3.035986929810e-03 0.0  -1.589398787510e-02  -9.898718010880e-03 5*0.0  -1.959233113940e-02   2.052940852040e-03 0.0   1.062018752780e-02   5.841557645850e-03 
5*0.0   2.272354621940e-02  -2.933355947730e-03 0.0  -1.541339606380e-02  -9.574047568940e-03 5*0.0  -1.894622898560e-02   1.969000856290e-03 0.0   1.024166874990e-02   5.630913260950e-03 
5*0.0   2.211770314570e-02  -2.833933100060e-03 0.0  -1.494578937320e-02  -9.259260452620e-03 5*0.0  -1.831749334850e-02   1.888218779600e-03 0.0   9.875106950590e-03   5.427541876630e-03 
5*0.0   2.152558798280e-02  -2.737626673790e-03 0.0  -1.449086661770e-02  -8.954086591210e-03 5*0.0  -1.770577178250e-02   1.810490466740e-03 0.0   9.520191579770e-03   5.231222123920e-03 
5*0.0   2.094695086970e-02  -2.644347361430e-03 0.0  -1.404833226720e-02  -8.658262308270e-03 5*0.0  -1.711071565910e-02   1.735714747580e-03 0.0   9.176618074790e-03   5.041738184840e-03 
5*0.0   2.038154507980e-02  -2.554008202930e-03 0.0  -1.361789637430e-02  -8.371530197650e-03 5*0.0  -1.653198024700e-02   1.663793364240e-03 0.0   8.844087812140e-03   4.858879692580e-03 
5*0.0   1.982912701420e-02  -2.466524527190e-03 0.0  -1.319927450380e-02  -8.093639003190e-03 5*0.0  -1.596922478760e-02   1.594630899720e-03 0.0   8.522308056490e-03   4.682441632080e-03 
5*0.0   1.928945619280e-02  -2.381813897260e-03 0.0  -1.279218765880e-02  -7.824343497180e-03 5*0.0  -1.542211256230e-02   1.528134707820e-03 0.0   8.210991907560e-03   4.512224241000e-03 
5*0.0   1.876229524290e-02  -2.299796054540e-03 0.0  -1.239636221120e-02  -7.563404363920e-03 5*0.0  -1.489031095510e-02   1.464214844480e-03 0.0   7.909858244900e-03   4.348032911300e-03 
5*0.0   1.824740989380e-02  -2.220392866060e-03 0.0  -1.201152982810e-02  -7.310588081430e-03 5*0.0  -1.437349150890e-02   1.402784000440e-03 0.0   7.618631670790e-03   4.189678091350e-03 
5*0.0   1.774456896300e-02  -2.143528272530e-03 0.0  -1.163742740040e-02  -7.065666806400e-03 5*0.0  -1.387132997580e-02   1.343757435240e-03 0.0   7.337042451350e-03   4.036975188660e-03 
5*0.0   1.725354434600e-02  -2.069128235840e-03 0.0  -1.127379697140e-02  -6.828418261670e-03 5*0.0  -1.338350636250e-02   1.287052912520e-03 0.0   7.064826455940e-03   3.889744473350e-03 
5*0.0   1.677411100460e-02  -1.997120691360e-03 0.0  -1.092038566590e-02  -6.598625622880e-03 5*0.0  -1.290970497040e-02   1.232590636670e-03 0.0   6.801725095090e-03   3.747810982300e-03 
5*0.0   1.630604695400e-02  -1.927435498260e-03 0.0  -1.057694561760e-02  -6.376077408240e-03 5*0.0  -1.244961443080e-02   1.180293190710e-03 0.0   6.547485256970e-03   3.611004424080e-03 
5*0.0   1.584913325020e-02  -1.860004391700e-03 0.0  -1.024323389870e-02  -6.160567369850e-03 5*0.0  -1.200292773470e-02   1.130085475490e-03 0.0   6.301859242590e-03   3.479159084730e-03 
5*0.0   1.540315397480e-02  -1.794760937620e-03 0.0  -9.919012450100e-03  -5.951894386250e-03 5*0.0  -1.156934225870e-02   1.081894650130e-03 0.0   6.064604699820e-03   3.352113734400e-03 
5*0.0   1.496789622230e-02  -1.731640486510e-03 0.0  -9.604048008530e-03  -5.749862356400e-03 5*0.0  -1.114855978620e-02   1.035650073680e-03 0.0   5.835484556300e-03   3.229711534820e-03 
5*0.0   1.454315008320e-02  -1.670580129530e-03 0.0  -9.298112038870e-03  -5.554280095600e-03 5*0.0  -1.074028652440e-02   9.912832480570e-04 0.0   5.614266951420e-03   3.111799947750e-03 
5*0.0   1.412870863150e-02  -1.611518656140e-03 0.0  -9.000980661670e-03  -5.364961232630e-03 5*0.0  -1.034423311700e-02   9.487277621280e-04 0.0   5.400725167440e-03   2.998230644410e-03 
5*0.0   1.372436790440e-02  -1.554396510410e-03 0.0  -8.712434585540e-03  -5.181724108730e-03 5*0.0  -9.960114653220e-03   9.079192370460e-04 0.0   5.194637559730e-03   2.888859415830e-03 
5*0.0   1.332992688870e-02  -1.499155751400e-03 0.0  -8.432259037140e-03  -5.004391678170e-03 5*0.0  -9.587650673440e-03   8.687952727170e-04 0.0   4.995787486500e-03   2.783546084310e-03 
5*0.0   1.294518750060e-02  -1.445740011660e-03 0.0  -8.160243692000e-03  -4.832791409640e-03 5*0.0  -9.226565170500e-03   8.312953954500e-04 0.0   4.803963237760e-03   2.682154415790e-03 
5*0.0   1.256995457250e-02  -1.394094459460e-03 0.0  -7.896182606340e-03  -4.666755190760e-03 5*0.0  -8.876586588240e-03   7.953610067390e-04 0.0   4.618957963890e-03   2.584552033430e-03 
5*0.0   1.220403582890e-02  -1.344165758710e-03 0.0  -7.639874149470e-03  -4.506119232100e-03 5*0.0  -8.537447816580e-03   7.609353331740e-04 0.0   4.440569603730e-03   2.490610332170e-03 
5*0.0   1.184724187180e-02  -1.295902032980e-03 0.0  -7.391120934940e-03  -4.350723974170e-03 5*0.0  -8.208886183480e-03   7.279633774600e-04 0.0   4.268600812330e-03   2.400204394440e-03 
5*0.0   1.149938615980e-02  -1.249252828220e-03 0.0  -7.149729754940e-03  -4.200413995800e-03 5*0.0  -7.890643444010e-03   6.963918705280e-04 0.0   4.102858888450e-03   2.313212906970e-03 
5*0.0   1.116028498860e-02  -1.204169077630e-03 0.0  -6.915511512580e-03  -4.055037923030e-03 5*0.0  -7.582465766620e-03   6.661692247190e-04 0.0   3.943155701790e-03   2.229518078730e-03 
5*0.0   1.082975747090e-02  -1.160603065820e-03 0.0  -6.688281155800e-03  -3.914448341160e-03 5*0.0  -7.284103716720e-03   6.372454880230e-04 0.0   3.789307620140e-03   2.149005560080e-03 
5*0.0   1.050762551490e-02  -1.118508395660e-03 0.0  -6.467857612100e-03  -3.778501706350e-03 5*0.0  -6.995312237740e-03   6.095722993640e-04 0.0   3.641135436460e-03   2.071564362990e-03 
5*0.0   1.019371380580e-02  -1.077839955060e-03 0.0  -6.254063722740e-03  -3.647058260370e-03 5*0.0  -6.715850629790e-03   5.831028449010e-04 0.0   3.498464295930e-03   1.997086782490e-03 
5*0.0   9.887849780590e-03  -1.038553883650e-03 0.0  -6.046726178740e-03  -3.519981945740e-03 5*0.0  -6.445482526060e-03   5.577918153410e-04 0.0   3.361123623030e-03   1.925468319270e-03 
5*0.0   9.589863607950e-03  -1.000607541780e-03 0.0  -5.845675456580e-03  -3.397140323040e-03 5*0.0  -6.183975867030e-03   5.335953642350e-04 0.0   3.228947048760e-03   1.856607603490e-03 
5*0.0   9.299588169170e-03  -9.639594794340e-04 0.0  -5.650745754420e-03  -3.278404488840e-03 5*0.0  -5.931102872710e-03   5.104710672500e-04 0.0   3.101772338030e-03   1.790406319800e-03 
5*0.0   9.016859030310e-03  -9.285694060840e-04 0.0  -5.461774929220e-03  -3.163648996120e-03 5*0.0  -5.686640012900e-03   4.883778823980e-04 0.0   2.979441317200e-03   1.726769133480e-03 
5*0.0   8.741514422030e-03  -8.943981607250e-04 0.0  -5.278604434390e-03  -3.052751775180e-03 5*0.0  -5.450367975660e-03   4.672761111950e-04 0.0   2.861799801970e-03   1.665603617860e-03 
5*0.0   8.473395216930e-03  -8.614076835300e-04 0.0  -5.101079257840e-03  -2.945594056440e-03 5*0.0  -5.222071634100e-03   4.471273607480e-04 0.0   2.748697525470e-03   1.606820182910e-03 
5*0.0   8.212344904380e-03  -8.295609875830e-04 0.0  -4.929047861220e-03  -2.842060294440e-03 5*0.0  -5.001540011570e-03   4.278945067500e-04 0.0   2.639988066780e-03   1.550332005050e-03 
5*0.0   7.958209568980e-03  -7.988221312860e-04 0.0  -4.762362118430e-03  -2.742038093290e-03 5*0.0  -4.788566245300e-03   4.095416573530e-04 0.0   2.535528779810e-03   1.496054958110e-03 
5*0.0   7.710837864490e-03  -7.691561916600e-04 0.0  -4.600877256090e-03  -2.645418133560e-03 5*0.0  -4.582947548720e-03   3.920341179210e-04 0.0   2.435180722600e-03   1.443907545580e-03 
5*0.0   7.470080989830e-03  -7.405292377780e-04 0.0  -4.444451794450e-03  -2.552094100320e-03 5*0.0  -4.384485172410e-03   3.753383566410e-04 0.0   2.338808587070e-03   1.393810833990e-03 
5*0.0   7.235792666310e-03  -7.129083059240e-04 0.0  -4.292947488030e-03  -2.461962612640e-03 5*0.0  -4.192984363870e-03   3.594219709610e-04 0.0   2.246280629330e-03   1.345688387510e-03 
5*0.0   7.007829110120e-03  -6.862613737930e-04 0.0  -4.146229267770e-03  -2.374923154430e-03 5*0.0  -4.008254326130e-03   3.442536548680e-04 0.0   2.157468600460e-03   1.299466203750e-03 
5*0.0   6.786049009220e-03  -6.605573365580e-04 0.0  -4.004165183620e-03  -2.290878006520e-03 5*0.0  -3.830108175370e-03   3.298031669610e-04 0.0   2.072247677860e-03   1.255072650730e-03 
5*0.0   6.570313498690e-03  -6.357659831710e-04 0.0  -3.866626346860e-03  -2.209732180130e-03 5*0.0  -3.658362897490e-03   3.160412993200e-04 0.0   1.990496397220e-03   1.212438405050e-03 
5*0.0   6.360486133350e-03  -6.118579728270e-04 0.0  -3.733486875330e-03  -2.131393351410e-03 5*0.0  -3.492839303860e-03   3.029398471570e-04 0.0   1.912096585090e-03   1.171496391240e-03 
5*0.0   6.156432863870e-03  -5.888048123610e-04 0.0  -3.604623836270e-03  -2.055771797570e-03 5*0.0  -3.333361986250e-03   2.904715792190e-04 0.0   1.836933292040e-03   1.132181722260e-03 
5*0.0   5.958022009940e-03  -5.665788341930e-04 0.0  -3.479917192610e-03  -1.982780333550e-03 5*0.0  -3.179759270980e-03   2.786102089410e-04 0.0   1.764894726630e-03   1.094431641160e-03 
5*0.0   5.765124236500e-03  -5.451531746990e-04 0.0  -3.359249747630e-03  -1.912334251210e-03 5*0.0  -3.031863172450e-03   2.673303663340e-04 0.0   1.695872189850e-03   1.058185463920e-03 
5*0.0   5.577612524160e-03  -5.245017530430e-04 0.0  -3.242507092830e-03  -1.844351258290e-03 5*0.0  -2.889509346060e-03   2.566075705790e-04 0.0   1.629760010480e-03   1.023384523410e-03 
5*0.0   5.395362147000e-03  -5.045992504060e-04 0.0  -3.129577552850e-03  -1.778751419440e-03 5*0.0  -2.752537040520e-03   2.464182033350e-04 0.0   1.566455481020e-03   9.899721144790e-04 
5*0.0   5.218250643730e-03  -4.854210907100e-04 0.0  -3.020352135610e-03  -1.715457098210e-03 5*0.0  -2.620789049780e-03   2.367394827190e-04 0.0   1.505858794450e-03   9.578934402180e-04 
5*0.0   5.046157792450e-03  -4.669434192890e-04 0.0  -2.914724478330e-03  -1.654392900200e-03 5*0.0  -2.494111664520e-03   2.275494379740e-04 0.0   1.447872981690e-03   9.270955592610e-04 
5*0.0   4.878965585500e-03  -4.491430859790e-04 0.0  -2.812590798270e-03  -1.595485617160e-03 5*0.0  -2.372354623180e-03   2.188268847800e-04 0.0   1.392403849870e-03   8.975273342460e-04 
5*0.0   4.716558202230e-03  -4.319976251950e-04 0.0  -2.713849841320e-03  -1.538664172910e-03 5*0.0  -2.255371062840e-03   2.105514012240e-04 0.0   1.339359921360e-03   8.691393813470e-04 
5*0.0   4.558821979150e-03  -4.154852372580e-04 0.0  -2.618402833730e-03  -1.483859569410e-03 5*0.0  -2.143017469720e-03   2.027033043860e-04 0.0   1.288652373600e-03   8.418840208900e-04 
5*0.0   4.405645390160e-03  -3.995847715250e-04 0.0  -2.526153431120e-03  -1.431004834480e-03 5*0.0  -2.035153629530e-03   1.952636275550e-04 0.0   1.240194979720e-03   8.157152290320e-04 
5*0.0   4.256919011450e-03  -3.842757076500e-04 0.0  -2.437007672500e-03  -1.380034970830e-03 5*0.0  -1.931642577630e-03   1.882140980380e-04 0.0   1.193904050020e-03   7.905885905010e-04 
5*0.0   4.112535505720e-03  -3.695381415950e-04 0.0  -2.350873930600e-03  -1.330886905400e-03 5*0.0  -1.832350549140e-03   1.815371155660e-04 0.0   1.149698374200e-03   7.664612523750e-04 
5*0.0   3.972389585490e-03  -3.553527656570e-04 0.0  -2.267662865960e-03  -1.283499440610e-03 5*0.0  -1.737146928900e-03   1.752157312770e-04 0.0   1.107499164510e-03   7.432918788940e-04 
5*0.0   3.836377994510e-03  -3.417008547510e-04 0.0  -2.187287380070e-03  -1.237813206210e-03 5*0.0  -1.645904201460e-03   1.692336272560e-04 0.0   1.067229999610e-03   7.210406072820e-04 
5*0.0   3.704399472700e-03  -3.285642486140e-04 0.0  -2.109662570920e-03  -1.193770611570e-03 5*0.0  -1.558497901040e-03   1.635750966400e-04 0.0   1.028816769410e-03   6.996690045790e-04 
5*0.0   3.576354738930e-03  -3.159253390150e-04 0.0  -2.034705687090e-03  -1.151315801120e-03 5*0.0  -1.474806561610e-03   1.582250242490e-04 0.0   9.921876206210e-04   6.791400254600e-04 
5*0.0   3.452146458000e-03  -3.037670524740e-04 0.0  -1.962336081460e-03  -1.110394606980e-03 5*0.0  -1.394711666950e-03   1.531688677540e-04 0.0   9.572729032640e-04   6.594179710250e-04 
5*0.0   3.331679217870e-03  -2.920728370800e-04 0.0  -1.892475171610e-03  -1.070954506950e-03 5*0.0  -1.318097600950e-03   1.483926393540e-04 0.0   9.240051179460e-04   6.404684485550e-04 
5*0.0   3.214859501640e-03  -2.808266480000e-04 0.0  -1.825046394400e-03  -1.032944580250e-03 5*0.0  -1.244851597930e-03   1.438828879620e-04 0.0   8.923188640260e-04   6.222583322160e-04 
5*0.0   3.101595656980e-03  -2.700129316920e-04 0.0  -1.759975163840e-03  -9.963154655860e-04 5*0.0  -1.174863693290e-03   1.396266818800e-04 0.0   8.621507886230e-04   6.047557246930e-04 
5*0.0   2.991797882120e-03  -2.596166163630e-04 0.0  -1.697188828830e-03  -9.610193197750e-04 5*0.0  -1.108026674250e-03   1.356115919510e-04 0.0   8.334395364660e-04   5.879299197410e-04 
5*0.0   2.885378187690e-03  -2.496230954080e-04 0.0  -1.636616632830e-03  -9.270097774780e-04 5*0.0  -1.044236030880e-03   1.318256751880e-04 0.0   8.061257006030e-04   5.717513656460e-04 
5*0.0   2.782250373730e-03  -2.400182150180e-04 0.0  -1.578189674300e-03  -8.942419117150e-04 5*0.0  -9.833899074290e-04   1.282574588560e-04 0.0   7.801517739540e-04   5.561916295720e-04 
5*0.0   2.682330007750e-03  -2.307882628950e-04 0.0  -1.521840864780e-03  -8.626721951960e-04 5*0.0  -9.253890538610e-04   1.248959250010e-04 0.0   7.554621017090e-04   5.412233627810e-04 
5*0.0   2.585534400820e-03  -2.219199550040e-04 0.0  -1.467504889960e-03  -8.322584639630e-04 5*0.0  -8.701367777930e-04   1.217304954200e-04 0.0   7.320028345670e-04   5.268202667200e-04 
5*0.0   2.491782560320e-03  -2.134004237630e-04 0.0  -1.415118174810e-03  -8.029598743810e-04 5*0.0  -8.175388967170e-04   1.187510170490e-04 0.0   7.097218828210e-04   5.129570599470e-04 
5*0.0   2.400995198180e-03  -2.052172068560e-04 0.0  -1.364618840500e-03  -7.747368771810e-04 5*0.0  -7.675036905950e-04   1.159477477810e-04 0.0   6.885688712730e-04   4.996094458930e-04 
5*0.0   2.313094682570e-03  -1.973582350150e-04 0.0  -1.315946669850e-03  -7.475511749610e-04 5*0.0  -7.199418548300e-04   1.133113426760e-04 0.0   6.684950949790e-04   4.867540814400e-04 
5*0.0   2.228005019190e-03  -1.898118222720e-04 0.0  -1.269043070460e-03  -7.213656898060e-04 5*0.0  -6.747664536320e-04   1.108328405720e-04 0.0   6.494534758300e-04   4.743685462980e-04 
5*0.0   2.145651825350e-03  -1.825666538770e-04 0.0  -1.223851038240e-03  -6.961445296630e-04 5*0.0  -6.318928737990e-04   1.085036510870e-04 0.0   6.313985199440e-04   4.624313131760e-04 
5*0.0   2.065962303100e-03  -1.756117761900e-04 0.0  -1.180315122460e-03  -6.718529553970e-04 5*0.0  -5.912387789160e-04   1.063155419930e-04 0.0   6.142862758770e-04   4.509217187230e-04 
5*0.0   1.988865212620e-03  -1.689365868560e-04 0.0  -1.138381393130e-03  -6.484573518980e-04 5*0.0  -5.527240640060e-04   1.042606269590e-04 0.0   5.980742936490e-04   4.398199352240e-04 
5*0.0   1.914290874840e-03  -1.625308250130e-04 0.0  -1.097997394700e-03  -6.259251840020e-04 5*0.0  -5.162708106390e-04   1.023313536490e-04 0.0   5.827215845660e-04   4.291069430470e-04 
5*0.0   1.842171075040e-03  -1.563845596280e-04 0.0  -1.059112153930e-03  -6.042249882510e-04 5*0.0  -4.818032425000e-04   1.005204921790e-04 0.0   5.681885818440e-04   4.187645038200e-04 
5*0.0   1.772439142330e-03  -1.504881828320e-04 0.0  -1.021676042600e-03  -5.833263191480e-04 5*0.0  -4.492476814460e-04   9.882112390340e-05 0.0   5.544371020140e-04   4.087751343180e-04 
5*0.0   1.705029834220e-03  -1.448323990710e-04 0.0  -9.856408886410e-04  -5.631997391870e-04 5*0.0  -4.185325040550e-04   9.722663054340e-05 0.0   5.414303071220e-04   3.991220810570e-04 
5*0.0   1.639879356170e-03  -1.394082158050e-04 0.0  -9.509598477880e-04  -5.438167795540e-04 5*0.0  -3.895880986720e-04   9.573068363070e-05 0.0   5.291326676910e-04   3.897892955770e-04 
5*0.0   1.576925331240e-03  -1.342069358280e-04 0.0  -9.175873967900e-04  -5.251499153340e-04 5*0.0  -3.623468229700e-04   9.432723427290e-05 0.0   5.175099264580e-04   3.807614103960e-04 
5*0.0   1.516106775050e-03  -1.292201479710e-04 0.0  -8.854793030050e-04  -5.071725385230e-04 5*0.0  -3.367429620280e-04   9.301050322370e-05 0.0   5.065290628600e-04   3.720237156260e-04 
5*0.0   1.457364071630e-03  -1.244397187650e-04 0.0  -8.545925933810e-04  -4.898589300560e-04 5*0.0  -3.127126869370e-04   9.177497125300e-05 0.0   4.961582582800e-04   3.635621362350e-04 
5*0.0   1.400638950600e-03  -1.198577852440e-04 0.0  -8.248855276910e-04  -4.731842391450e-04 5*0.0  -2.901940139400e-04   9.061536980890e-05 0.0   4.863668620250e-04   3.553632099450e-04 
5*0.0   1.345874473630e-03  -1.154667458970e-04 0.0  -7.963175573060e-04  -4.571244486950e-04 5*0.0  -2.691267641050e-04   8.952667196330e-05 0.0   4.771253580440e-04   3.474140657460e-04 
5*0.0   1.293014966870e-03  -1.112592528910e-04 0.0  -7.688493308950e-04  -4.416563635330e-04 5*0.0  -2.494525235540e-04   8.850408363550e-05 0.0   4.684053323600e-04   3.397024030220e-04 
5*0.0   1.242006410710e-03  -1.072282131930e-04 0.0  -7.424426853090e-04  -4.267576458260e-04 5*0.0  -2.311146042280e-04   8.754303508410e-05 0.0   4.601794412270e-04   3.322164712630e-04 
5*0.0   1.192794992090e-03  -1.033667517100e-04 0.0  -7.170603685200e-04  -4.124065005540e-04 5*0.0  -2.140580052140e-04   8.663917266130e-05 0.0   4.524213799810e-04   3.249450503650e-04 
5*0.0   1.145329201860e-03  -9.966824732310e-05 0.0  -6.926664444420e-04  -3.985821155400e-04 5*0.0  -1.982293746250e-04   8.578835082390e-05 0.0   4.451058525920e-04   3.178774314970e-04 
5*0.0   1.099558367950e-03  -9.612629694540e-05 0.0  -6.692259613370e-04  -3.852643175820e-04 5*0.0  -1.835769720390e-04   8.498662439150e-05 0.0   4.382085419060e-04   3.110033985180e-04 
5*0.0   1.055433009130e-03  -9.273471630710e-05 0.0  -6.467050048300e-04  -3.724336347380e-04 5*0.0  -1.700506314990e-04   8.423024104740e-05 0.0   4.317060805500e-04   3.043132099420e-04 
5*0.0   1.012904810190e-03  -8.948753337970e-05 0.0  -6.250706732610e-04  -3.600712748560e-04 5*0.0  -1.576017250730e-04   8.351563407500e-05 0.0   4.255760225170e-04   2.977975814350e-04 
5*0.0   9.719266031900e-04  -8.637898163940e-05 0.0  -6.042910518130e-04  -3.481591054660e-04 5*0.0  -1.461831269860e-04   8.283941532310e-05 0.0   4.197968154020e-04   2.914476688210e-04 
5*0.0   9.324523440870e-04  -8.340349433110e-05 0.0  -5.843351888640e-04  -3.366796338750e-04 5*0.0  -1.357491783040e-04   8.219836839410e-05 0.0   4.143477732840e-04   2.852550516090e-04 
5*0.0   8.944370993050e-04  -8.055569879070e-05 0.0  -5.651730705770e-04  -3.256159863890e-04 5*0.0  -1.262556521920e-04   8.158944204910e-05 0.0   4.092090502460e-04   2.792117170000e-04 
5*0.0   8.578370173790e-04  -7.783040925780e-05 0.0  -5.467755989820e-04  -3.149518914780e-04 5*0.0  -1.176597197340e-04   8.100974382450e-05 0.0   4.043616145230e-04   2.733100443900e-04 
5*0.0   8.226098875530e-04  -7.522263391820e-05 0.0  -5.291151157240e-04  -3.046716597110e-04 5*0.0  -1.099199163100e-04   8.045653385280e-05 0.0   3.997872232640e-04   2.675427903340e-04 
5*0.0   7.887127139560e-04  -7.272752135950e-05 0.0  -5.121631143390e-04  -2.947601662970e-04 5*0.0  -1.029961085470e-04   7.992721888300e-05 0.0   3.954683979090e-04   2.619030739740e-04 
5*0.0   7.561054522580e-04  -7.034042858100e-05 0.0  -4.958937379180e-04  -2.852028333850e-04 5*0.0  -9.684946181440e-05   7.941934649570e-05 0.0   3.913884001510e-04   2.563843629230e-04 
5*0.0   7.247483849340e-04  -6.805686585250e-05 0.0  -4.802813214040e-04  -2.759856131650e-04 5*0.0  -9.144240829560e-05   7.893059950620e-05 0.0   3.875312084950e-04   2.509804595760e-04 
5*0.0   6.946027770960e-04  -6.587250318550e-05 0.0  -4.653010042880e-04  -2.670949711540e-04 5*0.0  -8.673861560190e-05   7.845879055060e-05 0.0   3.838814953930e-04   2.456854878560e-04 
5*0.0   6.656308620410e-04  -6.378316694550e-05 0.0  -4.509287097560e-04  -2.585178700240e-04 5*0.0  -8.270295594720e-05   7.800185685020e-05 0.0   3.804246049390e-04   2.404938803760e-04 
5*0.0   6.377958184330e-04  -6.178483380500e-05 0.0  -4.371411244120e-04  -2.502417539320e-04 5*0.0  -7.930147587170e-05   7.755785514980e-05 0.0   3.771465311330e-04   2.354003660050e-04 
5*0.0   6.110617273180e-04  -5.987362621380e-05 0.0  -4.239156726570e-04  -2.422545270540e-04 5*0.0  -7.650136651340e-05   7.712495682250e-05 0.0   3.740338966830e-04   2.303999578300e-04 
5*0.0   5.853936641640e-04  -5.804580980740e-05 0.0  -4.112305201290e-04  -2.345445638070e-04 5*0.0  -7.427093442340e-05   7.670144313960e-05 0.0   3.710739323470e-04   2.254879415140e-04 
5*0.0   5.607575073130e-04  -5.629778539610e-05 0.0  -3.990645188520e-04  -2.271006554530e-04 5*0.0  -7.257957292230e-05   7.628570069800e-05 0.0   3.682544568060e-04   2.206598640130e-04 
5*0.0   5.371200416920e-04  -5.462608735790e-05 0.0  -3.873972130630e-04  -2.199120228710e-04 5*0.0  -7.139773399290e-05   7.587621700280e-05 0.0   3.655638570530e-04   2.159115226780e-04 
5*0.0   5.144508584490e-04  -5.302741513930e-05 0.0  -3.762088148400e-04  -2.129682958400e-04 5*0.0  -7.069690070450e-05   7.547157619820e-05 0.0   3.629910692890e-04   2.112389547020e-04 
5*0.0   4.927142691550e-04  -5.149847733820e-05 0.0  -3.654801861300e-04  -2.062594997590e-04 5*0.0  -7.044956016650e-05   7.507045494560e-05 0.0   3.605255603200e-04   2.066384269180e-04 
5*0.0   4.718818275240e-04  -5.003622410970e-05 0.0  -3.551928206570e-04  -1.997760426570e-04 5*0.0  -7.062917700430e-05   7.467161844120e-05 0.0   3.581573094400e-04   2.021064259420e-04 
5*0.0   4.519236340540e-04  -4.863767952860e-05 0.0  -3.453288276200e-04  -1.935087025280e-04 5*0.0  -7.121016735390e-05   7.427391657190e-05 0.0   3.558767908030e-04   1.976396486350e-04 
5*0.0   4.328105782450e-04  -4.729998034660e-05 0.0  -3.358709143090e-04  -1.874486151720e-04 5*0.0  -7.216787337050e-05   7.387628020300e-05 0.0   3.536749562500e-04   1.932349928960e-04 
5*0.0   4.145143233780e-04  -4.602037303280e-05 0.0  -3.268023697730e-04  -1.815872622800e-04 5*0.0  -7.347853824490e-05   7.347771759600e-05 0.0   3.515432186100e-04   1.888895487630e-04 
5*0.0   3.970072864150e-04  -4.479620894770e-05 0.0  -3.181070492010e-04  -1.759164597660e-04 5*0.0  -7.511928172390e-05   7.307731095190e-05 0.0   3.494734354500e-04   1.846005898150e-04 
5*0.0   3.802625840210e-04  -4.362494137130e-05 0.0  -3.097693184260e-04  -1.704283466270e-04 5*0.0  -7.706807612720e-05   7.267421307430e-05 0.0   3.474578932610e-04   1.803655648780e-04 
5*0.0   3.642541879080e-04  -4.250412454400e-05 0.0  -3.017742017360e-04  -1.651153739700e-04 5*0.0  -7.930372285880e-05   7.226764415230e-05 0.0   3.454892920870e-04   1.761820900110e-04 
5*0.0   3.489566400190e-04  -4.143140587840e-05 0.0  -2.941071138870e-04  -1.599702943980e-04 5*0.0  -8.180582940270e-05   7.185688865730e-05 0.0   3.435607305690e-04   1.720479407730e-04 
5*0.0   3.343452258620e-04  -4.040452610340e-05 0.0  -2.867540200230e-04  -1.549861517510e-04 5*0.0  -8.455478680020e-05   7.144129235000e-05 0.0   3.416656914170e-04   1.679610447680e-04 
5*0.0   3.203959075260e-04  -3.942131516250e-05 0.0  -2.797013766950e-04  -1.501562710440e-04 5*0.0  -8.753174760310e-05   7.102025939570e-05 0.0   3.397980272730e-04   1.639194744450e-04 
5*0.0   3.070853111000e-04  -3.847968937640e-05 0.0  -2.729361173460e-04  -1.454742487640e-04 5*0.0  -9.071860429450e-05   7.059324958410e-05 0.0   3.379519469880e-04   1.599214401600e-04 
5*0.0   2.943907122720e-04  -3.757764864340e-05 0.0  -2.664456387530e-04  -1.409339434570e-04 5*0.0  -9.409796817420e-05   7.015977564920e-05 0.0   3.361220022760e-04   1.559652834910e-04 
5*0.0   2.822900214780e-04  -3.671327353300e-05 0.0  -2.602177876110e-04  -1.365294666010e-04 5*0.0  -9.765314870000e-05   6.971940068880e-05 0.0   3.343030747600e-04   1.520494707840e-04 
5*0.0   2.707617684600e-04  -3.588472231650e-05 0.0  -2.542408479990e-04  -1.322551735980e-04 5*0.0  -1.013681332800e-04   6.927173567730e-05 0.0   3.324903633810e-04   1.481725869500e-04 
5*0.0   2.597850913380e-04  -3.509022885710e-05 0.0  -2.485035279440e-04  -1.281056552990e-04 5*0.0  -1.052275675100e-04   6.881643707210e-05 0.0   3.306793721790e-04   1.443333294730e-04 
5*0.0   2.493397199530e-04  -3.432809941030e-05 0.0  -2.429949477450e-04  -1.240757295370e-04 5*0.0  -1.092167358490e-04   6.835320450830e-05 0.0   3.288658984250e-04   1.405305026580e-04 
5*0.0   2.394059644380e-04  -3.359671062290e-05 0.0  -2.377046273450e-04  -1.201604330460e-04 5*0.0  -1.133215427270e-04   6.788177858040e-05 0.0   3.270460211080e-04   1.367630120780e-04 
5*0.0   2.299645796740e-04  -3.289450483070e-05 0.0  -2.326224747140e-04  -1.163550135920e-04 5*0.0  -1.175284940770e-04   6.740193870690e-05 0.0   3.252160897540e-04   1.330298592430e-04 
5*0.0   2.209972563970e-04  -3.221999648210e-05 0.0  -2.277387743880e-04  -1.126549223400e-04 5*0.0  -1.218246792910e-04   6.691350107740e-05 0.0   3.233727135880e-04   1.293301364610e-04 
5*0.0   2.124858249750e-04  -3.157175619480e-05 0.0  -2.230441760240e-04  -1.090558064270e-04 5*0.0  -1.261977535820e-04   6.641631667670e-05 0.0   3.215127510110e-04   1.256630219060e-04 
5*0.0   2.044127848870e-04  -3.094841788650e-05 0.0  -2.185296836650e-04  -1.055535018040e-04 5*0.0  -1.306359207610e-04   6.591026938640e-05 0.0   3.196332994010e-04   1.220277748670e-04 
5*0.0   1.967611523720e-04  -3.034867445880e-05 0.0  -2.141866446710e-04  -1.021440263100e-04 5*0.0  -1.351279164080e-04   6.539527415870e-05 0.0   3.177316852210e-04   1.184237311900e-04 
5*0.0   1.895144468050e-04  -2.977127548350e-05 0.0  -2.100067397660e-04  -9.882357284190e-05 5*0.0  -1.396629914400e-04   6.487127526270e-05 0.0   3.158054544330e-04   1.148502988920e-04 
5*0.0   1.826566806750e-04  -2.921502532150e-05 0.0  -2.059819723280e-04  -9.558850294190e-05 5*0.0  -1.442308960640e-04   6.433824459930e-05 0.0   3.138523632060e-04   1.113069539580e-04 
5*0.0   1.761723454380e-04  -2.867878089580e-05 0.0  -2.021046589930e-04  -9.243534031220e-05 5*0.0  -1.488218641170e-04   6.379618008210e-05 0.0   3.118703689070e-04   1.077932362950e-04 
5*0.0   1.700464036720e-04  -2.816145038820e-05 0.0  -1.983674192960e-04  -8.936076487800e-05 5*0.0  -1.534265977730e-04   6.324510408420e-05 0.0   3.098576213840e-04   1.043087458590e-04 
5*0.0   1.642642741460e-04  -2.766199070230e-05 0.0  -1.947631669310e-04  -8.636160666910e-05 5*0.0  -1.580362526260e-04   6.268506194600e-05 0.0   3.078124545180e-04   1.008531389360e-04 
5*0.0   1.588118232920e-04  -2.717940616990e-05 0.0  -1.912851000700e-04  -8.343484018450e-05 5*0.0  -1.626424231320e-04   6.211612054520e-05 0.0   3.057333780390e-04   9.742612457190e-05 
5*0.0   1.536753530770e-04  -2.671274659120e-05 0.0  -1.879266926420e-04  -8.057757874000e-05 5*0.0  -1.672371284030e-04   6.153836692350e-05 0.0   3.036190696090e-04   9.402746116050e-05 
5*0.0   1.488415912140e-04  -2.626110560730e-05 0.0  -1.846816853820e-04  -7.778706917210e-05 5*0.0  -1.718127983610e-04   6.095190697060e-05 0.0   3.014683671620e-04   9.065695316480e-05 
5*0.0   1.442976803720e-04  -2.582361926270e-05 0.0  -1.815440775110e-04  -7.506068654420e-05 5*0.0  -1.763622602250e-04   6.035686416330e-05 0.0   2.992802614820e-04   8.731444798330e-05 
5*0.0   1.400311679360e-04  -2.539946413840e-05 0.0  -1.785081183570e-04  -7.239592913210e-05 5*0.0  -1.808787253420e-04   5.975337835610e-05 0.0   2.970538890360e-04   8.399983294770e-05 
5*0.0   1.360299957860e-04  -2.498785599400e-05 0.0  -1.755682992770e-04  -6.979041351650e-05 5*0.0  -1.853557763450e-04   5.914160462430e-05 0.0   2.947885250320e-04   8.071303245130e-05 
5*0.0   1.322824915520e-04  -2.458804838390e-05 0.0  -1.727193456710e-04  -6.724186990580e-05 5*0.0  -1.897873546400e-04   5.852171215520e-05 0.0   2.924835767120e-04   7.745400520300e-05 
5*0.0   1.287773569820e-04  -2.419933100710e-05 0.0  -1.699562096530e-04  -6.474813750670e-05 5*0.0  -1.941677482120e-04   5.789388318760e-05 0.0   2.901385768720e-04   7.422274160340e-05 
5*0.0   1.255036606480e-04  -2.382102852590e-05 0.0  -1.672740621570e-04  -6.230716014700e-05 5*0.0  -1.984915797380e-04   5.725831199730e-05 0.0   2.877531775930e-04   7.101926123550e-05 
5*0.0   1.224508271340e-04  -2.345249908320e-05 0.0  -1.646682859870e-04  -5.991698199250e-05 5*0.0  -2.027537950140e-04   5.661520392670e-05 0.0   2.853271441900e-04   6.784361047280e-05 
5*0.0   1.196086285550e-04  -2.309313317730e-05 0.0  -1.621344686960e-04  -5.757574341000e-05 5*0.0  -2.069496516800e-04   5.596477445720e-05 0.0   2.828603493640e-04   6.469586019360e-05 
5*0.0   1.169671757800e-04  -2.274235219480e-05 0.0  -1.596683955290e-04  -5.528167698560e-05 5*0.0  -2.110747082430e-04   5.530724832380e-05 0.0   2.803527675590e-04   6.157610360260e-05 
5*0.0   1.145169099600e-04  -2.239960756600e-05 0.0  -1.572660428350e-04  -5.303310368820e-05 5*0.0  -2.151248133820e-04   5.464285866890e-05 0.0   2.778044695140e-04   5.848445415470e-05 
5*0.0   1.122485924040e-04  -2.206437898980e-05 0.0  -1.549235717690e-04  -5.082842909210e-05 5*0.0  -2.190960955510e-04   5.397184623470e-05 0.0   2.752156170030e-04   5.542104357680e-05 
5*0.0   1.101532981190e-04  -2.173617388910e-05 0.0  -1.526373215910e-04  -4.866613982390e-05 5*0.0  -2.229849528430e-04   5.329445859350e-05 0.0   2.725864577640e-04   5.238601998510e-05 
5*0.0   1.082224065970e-04  -2.141452603680e-05 0.0  -1.504038037560e-04  -4.654480007300e-05 5*0.0  -2.267880431390e-04   5.261094941310e-05 0.0   2.699173206060e-04   4.937954609460e-05 
5*0.0   1.064475939850e-04  -2.109899450500e-05 0.0  -1.482196958400e-04  -4.446304824620e-05 5*0.0  -2.305022745230e-04   5.192157775740e-05 0.0   2.672086106960e-04   4.640179751660e-05 
5*0.0   1.048208251650e-04  -2.078916264440e-05 0.0  -1.460818356490e-04  -4.241959372800e-05 5*0.0  -2.341247959470e-04   5.122660741970e-05 0.0   2.644608050070e-04   4.345296114170e-05 
5*0.0   1.033343468120e-04  -2.048463748080e-05 0.0  -1.439872156520e-04  -4.041321374420e-05 5*0.0  -2.376529881690e-04   5.052630628940e-05 0.0   2.616744479450e-04   4.053323360580e-05 
5*0.0   1.019806777910e-04  -2.018504774250e-05 0.0  -1.419329775110e-04  -3.844275037990e-05 5*0.0  -2.410844549290e-04   4.982094574820e-05 0.0   2.588501471280e-04   3.764281983440e-05 
5*0.0   1.007526034850e-04  -1.989004398090e-05 0.0  -1.399164065790e-04  -3.650710763580e-05 5*0.0  -2.444170143750e-04   4.911080009750e-05 0.0   2.559885693240e-04   3.478193166440e-05 
5*0.0   9.964316963110e-05  -1.959929742650e-05 0.0  -1.379349267830e-04  -3.460524865980e-05 5*0.0  -2.476486907290e-04   4.839614601380e-05 0.0   2.530904365430e-04   3.195078653910e-05 
5*0.0   9.864567181780e-05  -1.931249874140e-05 0.0  -1.359860956720e-04  -3.273619299870e-05 5*0.0  -2.507777061900e-04   4.767726203170e-05 0.0   2.501565222740e-04   2.914960627370e-05 
5*0.0   9.775365110870e-05  -1.902935743390e-05 0.0  -1.340675994410e-04  -3.089901404750e-05 5*0.0  -2.538024730600e-04   4.695442805500e-05 0.0   2.471876478720e-04   2.637861588990e-05 
5*0.0   9.696088766290e-05  -1.874960117060e-05 0.0  -1.321772479420e-04  -2.909283650820e-05 5*0.0  -2.567215861040e-04   4.622792489160e-05 0.0   2.441846790750e-04   2.363804251610e-05 
5*0.0   9.626139215270e-05  -1.847297475700e-05 0.0  -1.303129704200e-04  -2.731683399350e-05 5*0.0  -2.595338151260e-04   4.549803381420e-05 0.0   2.411485226640e-04   2.092811435000e-05 
5*0.0   9.564939996480e-05  -1.819923957160e-05 0.0  -1.284728109470e-04  -2.557022665200e-05 5*0.0  -2.622380977550e-04   4.476503614490e-05 0.0   2.380801232540e-04   1.824905968220e-05 
5*0.0   9.511936630070e-05  -1.792817269300e-05 0.0  -1.266549238140e-04  -2.385227896990e-05 5*0.0  -2.648335324510e-04   4.402921286250e-05 0.0   2.349804602100e-04   1.560110597980e-05 
5*0.0   9.466595776540e-05  -1.765956641780e-05 0.0  -1.248575695040e-04  -2.216229763150e-05 5*0.0  -2.673193717110e-04   4.329084423120e-05 0.0   2.318505446850e-04   1.298447902370e-05 
5*0.0   9.428404753590e-05  -1.739322720160e-05 0.0  -1.230791106770e-04  -2.049962936000e-05 5*0.0  -2.696950154730e-04   4.255020945210e-05 0.0   2.286914167870e-04   1.039940210130e-05 
5*0.0   9.396870956840e-05  -1.712897531960e-05 0.0  -1.213180079030e-04  -1.886365900110e-05 5*0.0  -2.719600047260e-04   4.180758633300e-05 0.0   2.255041428520e-04   7.846095251110e-06 
5*0.0   9.371521315760e-05  -1.686664449520e-05 0.0  -1.195728159740e-04  -1.725380757840e-05 5*0.0  -2.741140153000e-04   4.106325097920e-05 0.0   2.222898128350e-04   5.324774556300e-06 
5*0.0   9.351901432760e-05  -1.660608032660e-05 0.0  -1.178421802870e-04  -1.566953042250e-05 5*0.0  -2.761568518550e-04   4.031747750300e-05 0.0   2.190495378140e-04   2.835651486620e-06 
5*0.0   9.337575527830e-05  -1.634714093580e-05 0.0  -1.161248328980e-04  -1.411031539580e-05 5*0.0  -2.780884420420e-04   3.957053775040e-05 0.0   2.157844475950e-04   3.789322854290e-07 
5*0.0   9.328125490690e-05  -1.608969552430e-05 0.0  -1.144195892230e-04  -1.257568123250e-05 5*0.0  -2.799088308520e-04   3.882270104590e-05 0.0   2.124956884180e-04  -2.045182598420e-06 
5*0.0   9.323150464610e-05  -1.583362410930e-05 0.0  -1.127253446600e-04  -1.106517583190e-05 5*0.0  -2.816181751330e-04   3.807423395370e-05 0.0   2.091844207720e-04  -4.436499037820e-06 
5*0.0   9.322266391480e-05  -1.557881695580e-05 0.0  -1.110410710610e-04  -9.578374751000e-06 5*0.0  -2.832167382800e-04   3.732540005480e-05 0.0   2.058518172990e-04  -6.794829713330e-06 
5*0.0   9.325105545840e-05  -1.532517428890e-05 0.0  -1.093658137150e-04  -8.114879632190e-06 5*0.0  -2.847048850950e-04   3.657645973940e-05 0.0   2.024990607910e-04  -9.119994561350e-06 
5*0.0   9.331315790470e-05  -1.507260534160e-05 0.0  -1.076986882020e-04  -6.674316810520e-06 5*0.0  -2.860830767990e-04   3.582767001400e-05 0.0   1.991273422840e-04  -1.141182118490e-05 
5*0.0   9.340560455860e-05  -1.482102859130e-05 0.0  -1.060388773840e-04  -5.256335851720e-06 5*0.0  -2.873518662160e-04   3.507928432250e-05 0.0   1.957378592350e-04  -1.367014522880e-05 
5*0.0   9.352517613790e-05  -1.457037057080e-05 0.0  -1.043856283930e-04  -3.860608296880e-06 5*0.0  -2.885118930980e-04   3.433155238110e-05 0.0   1.923318137830e-04  -1.589481072240e-05 
5*0.0   9.366879654080e-05  -1.432056576090e-05 0.0  -1.027382500100e-04  -2.486826318270e-06 5*0.0  -2.895638796110e-04   3.358472002570e-05 0.0   1.889104110970e-04  -1.808567038830e-05 
5*0.0   9.383352956400e-05  -1.407155634600e-05 0.0  -1.010961097880e-04  -1.134701537700e-06 5*0.0  -2.905086259590e-04   3.283902907140e-05 0.0   1.854748577980e-04  -2.024258592140e-05 
5*0.0   9.401657334370e-05  -1.382329146650e-05 0.0  -9.945863138010e-05   1.960361690280e-07 5*0.0  -2.913470061620e-04   3.209471718470e-05 0.0   1.820263604620e-04  -2.236542823860e-05 
5*0.0   9.421525716740e-05  -1.357572730180e-05 0.0  -9.782529216820e-05   1.505639803220e-06 5*0.0  -2.920799639640e-04   3.135201776650e-05 0.0   1.785661241930e-04  -2.445407769990e-05 
5*0.0   9.442703503110e-05  -1.332882585520e-05 0.0  -9.619562067980e-05   2.794346295830e-06 5*0.0  -2.927085088820e-04   3.061115984540e-05 0.0   1.750953512760e-04  -2.650842430240e-05 
5*0.0   9.464948572920e-05  -1.308255584280e-05 0.0  -9.456919409370e-05   4.062377551910e-06 5*0.0  -2.932337123840e-04   2.987236798220e-05 0.0   1.716152398880e-04  -2.852836785080e-05 
5*0.0   9.488030407510e-05  -1.283689101410e-05 0.0  -9.294563620910e-05   5.309941430160e-06 5*0.0  -2.936567042020e-04   2.913586218410e-05 0.0   1.681269828850e-04  -3.051381810050e-05 
5*0.0   9.511730140190e-05  -1.259181090450e-05 0.0  -9.132461487510e-05   6.537232690670e-06 5*0.0  -2.939786687650e-04   2.840185782760e-05 0.0   1.646317666490e-04  -3.246469488070e-05 
5*0.0   9.535839804500e-05  -1.234729977150e-05 0.0  -8.970584017880e-05   7.744433887090e-06 5*0.0  -2.942008417610e-04   2.767056559110e-05 0.0   1.611307700030e-04  -3.438092819390e-05 
5*0.0   9.560162308420e-05  -1.210334685680e-05 0.0  -8.808906202870e-05   8.931716209840e-06 5*0.0  -2.943245068070e-04   2.694219139610e-05 0.0   1.576251631780e-04  -3.626245829420e-05 
5*0.0   9.584510729910e-05  -1.185994546690e-05 0.0  -8.647406851220e-05   1.009924034870e-05 5*0.0  -2.943509922530e-04   2.621693635600e-05 0.0   1.541161068460e-04  -3.810923574750e-05 
5*0.0   9.608708419240e-05  -1.161709367850e-05 0.0  -8.486068348460e-05   1.124715721370e-05 5*0.0  -2.942816680820e-04   2.549499673320e-05 0.0   1.506047512030e-04  -3.992122147090e-05 
5*0.0   9.632588133360e-05  -1.137479270270e-05 0.0  -8.324876517750e-05   1.237560873570e-05 5*0.0  -2.941179429300e-04   2.477656390330e-05 0.0   1.470922351140e-04  -4.169838675640e-05 
5*0.0   9.655992149410e-05  -1.113304802170e-05 0.0  -8.163820409900e-05   1.348472852910e-05 5*0.0  -2.938612612100e-04   2.406182432640e-05 0.0   1.435796853020e-04  -4.344071327560e-05 
5*0.0   9.678771637070e-05  -1.089186800870e-05 0.0  -8.002892137290e-05   1.457464260380e-05 5*0.0  -2.935131003450e-04   2.335095952550e-05 0.0   1.400682155910e-04  -4.514819307020e-05 
5*0.0   9.700786599290e-05  -1.065126458070e-05 0.0  -7.842086701030e-05   1.564546998630e-05 5*0.0  -2.930749680920e-04   2.264414607070e-05 0.0   1.365589262000e-04  -4.682082852690e-05 
5*0.0   9.721905342840e-05  -1.041125223300e-05 0.0  -7.681401831670e-05   1.669732333210e-05 5*0.0  -2.925483999760e-04   2.194155556930e-05 0.0   1.330529030790e-04  -4.845863233770e-05 
5*0.0   9.742004349580e-05  -1.017184847800e-05 0.0  -7.520837836950e-05   1.773030951520e-05 5*0.0  -2.919349568180e-04   2.124335466290e-05 0.0   1.295512172940e-04  -5.006162744700e-05 
5*0.0   9.760967855780e-05  -9.933073060410e-06 0.0  -7.360397452460e-05   1.874453017390e-05 5*0.0  -2.912362223480e-04   2.054970502810e-05 0.0   1.260549244510e-04  -5.162984698700e-05 
5*0.0   9.778687724580e-05  -9.694948188320e-06 0.0  -7.200085674540e-05   1.974008223220e-05 5*0.0  -2.904538009190e-04   1.986076338380e-05 0.0   1.225650641680e-04  -5.316333419950e-05 
5*0.0   9.795063028900e-05  -9.457498198930e-06 0.0  -7.039909648770e-05   2.071705838700e-05 5*0.0  -2.895893153040e-04   1.917668150270e-05 0.0   1.190826595800e-04  -5.466214234860e-05 
5*0.0   9.809999794870e-05  -9.220749152840e-06 0.0  -6.879878530950e-05   2.167554761070e-05 5*0.0  -2.886444045820e-04   1.849760622770e-05 0.0   1.156087168910e-04  -5.612633462090e-05 
5*0.0   9.823410913750e-05  -8.984729185090e-06 0.0  -6.720003332750e-05   2.261563555320e-05 5*0.0  -2.876207221030e-04   1.782367949220e-05 0.0   1.121442249520e-04  -5.755598401830e-05 
5*0.0   9.835215624470e-05  -8.749467702910e-06 0.0  -6.560296834310e-05   2.353740498900e-05 5*0.0  -2.865199335370e-04   1.715503834510e-05 0.0   1.086901548850e-04  -5.895117323920e-05 
5*0.0   9.845339518520e-05  -8.514995744870e-06 0.0  -6.400773426390e-05   2.444093620060e-05 5*0.0  -2.853437150020e-04   1.649181497880e-05 0.0   1.052474597360e-04  -6.031199455340e-05 
5*0.0   9.853714199360e-05  -8.281345684920e-06 0.0  -6.241449022810e-05   2.532630735770e-05 5*0.0  -2.840937512690e-04   1.583413676230e-05 0.0   1.018170741600e-04  -6.163854966740e-05 
5*0.0   9.860276914030e-05  -8.048550809950e-06 0.0  -6.082340948780e-05   2.619359488960e-05 5*0.0  -2.827717340360e-04   1.518212627600e-05 0.0   9.839991414510e-05  -6.293094958410e-05 
5*0.0   9.864970613700e-05  -7.816645667190e-06 0.0  -5.923467812400e-05   2.704287376750e-05 5*0.0  -2.813793602800e-04   1.453590135060e-05 0.0   9.499687675360e-05  -6.418931445360e-05 
5*0.0   9.867743503280e-05  -7.585665536050e-06 0.0  -5.764849430090e-05   2.787421787790e-05 5*0.0  -2.799183306800e-04   1.389557510940e-05 0.0   9.160883990490e-05  -6.541377341990e-05 
5*0.0   9.868548957300e-05  -7.355646504950e-06 0.0  -5.606506701910e-05   2.868770026230e-05 5*0.0  -2.783903480960e-04   1.326125601210e-05 0.0   8.823666217910e-05  -6.660446446080e-05 
5*0.0   9.867345207540e-05  -7.126625314240e-06 0.0  -5.448461545980e-05   2.948339343530e-05 5*0.0  -2.767971161330e-04   1.263304790280e-05 0.0   8.488118264900e-05  -6.776153422200e-05 
5*0.0   9.864095265970e-05  -6.898639232350e-06 0.0  -5.290736782330e-05   3.026136960290e-05 5*0.0  -2.751403377510e-04   1.201105005910e-05 0.0   8.154322073780e-05  -6.888513784770e-05 
5*0.0   9.858766585370e-05  -6.671725876900e-06 0.0  -5.133356068010e-05   3.102170094200e-05 5*0.0  -2.734217139440e-04   1.139535724430e-05 0.0   7.822357610080e-05  -6.997543880600e-05 
5*0.0   9.851331063390e-05  -6.445923358800e-06 0.0  -4.976343793890e-05   3.176445978710e-05 5*0.0  -2.716429424860e-04   1.078605976120e-05 0.0   7.492302853080e-05  -7.103260871030e-05 
5*0.0   9.841764636190e-05  -6.221269880400e-06 0.0  -4.819725030050e-05   3.248971887510e-05 5*0.0  -2.698057167190e-04   1.018324350820e-05 0.0   7.164233788500e-05  -7.205682713810e-05 
5*0.0   9.830047301490e-05  -5.997803809400e-06 0.0  -4.663525419710e-05   3.319755150020e-05 5*0.0  -2.679117244160e-04   9.586990037150e-06 0.0   6.838224403390e-05  -7.304828144500e-05 
5*0.0   9.816162729800e-05  -5.775563546500e-06 0.0  -4.507771148500e-05   3.388803174750e-05 5*0.0  -2.659626466830e-04   8.997376612440e-06 0.0   6.514346683010e-05  -7.400716657790e-05 
5*0.0   9.800098423930e-05  -5.554587646310e-06 0.0  -4.352488820020e-05   3.456123458780e-05 5*0.0  -2.639601569210e-04   8.414476272200e-06 0.0   6.192670609680e-05  -7.493368488420e-05 
5*0.0   9.781845168570e-05  -5.334914320690e-06 0.0  -4.197705443800e-05   3.521723609640e-05 5*0.0  -2.619059198430e-04   7.838357890420e-06 0.0   5.873264163390e-05  -7.582804591950e-05 
5*0.0   9.761397160560e-05  -5.116581782170e-06 0.0  -4.043448342100e-05   3.585611356710e-05 5*0.0  -2.598015905310e-04   7.269086240570e-06 0.0   5.556193324300e-05  -7.669046625400e-05 
5*0.0   9.738751752220e-05  -4.899627956270e-06 0.0  -3.889745086600e-05   3.647794562120e-05 5*0.0  -2.576488135520e-04   6.706722060100e-06 0.0   5.241522076750e-05  -7.752116927650e-05 
5*0.0   9.713909287060e-05  -4.684090497420e-06 0.0  -3.736623467670e-05   3.708281237080e-05 5*0.0  -2.554492221070e-04   6.151322116300e-06 0.0   4.929312415030e-05  -7.832038499780e-05 
5*0.0   9.686872969410e-05  -4.470006651330e-06 0.0  -3.584111413950e-05   3.767079548580e-05 5*0.0  -2.532044372410e-04   5.602939272720e-06 0.0   4.619624350460e-05  -7.908834985330e-05 
5*0.0   9.657648770380e-05  -4.257413286700e-06 0.0  -3.432236947680e-05   3.824197831010e-05 5*0.0  -2.509160670850e-04   5.061622556570e-06 0.0   4.312515920140e-05  -7.982530650470e-05 
5*0.0   9.626245237780e-05  -4.046346828050e-06 0.0  -3.281028141540e-05   3.879644593480e-05 5*0.0  -2.485857061420e-04   4.527417226710e-06 0.0   4.008043196820e-05  -8.053150364110e-05 
5*0.0   9.592673393430e-05  -3.836843184670e-06 0.0  -3.130513065220e-05   3.933428529910e-05 5*0.0  -2.462149346170e-04   4.000364842400e-06 0.0   3.706260300250e-05  -8.120719578090e-05 
5*0.0   9.556946598510e-05  -3.628937696550e-06 0.0  -2.980719745580e-05   3.985558522480e-05 5*0.0  -2.438053177850e-04   3.480503332300e-06 0.0   3.407219409590e-05  -8.185264307250e-05 
5*0.0   9.519080427440e-05  -3.422665090580e-06 0.0  -2.831676117610e-05   4.036043650570e-05 5*0.0  -2.413584053960e-04   2.967867064130e-06 0.0   3.110970777080e-05  -8.246811109600e-05 
5*0.0   9.479092570550e-05  -3.218059481130e-06 0.0  -2.683409991700e-05   4.084893194810e-05 5*0.0  -2.388757311160e-04   2.462486914410e-06 0.0   2.817562742770e-05  -8.305387066580e-05 
5*0.0   9.437002714160e-05  -3.015154372690e-06 0.0  -2.535949013330e-05   4.132116641270e-05 5*0.0  -2.363588120090e-04   1.964390338780e-06 0.0   2.527041750220e-05  -8.361019763310e-05 
5*0.0   9.392832384380e-05  -2.813982404760e-06 0.0  -2.389320622210e-05   4.177723684780e-05 5*0.0  -2.338091480430e-04   1.473601442150e-06 0.0   2.239452363230e-05  -8.413737268910e-05 
5*0.0   9.346604939360e-05  -2.614575645180e-06 0.0  -2.243552024760e-05   4.221724232860e-05 5*0.0  -2.312282216410e-04   9.901410492080e-07 0.0   1.954837283430e-05  -8.463568117060e-05 
5*0.0   9.298345341220e-05  -2.416965336060e-06 0.0  -2.098670165250e-05   4.264128407990e-05 5*0.0  -2.286174972550e-04   5.140267747170e-07 0.0   1.673237368750e-05  -8.510541286540e-05 
5*0.0   9.248080128650e-05  -2.221181860540e-06 0.0  -1.954701687300e-05   4.304946548620e-05 5*0.0  -2.259784209730e-04   4.527309410000e-08 0.0   1.394691652640e-05  -8.554686181920e-05 
5*0.0   9.195837383780e-05  -2.027254949290e-06 0.0  -1.811672904910e-05   4.344189210080e-05 5*0.0  -2.233124201600e-04  -4.161085863820e-07 0.0   1.119237364130e-05  -8.596032614530e-05 
5*0.0   9.141646504930e-05  -1.835213391580e-06 0.0  -1.669609784530e-05   4.381867166180e-05 5*0.0  -2.206209031210e-04  -8.701098593970e-07 0.0   8.469099483890e-06  -8.634610783400e-05 
5*0.0   9.085538170750e-05  -1.645085116680e-06 0.0  -1.528537918360e-05   4.417991408290e-05 5*0.0  -2.179052587960e-04  -1.316725246630e-06 0.0   5.777430881920e-06  -8.670451256530e-05 
5*0.0   9.027544335260e-05  -1.456897262500e-06 0.0  -1.388482490860e-05   4.452573145790e-05 5*0.0  -2.151668564800e-04  -1.755952129000e-06 0.0   3.117687257530e-06  -8.703584952240e-05 
5*0.0   8.967697987400e-05  -1.270675995480e-06 0.0  -1.249468275720e-05   4.485623804140e-05 5*0.0  -2.124070455700e-04  -2.187790677370e-06 0.0   4.901708523910e-07  -8.734043120830e-05 
5*0.0   8.906033210700e-05  -1.086446659580e-06 0.0  -1.111519594710e-05   4.517155023830e-05 5*0.0  -2.096271553340e-04  -2.612243783480e-06 0.0  -2.104833042500e-06  -8.761857326320e-05 
5*0.0   8.842585035240e-05  -9.042336733870e-07 0.0  -9.746603140270e-06   4.547178658880e-05 5*0.0  -2.068284947040e-04  -3.029316991250e-06 0.0  -4.667055852200e-06  -8.787059428470e-05 
5*0.0   8.777389358750e-05  -7.240604765840e-07 0.0  -8.389138254820e-06   4.575706774710e-05 5*0.0  -2.040123520980e-04  -3.439018428710e-06 0.0  -7.196245479090e-06  -8.809681565070e-05 
5*0.0   8.710482947720e-05  -5.459497054260e-07 0.0  -7.043030179430e-06   4.602751644430e-05 5*0.0  -2.011799952530e-04  -3.841358740130e-06 0.0  -9.692166059940e-06  -8.829756134390e-05 
5*0.0   8.641903275610e-05  -3.699229963370e-07 0.0  -5.708502785590e-06   4.628325748210e-05 5*0.0  -1.983326710870e-04  -4.236351018980e-06 0.0  -1.215459771940e-05  -8.847315777880e-05 
5*0.0   8.571688475130e-05  -1.960010006920e-07 0.0  -4.385774726330e-06   4.652441767400e-05 5*0.0  -1.954716055830e-04  -4.624010741130e-06 0.0  -1.458333632110e-05  -8.862393363190e-05 
5*0.0   8.499877337600e-05  -2.420352118600e-08 0.0  -3.075059265130e-06   4.675112583180e-05 5*0.0  -1.925980036830e-04  -5.004355698820e-06 0.0  -1.697819321500e-05  -8.875021967300e-05 
5*0.0   8.426509177900e-05   1.454506194980e-07 0.0  -1.776564275130e-06   4.696351271700e-05 5*0.0  -1.897130492070e-04  -5.377405935360e-06 0.0  -1.933899498200e-05  -8.885234860120e-05 
