0.02, 500,
0.0, 0.140555 -0.109621 0.354657 -0.243372 0.086424 3*0.0 3.14,  4.0  9*0.0
20*0.0,
20*0.0,
20*0.0,
20*0.0,
20*0.0,
20*0.0,
20*0.0,
20*0.0,
20*0.0,
20*0.0,
20*0.0,
20*0.0,
20*0.0,
20*0.0,
20*0.0,
20*0.0,
20*0.0,
20*0.0,
20*0.0,
5*0.0   1.360507400450e+00   2.159836307730e+00 0.0  -5.330368631130e-01   1.662829604530e+00 5*0.0  -7.716772472620e-01  -9.162931829970e-01 0.0  -1.214793108470e-01  -8.919631381200e-01 
5*0.0   1.272803205190e+00   2.119680229300e+00 0.0  -4.919552560480e-01   1.604635976700e+00 5*0.0  -7.518549353310e-01  -9.089367024500e-01 0.0  -1.303915030370e-01  -8.856563511500e-01 
5*0.0   1.186387197920e+00   2.079216469990e+00 0.0  -4.486935075760e-01   1.552985939110e+00 5*0.0  -7.315652762130e-01  -9.013371708500e-01 0.0  -1.394853292910e-01  -8.794036668780e-01 
5*0.0   1.101495201980e+00   2.038546415940e+00 0.0  -4.037256708710e-01   1.507333740320e+00 5*0.0  -7.108569594700e-01  -8.935070331900e-01 0.0  -1.487373598510e-01  -8.732106375770e-01 
5*0.0   1.018331405880e+00   1.997763713970e+00 0.0  -3.574854750020e-01   1.467145636030e+00 5*0.0  -6.897775986150e-01  -8.854586670660e-01 0.0  -1.581237239720e-01  -8.670804513490e-01 
5*0.0   9.370707740460e-01   1.956954602570e+00 0.0  -3.103674264760e-01   1.431906125610e+00 5*0.0  -6.683736118760e-01  -8.772043506560e-01 0.0  -1.676203340270e-01  -8.610142396700e-01 
5*0.0   8.578613760770e-01   1.916198257780e+00 0.0  -2.627282748710e-01   1.401122391130e+00 5*0.0  -6.466901214470e-01  -8.687562338760e-01 0.0  -1.772030856520e-01  -8.550113654570e-01 
5*0.0   7.808266179600e-01   1.875567146200e+00 0.0  -2.148887387430e-01   1.374327312610e+00 5*0.0  -6.247708697100e-01  -8.601263125290e-01 0.0  -1.868480351400e-01  -8.490696905920e-01 
5*0.0   7.060673585800e-01   1.835127380980e+00 0.0  -1.671354036250e-01   1.351081356020e+00 5*0.0  -6.026581510310e-01  -8.513264052830e-01 0.0  -1.965315553720e-01  -8.431858224240e-01 
5*0.0   6.336639150970e-01   1.794939073950e+00 0.0  -1.197227270240e-01   1.330973582310e+00 5*0.0  -5.803927577900e-01  -8.423681333100e-01 0.0  -2.062304716590e-01  -8.373553392820e-01 
5*0.0   5.636779425720e-01   1.755056683680e+00 0.0  -7.287509473900e-02   1.313621973070e+00 5*0.0  -5.580139393230e-01  -8.332629024190e-01 0.0  -2.159221789200e-01  -8.315729953270e-01 
5*0.0   4.961542021970e-01   1.715529353030e+00 0.0  -2.678888948070e-02   1.298673236000e+00 5*0.0  -5.355593725750e-01  -8.240218875130e-01 0.0  -2.255847415870e-01  -8.258329054330e-01 
5*0.0   4.311222075810e-01   1.676401238950e+00 0.0   1.836546362480e-02   1.285802210930e+00 5*0.0  -5.130651432140e-01  -8.146560192080e-01 0.0  -2.351969776580e-01  -8.201287109370e-01 
5*0.0   3.685977648560e-01   1.637711828540e+00 0.0   6.244149679540e-02   1.274711000650e+00 5*0.0  -4.905657361650e-01  -8.051759724620e-01 0.0  -2.447385282240e-01  -8.144537272250e-01 
5*0.0   3.085844065600e-01   1.599496244740e+00 0.0   1.053147619170e-01   1.265127873200e+00 5*0.0  -4.680940344610e-01  -7.955921570540e-01 0.0  -2.541899137990e-01  -8.088010742270e-01 
5*0.0   2.510747168330e-01   1.561785537680e+00 0.0   1.468809730260e-01   1.256806049240e+00 5*0.0  -4.456813254770e-01  -7.859147097720e-01 0.0  -2.635325786870e-01  -8.031637909460e-01 
5*0.0   1.960515698790e-01   1.524606963820e+00 0.0   1.870542319760e-01   1.249522370470e+00 5*0.0  -4.233573136090e-01  -7.761534881640e-01 0.0  -2.727489245870e-01  -7.975349351540e-01 
5*0.0   1.434892704620e-01   1.487984252020e+00 0.0   2.257653474610e-01   1.243075936250e+00 5*0.0  -4.011501386100e-01  -7.663180657290e-01 0.0  -2.818223345070e-01  -7.919076693960e-01 
5*0.0   9.335461252510e-02   1.451937855930e+00 0.0   2.629602492750e-01   1.237286706470e+00 5*0.0  -3.790863987550e-01  -7.564177284120e-01 0.0  -2.907371880810e-01  -7.862753344100e-01 
5*0.0   4.560785340230e-02   1.416485194300e+00 0.0   2.985984991000e-01   1.231994114430e+00 5*0.0  -3.571911781990e-01  -7.464614722840e-01 0.0  -2.994788692090e-01  -7.806315110540e-01 
5*0.0   2.036138414840e-04   1.381640878140e+00 0.0   3.326518970780e-01   1.227055697310e+00 5*0.0  -3.354880778350e-01  -7.364580023060e-01 0.0  -3.080337669460e-01  -7.749700717870e-01 
5*0.0  -4.290829546460e-02   1.347416925880e+00 0.0   3.651031841660e-01   1.222345759430e+00 5*0.0  -3.139992491120e-01  -7.264157320570e-01 0.0  -3.163892704490e-01  -7.692852226610e-01 
5*0.0  -8.378211624910e-02   1.313822966690e+00 0.0   3.959448368200e-01   1.217754080300e+00 5*0.0  -2.927454302640e-01  -7.163427843420e-01 0.0  -3.245337587550e-01  -7.635715368450e-01 
5*0.0  -1.224754480050e-01   1.280866432280e+00 0.0   4.251779506960e-01   1.213184675570e+00 5*0.0  -2.717459845090e-01  -7.062469925750e-01 0.0  -3.324565860790e-01  -7.578239804820e-01 
5*0.0  -1.590486153580e-01   1.248552737500e+00 0.0   4.528112120700e-01   1.208554609620e+00 5*0.0  -2.510189397540e-01  -6.961359028660e-01 0.0  -3.401480632580e-01  -7.520379316910e-01 
5*0.0  -1.935640919200e-01   1.216885450500e+00 0.0   4.788599497440e-01   1.203792870760e+00 5*0.0  -2.305810294950e-01  -6.860167767180e-01 0.0  -3.475994359320e-01  -7.462091936350e-01 
5*0.0  -2.260859779580e-01   1.185866452410e+00 0.0   5.033452667540e-01   1.198839305370e+00 5*0.0  -2.104477345190e-01  -6.758965942820e-01 0.0  -3.548028599690e-01  -7.403340021380e-01 
5*0.0  -2.566795290200e-01   1.155496087290e+00 0.0   5.262932457110e-01   1.193643614770e+00 5*0.0  -1.906333251540e-01  -6.657820580750e-01 0.0  -3.617513746180e-01  -7.344090287230e-01 
5*0.0  -2.854107324260e-01   1.125773302880e+00 0.0   5.477342241790e-01   1.188164412580e+00 5*0.0  -1.711509037960e-01  -6.556795971340e-01 0.0  -3.684388738000e-01  -7.284313795230e-01 
5*0.0  -3.123459267560e-01   1.096695781800e+00 0.0   5.677021357230e-01   1.182368343960e+00 5*0.0  -1.520124475020e-01  -6.455953715140e-01 0.0  -3.748600759290e-01  -7.223985907230e-01 
5*0.0  -3.375514641480e-01   1.068260064660e+00 0.0   5.862339130680e-01   1.176229263940e+00 5*0.0  -1.332288504290e-01  -6.355352771080e-01 0.0  -3.810104925960e-01  -7.163086209050e-01 
5*0.0  -3.610934112110e-01   1.040461664770e+00 0.0   6.033689478330e-01   1.169727472590e+00 5*0.0  -1.148099659890e-01  -6.255049507260e-01 0.0  -3.868863964190e-01  -7.101598409690e-01 
5*0.0  -3.830372848890e-01   1.013295174880e+00 0.0   6.191486052740e-01   1.162849009670e+00 5*0.0  -9.676464854380e-02  -6.155097753920e-01 0.0  -3.924847883260e-01  -7.039510217440e-01 
5*0.0  -4.034478229290e-01   9.867543666940e-01 0.0   6.336157873530e-01   1.155584998500e+00 5*0.0  -7.910079453430e-02  -6.055548858260e-01 0.0  -3.978033645170e-01  -6.976813199780e-01 
5*0.0  -4.223887844790e-01   9.608322832200e-01 0.0   6.468145428370e-01   1.147931045010e+00 5*0.0  -6.182538294740e-02  -5.956451740740e-01 0.0  -4.028404833050e-01  -6.913502628170e-01 
5*0.0  -4.399227790270e-01   9.355213243720e-01 0.0   6.587897195310e-01   1.139886684930e+00 5*0.0  -4.494451502190e-02  -5.857852952460e-01 0.0  -4.075951320140e-01  -6.849577311360e-01 
5*0.0  -4.561111216130e-01   9.108133262480e-01 0.0   6.695866557850e-01   1.131454876090e+00 5*0.0  -2.846345313320e-02  -5.759796733500e-01 0.0  -4.120668941160e-01  -6.785039420470e-01 
5*0.0  -4.710137119210e-01   8.866996344480e-01 0.0   6.792509082070e-01   1.122641535920e+00 5*0.0  -1.238665880230e-02  -5.662325071780e-01 0.0  -4.162559167110e-01  -6.719894307530e-01 
5*0.0  -4.846889345180e-01   8.631711715740e-01 0.0   6.878280119420e-01   1.113455122350e+00 5*0.0   3.282170220830e-03  -5.565477762370e-01 0.0  -4.201628785070e-01  -6.654150319730e-01 
5*0.0  -4.971935793800e-01   8.402184994800e-01 0.0   6.953632713780e-01   1.103906248780e+00 5*0.0   1.854006382570e-02  -5.469292466930e-01 0.0  -4.237889583680e-01  -6.587818611240e-01 
5*0.0  -5.085827798950e-01   8.178318764630e-01 0.0   7.019015784720e-01   1.094007341060e+00 5*0.0   3.338474439060e-02  -5.373804773180e-01 0.0  -4.271358045370e-01  -6.520912954550e-01 
5*0.0  -5.189099669910e-01   7.960013097250e-01 0.0   7.074872559390e-01   1.083772323710e+00 5*0.0   4.781459262970e-02  -5.279048254180e-01 0.0  -4.302055045990e-01  -6.453449552030e-01 
5*0.0  -5.282268373540e-01   7.747166033300e-01 0.0   7.121639223670e-01   1.073216342130e+00 5*0.0   6.182861443870e-02  -5.185054527290e-01 0.0  -4.330005562380e-01  -6.385446849600e-01 
5*0.0  -5.365833341340e-01   7.539674020140e-01 0.0   7.159743794470e-01   1.062355508420e+00 5*0.0   7.542640875510e-02  -5.091853312750e-01 0.0  -4.355238388470e-01  -6.316925353110e-01 
5*0.0  -5.440276393490e-01   7.337432309900e-01 0.0   7.189605161320e-01   1.051206679460e+00 5*0.0   8.860813642210e-02  -4.999472491640e-01 0.0  -4.377785860220e-01  -6.247907448330e-01 
5*0.0  -5.506061764150e-01   7.140335326140e-01 0.0   7.211632296260e-01   1.039787259410e+00 5*0.0   1.013744900540e-01  -4.907938163250e-01 0.0  -4.397683589650e-01  -6.178417225770e-01 
5*0.0  -5.563636202820e-01   6.948276986410e-01 0.0   7.226223627620e-01   1.028115021680e+00 5*0.0   1.137266648930e-01  -4.817274701710e-01 0.0  -4.414970208240e-01  -6.108480310000e-01 
5*0.0  -5.613429161180e-01   6.761151005910e-01 0.0   7.233766520280e-01   1.016207956000e+00 5*0.0   1.256663306490e-01  -4.727504811840e-01 0.0  -4.429687119870e-01  -6.038123694990e-01 
5*0.0  -5.655853034110e-01   6.578851161110e-01 0.0   7.234636896840e-01   1.004084130230e+00 5*0.0   1.371956042960e-01  -4.638649584120e-01 0.0  -4.441878263230e-01  -5.967375585220e-01 
5*0.0  -5.691303461170e-01   6.401271531230e-01 0.0   7.229198951830e-01   9.917615730310e-01 5*0.0   1.483170238300e-01  -4.550728548770e-01 0.0  -4.451589883850e-01  -5.896265242890e-01 
5*0.0  -5.720159671190e-01   6.228306713370e-01 0.0   7.217804963440e-01   9.792581713830e-01 5*0.0   1.590335229400e-01  -4.463759728850e-01 0.0  -4.458870315730e-01  -5.824822841830e-01 
5*0.0  -5.742784870900e-01   6.059852015720e-01 0.0   7.200795182220e-01   9.665915852560e-01 5*0.0   1.693484066030e-01  -4.377759692440e-01 0.0  -4.463769772410e-01  -5.753079327800e-01 
5*0.0  -5.759526654190e-01   5.895803627360e-01 0.0   7.178497798120e-01   9.537791700990e-01 5*0.0   1.792653275730e-01  -4.292743603700e-01 0.0  -4.466340147430e-01  -5.681066285770e-01 
5*0.0  -5.770717432270e-01   5.736058766770e-01 0.0   7.151228959790e-01   9.408379112970e-01 5*0.0   1.887882637260e-01  -4.208725273000e-01 0.0  -4.466634824120e-01  -5.608815814070e-01 
5*0.0  -5.776674905900e-01   5.580515818320e-01 0.0   7.119292853880e-01   9.277843774530e-01 5*0.0   1.979214962240e-01  -4.125717205890e-01 0.0  -4.464708494320e-01  -5.536360403330e-01 
5*0.0  -5.777702517960e-01   5.429074444410e-01 0.0   7.082981831500e-01   9.146346724730e-01 5*0.0   2.066695885970e-01  -4.043730651110e-01 0.0  -4.460616986250e-01  -5.463732826380e-01 
5*0.0  -5.774089933620e-01   5.281635685780e-01 0.0   7.042576570370e-01   9.014044010780e-01 5*0.0   2.150373665370e-01  -3.962775647430e-01 0.0  -4.454417100890e-01  -5.390966030300e-01 
5*0.0  -5.766113530910e-01   5.138102050670e-01 0.0   6.998346269800e-01   8.881086437550e-01 5*0.0   2.230298984950e-01  -3.882861069450e-01 0.0  -4.446166456970e-01  -5.318093037190e-01 
5*0.0  -5.754036874410e-01   4.998377585400e-01 0.0   6.950548878080e-01   8.747619333320e-01 5*0.0   2.306524770650e-01  -3.803994672260e-01 0.0  -4.435923344140e-01  -5.245146850960e-01 
5*0.0  -5.738111199880e-01   4.862367937110e-01 0.0   6.899431338340e-01   8.613782413010e-01 5*0.0   2.379106010830e-01  -3.726183135140e-01 0.0  -4.423746584320e-01  -5.172160370400e-01 
5*0.0  -5.718575888890e-01   4.729980404460e-01 0.0   6.845229854680e-01   8.479709664670e-01 5*0.0   2.448099584520e-01  -3.649432104030e-01 0.0  -4.409695400670e-01  -5.099166307840e-01 
5*0.0  -5.695658940540e-01   4.601123979530e-01 0.0   6.788170173280e-01   8.345529308080e-01 5*0.0   2.513564096600e-01  -3.573746233070e-01 0.0  -4.393829294210e-01  -5.026197114650e-01 
5*0.0  -5.669577435840e-01   4.475709380700e-01 0.0   6.728467874950e-01   8.211363772930e-01 5*0.0   2.575559719550e-01  -3.499129224890e-01 0.0  -4.376207927660e-01  -4.953284910560e-01 
5*0.0  -5.640537984440e-01   4.353649076440e-01 0.0   6.666328675210e-01   8.077329715220e-01 5*0.0   2.634148042280e-01  -3.425583870120e-01 0.0  -4.356891016370e-01  -4.880461420910e-01 
5*0.0  -5.608737172730e-01   4.234857304660e-01 0.0   6.601948730480e-01   7.943538058490e-01 5*0.0   2.689391924410e-01  -3.353112085510e-01 0.0  -4.335938225890e-01  -4.807757916330e-01 
5*0.0  -5.574361987190e-01   4.119250082650e-01 0.0   6.535514949090e-01   7.810094072050e-01 5*0.0   2.741355357810e-01  -3.281714951350e-01 0.0  -4.313409076260e-01  -4.735205160400e-01 
5*0.0  -5.537590235080e-01   4.006745213550e-01 0.0   6.467205301500e-01   7.677097455910e-01 5*0.0   2.790103333090e-01  -3.211392747640e-01 0.0  -4.289362852350e-01  -4.662833359420e-01 
5*0.0  -5.498590948290e-01   3.897262287070e-01 0.0   6.397189131260e-01   7.544642452000e-01 5*0.0   2.835701712490e-01  -3.142144989330e-01 0.0  -4.263858520310e-01  -4.590672118570e-01 
5*0.0  -5.457524768540e-01   3.790722674420e-01 0.0   6.325627465810e-01   7.412817963100e-01 5*0.0   2.878217108330e-01  -3.073970460680e-01 0.0  -4.236954649820e-01  -4.518750402170e-01 
5*0.0  -5.414544330920e-01   3.687049521790e-01 0.0   6.252673320900e-01   7.281707688620e-01 5*0.0   2.917716766390e-01  -3.006867248400e-01 0.0  -4.208709341710e-01  -4.447096496610e-01 
5*0.0  -5.369794619580e-01   3.586167737380e-01 0.0   6.178472004770e-01   7.151390268200e-01 5*0.0   2.954268455330e-01  -2.940832774090e-01 0.0  -4.179180161040e-01  -4.375737979990e-01 
5*0.0  -5.323413319800e-01   3.488003977760e-01 0.0   6.103161413750e-01   7.021939428060e-01 5*0.0   2.987940360510e-01  -2.875863825590e-01 0.0  -4.148424075060e-01  -4.304701692840e-01 
5*0.0  -5.275531152110e-01   3.392486629790e-01 0.0   6.026872324910e-01   6.893424141980e-01 5*0.0   3.018800983100e-01  -2.811956587430e-01 0.0  -4.116497396080e-01  -4.234013713700e-01 
5*0.0  -5.226272191120e-01   3.299545790790e-01 0.0   5.949728681460e-01   6.765908789270e-01 5*0.0   3.046919044020e-01  -2.749106670430e-01 0.0  -4.083455728930e-01  -4.163699338560e-01 
5*0.0  -5.175754174630e-01   3.209113246570e-01 0.0   5.871847869590e-01   6.639453310250e-01 5*0.0   3.072363392220e-01  -2.687309140360e-01 0.0  -4.049353922750e-01  -4.093783061930e-01 
5*0.0  -5.124088798230e-01   3.121122448130e-01 0.0   5.793340991860e-01   6.514113380680e-01 5*0.0   3.095202917690e-01  -2.626558545690e-01 0.0  -4.014246026970e-01  -4.024288562260e-01 
5*0.0  -5.071381996300e-01   3.035508486060e-01 0.0   5.714313129380e-01   6.389940563210e-01 5*0.0   3.115506468710e-01  -2.566848944600e-01 0.0  -3.978185251250e-01  -3.955238689440e-01 
5*0.0  -5.017734209440e-01   2.952208063770e-01 0.0   5.634863598090e-01   6.266982475930e-01 5*0.0   3.133342773410e-01  -2.508173931090e-01 0.0  -3.941223929270e-01  -3.886655455440e-01 
5*0.0  -4.963240644380e-01   2.871159470540e-01 0.0   5.555086196680e-01   6.145282952540e-01 5*0.0   3.148780365170e-01  -2.450526660230e-01 0.0  -3.903413485920e-01  -3.818560026750e-01 
5*0.0  -4.907991516860e-01   2.792302552510e-01 0.0   5.475069447220e-01   6.024882199180e-01 5*0.0   3.161887512240e-01  -2.393899872690e-01 0.0  -3.864804408070e-01  -3.750972719980e-01 
5*0.0  -4.852072287520e-01   2.715578683950e-01 0.0   5.394896826260e-01   5.905816951430e-01 5*0.0   3.172732150920e-01  -2.338285918430e-01 0.0  -3.825446218470e-01  -3.683912998730e-01 
5*0.0  -4.795563884010e-01   2.640930737300e-01 0.0   5.314646989860e-01   5.788120628690e-01 5*0.0   3.181381822620e-01  -2.283676779660e-01 0.0  -3.785387452690e-01  -3.617399473240e-01 
5*0.0  -4.738542915000e-01   2.568303053320e-01 0.0   5.234393989070e-01   5.671823480670e-01 5*0.0   3.187903614330e-01  -2.230064093000e-01 0.0  -3.744675639020e-01  -3.551449901280e-01 
5*0.0  -4.681081872430e-01   2.497641410540e-01 0.0   5.154207478540e-01   5.556952735900e-01 5*0.0   3.192364102680e-01  -2.177439170990e-01 0.0  -3.703357281030e-01  -3.486081191370e-01 
5*0.0  -4.623249326230e-01   2.428892995070e-01 0.0   5.074152916860e-01   5.443532742610e-01 5*0.0   3.194829301190e-01  -2.125793022790e-01 0.0  -3.661477842730e-01  -3.421309406970e-01 
5*0.0  -4.565110107410e-01   2.362006369700e-01 0.0   4.994291759600e-01   5.331585106830e-01 5*0.0   3.195364610890e-01  -2.075116374270e-01 0.0  -3.619081736220e-01  -3.357149772840e-01 
5*0.0  -4.506725486300e-01   2.296931443640e-01 0.0   4.914681645330e-01   5.221128822130e-01 5*0.0   3.194034773890e-01  -2.025399687320e-01 0.0  -3.576212311560e-01  -3.293616681990e-01 
5*0.0  -4.448153337600e-01   2.233619442320e-01 0.0   4.835376571990e-01   5.112180410050e-01 5*0.0   3.190903830150e-01  -1.976633178610e-01 0.0  -3.532911848850e-01  -3.230723704730e-01 
5*0.0  -4.389448299030e-01   2.172022876030e-01 0.0   4.756427068920e-01   5.004754041750e-01 5*0.0   3.186035076970e-01  -1.928806837570e-01 0.0  -3.489221552370e-01  -3.168483598080e-01 
5*0.0  -4.330661931480e-01   2.112095511670e-01 0.0   4.677880364280e-01   4.898861636680e-01 5*0.0   3.179491031420e-01  -1.881910443840e-01 0.0  -3.445181546580e-01  -3.106908316940e-01 
5*0.0  -4.271842856250e-01   2.053792342230e-01 0.0   4.599780536280e-01   4.794513015940e-01 5*0.0   3.171333395380e-01  -1.835933584080e-01 0.0  -3.400830873980e-01  -3.046009025460e-01 
5*0.0  -4.213036892070e-01   1.997069555710e-01 0.0   4.522168668390e-01   4.691715984460e-01 5*0.0   3.161623023290e-01  -1.790865668080e-01 0.0  -3.356207494650e-01  -2.985796110070e-01 
5*0.0  -4.154287195940e-01   1.941884509350e-01 0.0   4.445082993490e-01   4.590476460450e-01 5*0.0   3.150419892340e-01  -1.746695944440e-01 0.0  -3.311348287390e-01  -2.926279192740e-01 
5*0.0  -4.095634382420e-01   1.888195698540e-01 0.0   4.368559031860e-01   4.490798558890e-01 5*0.0   3.137783075110e-01  -1.703413515560e-01 0.0  -3.266289052230e-01  -2.867467144800e-01 
5*0.0  -4.037116645420e-01   1.835962730300e-01 0.0   4.292629721620e-01   4.392684710500e-01 5*0.0   3.123770714460e-01  -1.661007352030e-01 0.0  -3.221064514530e-01  -2.809368102660e-01 
5*0.0  -3.978769868580e-01   1.785146292580e-01 0.0   4.217325550240e-01   4.296135747400e-01 5*0.0   3.108440001090e-01  -1.619466306680e-01 0.0  -3.175708330310e-01  -2.751989481680e-01 
5*0.0  -3.920627744230e-01   1.735708131490e-01 0.0   4.142674673350e-01   4.201150993340e-01 5*0.0   3.091847152470e-01  -1.578779127850e-01 0.0  -3.130253092590e-01  -2.695337993200e-01 
5*0.0  -3.862721867880e-01   1.687611020550e-01 0.0   4.068703028900e-01   4.107728355170e-01 5*0.0   3.074047394700e-01  -1.538934472260e-01 0.0  -3.084730339240e-01  -2.639419660050e-01 
5*0.0  -3.805081842450e-01   1.640818736210e-01 0.0   3.995434453620e-01   4.015864407470e-01 5*0.0   3.055094945920e-01  -1.499920917450e-01 0.0  -3.039170561540e-01  -2.584239833450e-01 
5*0.0  -3.747735371140e-01   1.595296032330e-01 0.0   3.922890782470e-01   3.925554479650e-01 5*0.0   3.035043001560e-01  -1.461726973530e-01 0.0  -2.993603213810e-01  -2.529803209670e-01 
5*0.0  -3.690708351330e-01   1.551008613940e-01 0.0   3.851091955800e-01   3.836792711920e-01 5*0.0   3.013943721780e-01  -1.424341094650e-01 0.0  -2.948056724100e-01  -2.476113847470e-01 
5*0.0  -3.634024953920e-01   1.507923112280e-01 0.0   3.780056112900e-01   3.749572160740e-01 5*0.0   2.991848220440e-01  -1.387751689830e-01 0.0  -2.902558505480e-01  -2.423175184850e-01 
5*0.0  -3.577707717530e-01   1.466007062860e-01 0.0   3.709799686330e-01   3.663884842510e-01 5*0.0   2.968806555890e-01  -1.351947133540e-01 0.0  -2.857134968250e-01  -2.370990057430e-01 
5*0.0  -3.521777615920e-01   1.425228878830e-01 0.0   3.640337490590e-01   3.579721811020e-01 5*0.0   2.944867723400e-01  -1.316915775620e-01 0.0  -2.811811532840e-01  -2.319560714960e-01 
5*0.0  -3.466254139970e-01   1.385557829650e-01 0.0   3.571682804340e-01   3.497073224740e-01 5*0.0   2.920079648810e-01  -1.282645950910e-01 0.0  -2.766612643250e-01  -2.268888840100e-01 
5*0.0  -3.411155367950e-01   1.346964017790e-01 0.0   3.503847453340e-01   3.415928408390e-01 5*0.0   2.894489184380e-01  -1.249125988440e-01 0.0  -2.721561781230e-01  -2.218975565390e-01 
5*0.0  -3.356498034730e-01   1.309418357030e-01 0.0   3.436841886770e-01   3.336275905270e-01 5*0.0   2.868142105270e-01  -1.216344220150e-01 0.0  -2.676681480860e-01  -2.169821491120e-01 
5*0.0  -3.302297595580e-01   1.272892549970e-01 0.0   3.370675249320e-01   3.258103541250e-01 5*0.0   2.841083107880e-01  -1.184288989280e-01 0.0  -2.631993343760e-01  -2.121426703460e-01 
5*0.0  -3.248568292510e-01   1.237359068140e-01 0.0   3.305355454300e-01   3.181398471160e-01 5*0.0   2.813355809530e-01  -1.152948658420e-01 0.0  -2.587518054610e-01  -2.073790791400e-01 
5*0.0  -3.195323213080e-01   1.202791130670e-01 0.0   3.240889247220e-01   3.106147233240e-01 5*0.0   2.785002748890e-01  -1.122311617020e-01 0.0  -2.543275397110e-01  -2.026912864930e-01 
5*0.0  -3.142574342920e-01   1.169162683590e-01 0.0   3.177282270880e-01   3.032335804870e-01 5*0.0   2.756065388180e-01  -1.092366288730e-01 0.0  -2.499284270330e-01  -1.980791571890e-01 
5*0.0  -3.090332631770e-01   1.136448382300e-01 0.0   3.114539127770e-01   2.959949629150e-01 5*0.0   2.726584116030e-01  -1.063101138250e-01 0.0  -2.455562705290e-01  -1.935425115930e-01 
5*0.0  -3.038608034540e-01   1.104623569970e-01 0.0   3.052663435820e-01   2.888973680930e-01 5*0.0   2.696598251770e-01  -1.034504677940e-01 0.0  -2.412127881910e-01  -1.890811272990e-01 
5*0.0  -2.987409567520e-01   1.073664260420e-01 0.0   2.991657884910e-01   2.819392496880e-01 5*0.0   2.666146050330e-01  -1.006565473990e-01 0.0  -2.368996146070e-01  -1.846947408620e-01 
5*0.0  -2.936745354780e-01   1.043547119500e-01 0.0   2.931524289050e-01   2.751190216480e-01 5*0.0   2.635264708480e-01  -9.792721524040e-02 0.0  -2.326183027000e-01  -1.803830494700e-01 
5*0.0  -2.886622673960e-01   1.014249447390e-01 0.0   2.872263636790e-01   2.684350620280e-01 5*0.0   2.603990371720e-01  -9.526134045270e-02 0.0  -2.283703254700e-01  -1.761457125950e-01 
5*0.0  -2.837048001890e-01   9.857491616850e-02 0.0   2.813876140080e-01   2.618857171720e-01 5*0.0   2.572358142110e-01  -9.265779923920e-02 0.0  -2.241570777600e-01  -1.719823536090e-01 
5*0.0  -2.788027053300e-01   9.580247797580e-02 0.0   2.756361278430e-01   2.554693039620e-01 5*0.0   2.540402086900e-01  -9.011547537050e-02 0.0  -2.199798780270e-01  -1.678925614280e-01 
5*0.0  -2.739564822080e-01   9.310554031420e-02 0.0   2.699717843180e-01   2.491841138560e-01 5*0.0   2.508155247900e-01  -8.763326065800e-02 0.0  -2.158399701250e-01  -1.638758920440e-01 
5*0.0  -2.691665622360e-01   9.048207014670e-02 0.0   2.643943979380e-01   2.430284160360e-01 5*0.0   2.475649651570e-01  -8.521005539750e-02 0.0  -2.117385250800e-01  -1.599318701250e-01 
5*0.0  -2.644333119090e-01   8.793008963280e-02 0.0   2.589037224170e-01   2.370004604170e-01 5*0.0   2.442916319800e-01  -8.284476878960e-02 0.0  -2.076766428890e-01  -1.560599905000e-01 
5*0.0  -2.597570369220e-01   8.544767470110e-02 0.0   2.534994545360e-01   2.310984793800e-01 5*0.0   2.409985281200e-01  -8.053631932930e-02 0.0  -2.036553542980e-01  -1.522597196910e-01 
5*0.0  -2.551379851010e-01   8.303295351470e-02 0.0   2.481812376900e-01   2.253206915500e-01 5*0.0   2.376885583080e-01  -7.828363517750e-02 0.0  -1.996756225910e-01  -1.485304973690e-01 
5*0.0  -2.505763497400e-01   8.068410505880e-02 0.0   2.429486653140e-01   2.196653035360e-01 5*0.0   2.343645303950e-01  -7.608565450210e-02 0.0  -1.957383453650e-01  -1.448717377710e-01 
5*0.0  -2.460722725250e-01   7.839935772680e-02 0.0   2.378012840880e-01   2.141305130550e-01 5*0.0   2.310291566470e-01  -7.394132580070e-02 0.0  -1.918443563100e-01  -1.412828311330e-01 
5*0.0  -2.416258466720e-01   7.617698800630e-02 0.0   2.327385970520e-01   2.087145102070e-01 5*0.0   2.276850550890e-01  -7.184960819830e-02 0.0  -1.879944269660e-01  -1.377631450620e-01 
5*0.0  -2.372371192160e-01   7.401531908590e-02 0.0   2.277600664960e-01   2.034154805760e-01 5*0.0   2.243347508890e-01  -6.980947172380e-02 0.0  -1.841892684870e-01  -1.343120258610e-01 
5*0.0  -2.329060943350e-01   7.191271964450e-02 0.0   2.228651169000e-01   1.982316058450e-01 5*0.0   2.209806777830e-01  -6.781989756660e-02 0.0  -1.804295333760e-01  -1.309287998690e-01 
5*0.0  -2.286327352790e-01   6.986760253800e-02 0.0   2.180531374430e-01   1.931610669700e-01 5*0.0   2.176251795340e-01  -6.587987831180e-02 0.0  -1.767158172210e-01  -1.276127747090e-01 
5*0.0  -2.244169670520e-01   6.787842362330e-02 0.0   2.133234845930e-01   1.882020453420e-01 5*0.0   2.142705114250e-01  -6.398841815790e-02 0.0  -1.730486604080e-01  -1.243632405570e-01 
5*0.0  -2.202586786080e-01   6.594368054470e-02 0.0   2.086754844940e-01   1.833527245050e-01 5*0.0   2.109188417730e-01  -6.214453311280e-02 0.0  -1.694285498190e-01  -1.211794713470e-01 
5*0.0  -2.161577250890e-01   6.406191159370e-02 0.0   2.041084352700e-01   1.786112916580e-01 5*0.0   2.075722534760e-01  -6.034725117400e-02 0.0  -1.658559205150e-01  -1.180607259550e-01 
5*0.0  -2.121139298790e-01   6.223169459300e-02 0.0   1.996216092180e-01   1.739759391550e-01 5*0.0   2.042327455820e-01  -5.859561249260e-02 0.0  -1.623311574020e-01  -1.150062493510e-01 
5*0.0  -2.081270865880e-01   6.045164579440e-02 0.0   1.952142548560e-01   1.694448658980e-01 5*0.0   2.009022348780e-01  -5.688866951720e-02 0.0  -1.588545968720e-01  -1.120152736950e-01 
5*0.0  -2.041969608860e-01   5.872041882340e-02 0.0   1.908855988350e-01   1.650162785360e-01 5*0.0   1.975825574860e-01  -5.522548712430e-02 0.0  -1.554265284260e-01  -1.090870194460e-01 
5*0.0  -2.003232923900e-01   5.703670364860e-02 0.0   1.866348478730e-01   1.606883929670e-01 5*0.0   1.942754704900e-01  -5.360514273230e-02 0.0  -1.520471962780e-01  -1.062206963990e-01 
5*0.0  -1.965057963160e-01   5.539922557500e-02 0.0   1.824611905220e-01   1.564594346180e-01 5*0.0   1.909826535600e-01  -5.202672640140e-02 0.0  -1.487168009320e-01  -1.034155047050e-01 
5*0.0  -1.927441650810e-01   5.380674427480e-02 0.0   1.783637987900e-01   1.523276407200e-01 5*0.0   1.877057105940e-01  -5.048934091870e-02 0.0  -1.454355007420e-01  -1.006706358560e-01 
5*0.0  -1.890380698640e-01   5.225805282980e-02 0.0   1.743418297740e-01   1.482912603150e-01 5*0.0   1.844461713640e-01  -4.899210186950e-02 0.0  -1.422034134400e-01  -9.798527364100e-02 
5*0.0  -1.853871621490e-01   5.075197682370e-02 0.0   1.703944271860e-01   1.443485553960e-01 5*0.0   1.812054931660e-01  -4.753413769630e-02 0.0  -1.390206176480e-01  -9.535859507000e-02 
5*0.0  -1.817910749890e-01   4.928737343220e-02 0.0   1.665207227580e-01   1.404978019520e-01 5*0.0   1.779850624750e-01  -4.611458974370e-02 0.0  -1.358871543570e-01  -9.278977126180e-02 
5*0.0  -1.782494244280e-01   4.786313055510e-02 0.0   1.627198376260e-01   1.367372906350e-01 5*0.0   1.747861966080e-01  -4.473261229670e-02 0.0  -1.328030283930e-01  -9.027796830580e-02 
5*0.0  -1.747618107390e-01   4.647816597700e-02 0.0   1.589908835860e-01   1.330653274270e-01 5*0.0   1.716101453600e-01  -4.338737259480e-02 0.0  -1.297682098420e-01  -8.782234808860e-02 
5*0.0  -1.713278194630e-01   4.513142652780e-02 0.0   1.553329643120e-01   1.294802343020e-01 5*0.0   1.684580926600e-01  -4.207805085180e-02 0.0  -1.267826354370e-01  -8.542206911910e-02 
5*0.0  -1.679470228660e-01   4.382188730040e-02 0.0   1.517451766060e-01   1.259803499000e-01 5*0.0   1.653311582390e-01  -4.080384025320e-02 0.0  -1.238462099790e-01  -8.307628724860e-02 
5*0.0  -1.646189807010e-01   4.254855086800e-02 0.0   1.482266113280e-01   1.225640300460e-01 5*0.0   1.622303992350e-01  -3.956394694900e-02 0.0  -1.209588076480e-01  -8.078415646320e-02 
5*0.0  -1.613432413790e-01   4.131044651670e-02 0.0   1.447763545890e-01   1.192296482420e-01 5*0.0   1.591568118460e-01  -3.835759003150e-02 0.0  -1.181202733450e-01  -7.854482957130e-02 
5*0.0  -1.581193428390e-01   4.010662950330e-02 0.0   1.413934886240e-01   1.159755962210e-01 5*0.0   1.561113329560e-01  -3.718400151250e-02 0.0  -1.153304239900e-01  -7.635745888090e-02 
5*0.0  -1.549468138350e-01   3.893618041300e-02 0.0   1.380770928820e-01   1.128002840490e-01 5*0.0   1.530948417330e-01  -3.604242628660e-02 0.0  -1.125890497780e-01  -7.422119687010e-02 
5*0.0  -1.518251739990e-01   3.779820437400e-02 0.0   1.348262444850e-01   1.097021411110e-01 5*0.0   1.501081612190e-01  -3.493212208080e-02 0.0  -1.098959154180e-01  -7.213519682790e-02 
5*0.0  -1.487539353040e-01   3.669183037820e-02 0.0   1.316400195480e-01   1.066796160330e-01 5*0.0   1.471520599590e-01  -3.385235941190e-02 0.0  -1.072507613730e-01  -7.009861341940e-02 
5*0.0  -1.457326028740e-01   3.561621071600e-02 0.0   1.285174937970e-01   1.037311767410e-01 5*0.0   1.442272535150e-01  -3.280242151750e-02 0.0  -1.046533050020e-01  -6.811060330040e-02 
5*0.0  -1.427606754280e-01   3.457052028230e-02 0.0   1.254577431900e-01   1.008553111720e-01 5*0.0   1.413344060790e-01  -3.178160429860e-02 0.0  -1.021032417570e-01  -6.617032563760e-02 
5*0.0  -1.398376459520e-01   3.355395597330e-02 0.0   1.224598446450e-01   9.805052739610e-02 5*0.0   1.384741319600e-01  -3.078921623780e-02 0.0  -9.960024627550e-02  -6.427694266030e-02 
5*0.0  -1.369630025110e-01   3.256573603510e-02 0.0   1.195228767750e-01   9.531535373050e-02 5*0.0   1.356469971410e-01  -2.982457832450e-02 0.0  -9.714397349950e-02  -6.242962014850e-02 
5*0.0  -1.341362287350e-01   3.160509955390e-02 0.0   1.166459203530e-01   9.264833918710e-02 5*0.0   1.328535207810e-01  -2.888702397080e-02 0.0  -9.473405975470e-02  -6.062752789670e-02 
5*0.0  -1.313568046410e-01   3.067130584520e-02 0.0   1.138280591290e-01   9.004805298950e-02 5*0.0   1.300941766700e-01  -2.797589891470e-02 0.0  -9.237012376600e-02  -5.886984020040e-02 
5*0.0  -1.286242067980e-01   2.976363390730e-02 0.0   1.110683800740e-01   8.751308544460e-02 5*0.0   1.273693947330e-01  -2.709056113130e-02 0.0  -9.005176770950e-02  -5.715573625120e-02 
5*0.0  -1.259379093080e-01   2.888138191850e-02 0.0   1.083659741940e-01   8.504204738540e-02 5*0.0   1.246795624480e-01  -2.623038072590e-02 0.0  -8.777857817470e-02  -5.548440056590e-02 
5*0.0  -1.232973838050e-01   2.802386662560e-02 0.0   1.057199367690e-01   8.263357062180e-02 5*0.0   1.220250262680e-01  -2.539473983020e-02 0.0  -8.555012713120e-02  -5.385502337280e-02 
5*0.0  -1.207021002610e-01   2.719042295800e-02 0.0   1.031293678770e-01   8.028630797560e-02 5*0.0   1.194060930360e-01  -2.458303249240e-02 0.0  -8.336597287140e-02  -5.226680096720e-02 
5*0.0  -1.181515273180e-01   2.638040343580e-02 0.0   1.005933729210e-01   7.799893300510e-02 5*0.0   1.168230313540e-01  -2.379466456340e-02 0.0  -8.122566091280e-02  -5.071893606040e-02 
5*0.0  -1.156451325210e-01   2.559317775190e-02 0.0   9.811106273280e-02   7.577014050380e-02 5*0.0   1.142760729390e-01  -2.302905357760e-02 0.0  -7.912872487550e-02  -4.921063810800e-02 
5*0.0  -1.131823831010e-01   2.482813227990e-02 0.0   9.568155433430e-02   7.359864582930e-02 5*0.0   1.117654139570e-01  -2.228562863330e-02 0.0  -7.707468734170e-02  -4.774112360760e-02 
5*0.0  -1.107627459370e-01   2.408466964870e-02 0.0   9.330397094690e-02   7.148318545950e-02 5*0.0   1.092912163270e-01  -2.156383026670e-02 0.0  -7.506306068100e-02  -4.630961639090e-02 
5*0.0  -1.083856879790e-01   2.336220823820e-02 0.0   9.097744243790e-02   6.942251659650e-02 5*0.0   1.068536090150e-01  -2.086311032510e-02 0.0  -7.309334785470e-02  -4.491534788820e-02 
5*0.0  -1.060506767300e-01   2.266018185040e-02 0.0   8.870110561330e-02   6.741541731410e-02 5*0.0   1.044526892750e-01  -2.018293183580e-02 0.0  -7.116504318350e-02  -4.355755738280e-02 
5*0.0  -1.037571804440e-01   2.197803920910e-02 0.0   8.647410452870e-02   6.546068622430e-02 5*0.0   1.020885239120e-01  -1.952276887570e-02 0.0  -6.927763311910e-02  -4.223549223160e-02 
5*0.0  -1.015046683490e-01   2.131524362530e-02 0.0   8.429559061730e-02   6.355714260430e-02 5*0.0   9.976115046630e-02  -1.888210643290e-02 0.0  -6.743059694710e-02  -4.094840809750e-02 
5*0.0  -9.929261093420e-02   2.067127254570e-02 0.0   8.216472302240e-02   6.170362620270e-02 5*0.0   9.747057841430e-02  -1.826044027170e-02 0.0  -6.562340750640e-02  -3.969556913550e-02 
5*0.0  -9.712048024950e-02   2.004561721140e-02 0.0   8.008066880610e-02   5.989899710360e-02 5*0.0   9.521679032900e-02  -1.765727679450e-02 0.0  -6.385553186290e-02  -3.847624817970e-02 
5*0.0  -9.498775012640e-02   1.943778228540e-02 0.0   7.804260313690e-02   5.814213555010e-02 5*0.0   9.299974300500e-02  -1.707213289820e-02 0.0  -6.212643195770e-02  -3.728972691760e-02 
5*0.0  -9.289389629170e-02   1.884728547710e-02 0.0   7.604970941010e-02   5.643194194520e-02 5*0.0   9.081936858260e-02  -1.650453583550e-02 0.0  -6.043556524810e-02  -3.613529603530e-02 
5*0.0  -9.083839665750e-02   1.827365719990e-02 0.0   7.410117948740e-02   5.476733659150e-02 5*0.0   8.867557562250e-02  -1.595402306900e-02 0.0  -5.878238530910e-02  -3.501225536340e-02 
5*0.0  -8.882073154030e-02   1.771644023830e-02 0.0   7.219621388180e-02   5.314725942200e-02 5*0.0   8.656825017510e-02  -1.542014212920e-02 0.0  -5.716634242260e-02  -3.391991399930e-02 
5*0.0  -8.684038366330e-02   1.717518941920e-02 0.0   7.033402166420e-02   5.157067018430e-02 5*0.0   8.449725680580e-02  -1.490245046680e-02 0.0  -5.558688413870e-02  -3.285759042130e-02 
5*0.0  -8.489683859820e-02   1.664947128540e-02 0.0   6.851382096330e-02   5.003654778570e-02 5*0.0   8.246243961470e-02  -1.440051530860e-02 0.0  -5.404345582040e-02  -3.182461258870e-02 
5*0.0  -8.298958455800e-02   1.613886377490e-02 0.0   6.673483866730e-02   4.854389059170e-02 5*0.0   8.046362321170e-02  -1.391391350940e-02 0.0  -5.253550116010e-02  -3.082031802980e-02 
5*0.0  -8.111811284330e-02   1.564295594040e-02 0.0   6.499631081890e-02   4.709171581250e-02 5*0.0   7.850061368410e-02  -1.344223140520e-02 0.0  -5.106246268360e-02  -2.984405391640e-02 
5*0.0  -7.928191785990e-02   1.516134763330e-02 0.0   6.329748257120e-02   4.567905956380e-02 5*0.0   7.657319952940e-02  -1.298506466660e-02 0.0  -4.962378222760e-02  -2.889517712970e-02 
5*0.0  -7.748049719980e-02   1.469364923810e-02 0.0   6.163760828250e-02   4.430497659360e-02 5*0.0   7.468115256500e-02  -1.254201814980e-02 0.0  -4.821890140090e-02  -2.797305431260e-02 
5*0.0  -7.571335186610e-02   1.423948139020e-02 0.0   6.001595159290e-02   4.296854003540e-02 5*0.0   7.282422881530e-02  -1.211270574940e-02 0.0  -4.684726202070e-02  -2.707706191540e-02 
5*0.0  -7.397998617190e-02   1.379847467690e-02 0.0   5.843178541310e-02   4.166884127460e-02 5*0.0   7.100216937280e-02  -1.169675025120e-02 0.0  -4.550830653600e-02  -2.620658622640e-02 
5*0.0  -7.227990809900e-02   1.337026941690e-02 0.0   5.688439207290e-02   4.040498965390e-02 5*0.0   6.921470123670e-02  -1.129378318380e-02 0.0  -4.420147842960e-02  -2.536102339760e-02 
5*0.0  -7.061262916170e-02   1.295451536810e-02 0.0   5.537306327440e-02   3.917611229660e-02 5*0.0   6.746153812870e-02  -1.090344467200e-02 0.0  -4.292622260140e-02  -2.453977945820e-02 
5*0.0  -6.897766466190e-02   1.255087151850e-02 0.0   5.389710015490e-02   3.798135387180e-02 5*0.0   6.574238128190e-02  -1.052538329020e-02 0.0  -4.168198573570e-02  -2.374227031860e-02 
5*0.0  -6.737453362420e-02   1.215900580050e-02 0.0   5.245581328770e-02   3.681987636520e-02 5*0.0   6.405692020640e-02  -1.015925591510e-02 0.0  -4.046821664600e-02  -2.296792177240e-02 
5*0.0  -6.580275896870e-02   1.177859488980e-02 0.0   5.104852270710e-02   3.569085885520e-02 5*0.0   6.240483343820e-02  -9.804727580690e-03 0.0  -3.928436661230e-02  -2.221616948040e-02 
5*0.0  -6.426186750550e-02   1.140932395570e-02 0.0   4.967455789270e-02   3.459349731520e-02 5*0.0   6.078578925770e-02  -9.461471333370e-03 0.0  -3.812988969240e-02  -2.148645895450e-02 
5*0.0  -6.275139003700e-02   1.105088645530e-02 0.0   4.833325778470e-02   3.352700429190e-02 5*0.0   5.919944638950e-02  -9.129168086830e-03 0.0  -3.700424302150e-02  -2.077824553370e-02 
5*0.0  -6.127086141650e-02   1.070298390460e-02 0.0   4.702397078060e-02   3.249060874990e-02 5*0.0   5.764545468100e-02  -8.807506479660e-03 0.0  -3.590688709690e-02  -2.009099434830e-02 
5*0.0  -5.981982052020e-02   1.036532567280e-02 0.0   4.574605467560e-02   3.148355584930e-02 5*0.0   5.612345575800e-02  -8.496182731970e-03 0.0  -3.483728604680e-02  -1.942418028210e-02 
5*0.0  -5.839781043730e-02   1.003762878430e-02 0.0   4.449887671080e-02   3.050510661060e-02 5*0.0   5.463308365630e-02  -8.194900504110e-03 0.0  -3.379490788180e-02  -1.877728792730e-02 
5*0.0  -5.700437833660e-02   9.719617700770e-03 0.0   4.328181346930e-02   2.955453778230e-02 5*0.0   5.317396543700e-02  -7.903370756300e-03 0.0  -3.277922473410e-02  -1.814981153390e-02 
5*0.0  -5.563907563790e-02   9.411024152830e-03 0.0   4.209425090910e-02   2.863114155550e-02 5*0.0   5.174572177960e-02  -7.621311609360e-03 0.0  -3.178971308560e-02  -1.754125495060e-02 
5*0.0  -5.430145800680e-02   9.111586933890e-03 0.0   4.093558430490e-02   2.773422531230e-02 5*0.0   5.034796755110e-02  -7.348448206250e-03 0.0  -3.082585397520e-02  -1.695113156410e-02 
5*0.0  -5.299108533230e-02   8.821051719130e-03 0.0   3.980521816360e-02   2.686311146410e-02 5*0.0   4.898031236020e-02  -7.084512575140e-03 0.0  -2.988713320130e-02  -1.637896423110e-02 
5*0.0  -5.170752181340e-02   8.539170891090e-03 0.0   3.870256625490e-02   2.601713715090e-02 5*0.0   4.764236109010e-02  -6.829243494340e-03 0.0  -2.897304150490e-02  -1.582428520670e-02 
5*0.0  -5.045033600390e-02   8.265703372000e-03 0.0   3.762705152960e-02   2.519565389900e-02 5*0.0   4.633371440790e-02  -6.582386357100e-03 0.0  -2.808307474290e-02  -1.528663606810e-02 
5*0.0  -4.921910072480e-02   8.000414436830e-03 0.0   3.657810602400e-02   2.439802771630e-02 5*0.0   4.505396926600e-02  -6.343693039210e-03 0.0  -2.721673405400e-02  -1.476556763460e-02 
5*0.0  -4.801339321000e-02   7.743075565790e-03 0.0   3.555517088890e-02   2.362363842910e-02 5*0.0   4.380271936710e-02  -6.112921767590e-03 0.0  -2.637352599830e-02  -1.426063988080e-02 
5*0.0  -4.683279500720e-02   7.493464278580e-03 0.0   3.455769623560e-02   2.287187981660e-02 5*0.0   4.257955563190e-02  -5.889836990000e-03 0.0  -2.555296270860e-02  -1.377142185200e-02 
5*0.0  -4.567689207600e-02   7.251363976410e-03 0.0   3.358514115550e-02   2.214215910860e-02 5*0.0   4.138406662830e-02  -5.674209246290e-03 0.0  -2.475456200780e-02  -1.329749156940e-02 
5*0.0  -4.454527478860e-02   7.016563793680e-03 0.0   3.263697361450e-02   2.143389694840e-02 5*0.0   4.021583901240e-02  -5.465815041760e-03 0.0  -2.397784753470e-02  -1.283843593780e-02 
5*0.0  -4.343753788560e-02   6.788858452380e-03 0.0   3.171267037140e-02   2.074652706030e-02 5*0.0   3.907445791310e-02  -5.264436722630e-03 0.0  -2.322234884410e-02  -1.239385064690e-02 
5*0.0  -4.235328047640e-02   6.568048105920e-03 0.0   3.081171694550e-02   2.007949604130e-02 5*0.0   3.795950731800e-02  -5.069862348100e-03 0.0  -2.248760150390e-02  -1.196334007220e-02 
5*0.0  -4.129210617110e-02   6.353938220760e-03 0.0   2.993360750760e-02   1.943226313380e-02 5*0.0   3.687057048150e-02  -4.881885574660e-03 0.0  -2.177314719610e-02  -1.154651717070e-02 
5*0.0  -4.025362291670e-02   6.146339418610e-03 0.0   2.907784484030e-02   1.880429996440e-02 5*0.0   3.580723023610e-02  -4.700305529570e-03 0.0  -2.107853377680e-02  -1.114300337670e-02 
5*0.0  -3.923744312150e-02   5.945067357200e-03 0.0   2.824394022010e-02   1.819509043660e-02 5*0.0   3.476906936490e-02  -4.524926694160e-03 0.0  -2.040331536310e-02  -1.075242849530e-02 
5*0.0  -3.824318356060e-02   5.749942597930e-03 0.0   2.743141338050e-02   1.760413036140e-02 5*0.0   3.375567090940e-02  -4.355558787320e-03 0.0  -1.974705238080e-02  -1.037443059270e-02 
5*0.0  -3.727046546670e-02   5.560790478030e-03 0.0   2.663979239430e-02   1.703092732650e-02 5*0.0   3.276661849840e-02  -4.192016648480e-03 0.0  -1.910931163410e-02  -1.000865588570e-02 
5*0.0  -3.631891443440e-02   5.377440988550e-03 0.0   2.586861361880e-02   1.647500046500e-02 5*0.0   3.180149662120e-02  -4.034120123360e-03 0.0  -1.848966633630e-02  -9.654758629550e-03 
5*0.0  -3.538816048810e-02   5.199728659440e-03 0.0   2.511742159320e-02   1.593588021230e-02 5*0.0   3.085989093550e-02  -3.881693953390e-03 0.0  -1.788769615860e-02  -9.312401004740e-03 
5*0.0  -3.447783803090e-02   5.027492434730e-03 0.0   2.438576897110e-02   1.541310815550e-02 5*0.0   2.994138852080e-02  -3.734567663330e-03 0.0  -1.730298725840e-02  -8.981253001980e-03 
5*0.0  -3.358758586330e-02   4.860575566710e-03 0.0   2.367321641260e-02   1.490623670530e-02 5*0.0   2.904557814080e-02  -3.592575453690e-03 0.0  -1.673513230460e-02  -8.660992306810e-03 
5*0.0  -3.271704716700e-02   4.698825507240e-03 0.0   2.297933253160e-02   1.441482903930e-02 5*0.0   2.817205048280e-02  -3.455556092340e-03 0.0  -1.618373049470e-02  -8.351304182320e-03 
5*0.0  -3.186586947140e-02   4.542093791820e-03 0.0   2.230369375770e-02   1.393845876590e-02 5*0.0   2.732039839350e-02  -3.323352810840e-03 0.0  -1.564838756860e-02  -8.051881352640e-03 
5*0.0  -3.103370467010e-02   4.390235939500e-03 0.0   2.164588429710e-02   1.347670978020e-02 5*0.0   2.649021709190e-02  -3.195813198390e-03 0.0  -1.512871581300e-02  -7.762423884660e-03 
5*0.0  -3.022020901250e-02   4.243111354140e-03 0.0   2.100549601100e-02   1.302917606570e-02 5*0.0   2.568110438180e-02  -3.072789102160e-03 0.0  -1.462433406270e-02  -7.482639069470e-03 
5*0.0  -2.942504308040e-02   4.100583220370e-03 0.0   2.038212834140e-02   1.259546146590e-02 5*0.0   2.489266084620e-02  -2.954136525420e-03 0.0  -1.413486769680e-02  -7.212241304240e-03 
5*0.0  -2.864787175140e-02   3.962518408220e-03 0.0   1.977538822650e-02   1.217517950650e-02 5*0.0   2.412449002250e-02  -2.839715529540e-03 0.0  -1.365994862150e-02  -6.950951972490e-03 
5*0.0  -2.788836419640e-02   3.828787379180e-03 0.0   1.918488993590e-02   1.176795320520e-02 5*0.0   2.337619859230e-02  -2.729390137430e-03 0.0  -1.319921526580e-02  -6.698499325650e-03 
5*0.0  -2.714619388410e-02   3.699264087860e-03 0.0   1.861025510220e-02   1.137341487470e-02 5*0.0   2.264739652900e-02  -2.623028237660e-03 0.0  -1.275231255160e-02  -6.454618364270e-03 
5*0.0  -2.642103862670e-02   3.573825918070e-03 0.0   1.805111259710e-02   1.099120589310e-02 5*0.0   2.193769726220e-02  -2.520501491820e-03 0.0  -1.231889187640e-02  -6.219050718210e-03 
5*0.0  -2.571258039740e-02   3.452353558150e-03 0.0   1.750709834120e-02   1.062097658320e-02 5*0.0   2.124671781170e-02  -2.421685242170e-03 0.0  -1.189861107770e-02  -5.991544529080e-03 
5*0.0  -2.502050536350e-02   3.334730929750e-03 0.0   1.697785525460e-02   1.026238602910e-02 5*0.0   2.057407892670e-02  -2.326458421980e-03 0.0  -1.149113440470e-02  -5.771854330860e-03 
5*0.0  -2.434450398860e-02   3.220845118810e-03 0.0   1.646303325380e-02   9.915101834630e-03 5*0.0   1.991940521180e-02  -2.234703467020e-03 0.0  -1.109613248320e-02  -5.559740932840e-03 
5*0.0  -2.368427091970e-02   3.110586286340e-03 0.0   1.596228908430e-02   9.578799950350e-03 5*0.0   1.928232523600e-02  -2.146306228480e-03 0.0  -1.071328226970e-02  -5.354971301700e-03 
5*0.0  -2.303950498460e-02   3.003847588090e-03 0.0   1.547528623270e-02   9.253164550030e-03 5*0.0   1.866247164550e-02  -2.061155888390e-03 0.0  -1.034226701230e-02  -5.157318444570e-03 
5*0.0  -2.240990910930e-02   2.900525086350e-03 0.0   1.500169479730e-02   8.937887833680e-03 5*0.0   1.805948126290e-02  -1.979144876010e-03 0.0  -9.982776203640e-03  -4.966561292860e-03 
5*0.0  -2.179519035760e-02   2.800517697260e-03 0.0   1.454119145570e-02   8.632669855790e-03 5*0.0   1.747299517090e-02  -1.900168785700e-03 0.0  -9.634505527640e-03  -4.782484587020e-03 
5*0.0  -2.119505995800e-02   2.703727103300e-03 0.0   1.409345939010e-02   8.337218321990e-03 5*0.0   1.690265880520e-02  -1.824126297120e-03 0.0  -9.297156810850e-03  -4.604878761180e-03 
5*0.0  -2.060923317490e-02   2.610057686100e-03 0.0   1.365818810400e-02   8.051248484360e-03 5*0.0   1.634812202530e-02  -1.750919096560e-03 0.0  -8.970437966480e-03  -4.433539829730e-03 
5*0.0  -2.003742932340e-02   2.519416450490e-03 0.0   1.323507342050e-02   7.774482927600e-03 5*0.0   1.580903918170e-02  -1.680451799560e-03 0.0  -8.654062932740e-03  -4.268269274140e-03 
5*0.0  -1.947937181430e-02   2.431712978420e-03 0.0   1.282381732530e-02   7.506651442270e-03 5*0.0   1.528506918050e-02  -1.612631875640e-03 0.0  -8.347751618240e-03  -4.108873930910e-03 
5*0.0  -1.893478797940e-02   2.346859323780e-03 0.0   1.242412791610e-02   7.247490849940e-03 5*0.0   1.477587553940e-02  -1.547369574600e-03 0.0  -8.051229836520e-03  -3.955165880620e-03 
5*0.0  -1.840340920720e-02   2.264769993380e-03 0.0   1.203571930020e-02   6.996744847300e-03 5*0.0   1.428112643240e-02  -1.484577853640e-03 0.0  -7.764229241500e-03  -3.806962337770e-03 
5*0.0  -1.788497080560e-02   2.185361851280e-03 0.0   1.165831148180e-02   6.754163851310e-03 5*0.0   1.380049473900e-02  -1.424172306990e-03 0.0  -7.486487264590e-03  -3.664085542120e-03 
5*0.0  -1.737921204180e-02   2.108554070020e-03 0.0   1.129163031470e-02   6.519504879370e-03 5*0.0   1.333365807490e-02  -1.366071095970e-03 0.0  -7.217747043090e-03  -3.526362650830e-03 
5*0.0  -1.688587606860e-02   2.034268072240e-03 0.0   1.093540737720e-02   6.292531347730e-03 5*0.0   1.288029882650e-02  -1.310194881560e-03 0.0  -6.957757353460e-03  -3.393625632030e-03 
5*0.0  -1.640470989300e-02   1.962427466710e-03 0.0   1.058937988140e-02   6.073012974280e-03 5*0.0   1.244010417670e-02  -1.256466757570e-03 0.0  -6.706272539190e-03  -3.265711159510e-03 
5*0.0  -1.593546443240e-02   1.892957998590e-03 0.0   1.025329061420e-02   5.860725611310e-03 5*0.0   1.201276612540e-02  -1.204812185810e-03 0.0  -6.463052440110e-03  -3.142460508580e-03 
5*0.0  -1.547789435180e-02   1.825787485740e-03 0.0   9.926887815410e-03   5.655451116180e-03 5*0.0   1.159798150590e-02  -1.155158932410e-03 0.0  -6.227862317930e-03  -3.023719453410e-03 
5*0.0  -1.503175817420e-02   1.760845770880e-03 0.0   9.609925138010e-03   5.456977189630e-03 5*0.0   1.119545199500e-02  -1.107437005720e-03 0.0  -6.000472783390e-03  -2.909338165470e-03 
5*0.0  -1.459681811740e-02   1.698064669080e-03 0.0   9.302161475260e-03   5.265097295600e-03 5*0.0   1.080488412030e-02  -1.061578595210e-03 0.0  -5.780659718830e-03  -2.799171113630e-03 
5*0.0  -1.417284019670e-02   1.637377914000e-03 0.0   9.003360978300e-03   5.079610454720e-03 5*0.0   1.042598926410e-02  -1.017518012460e-03 0.0  -5.568204205950e-03  -2.693076965140e-03 
5*0.0  -1.375959409580e-02   1.578721109250e-03 0.0   8.713292891690e-03   4.900321175280e-03 5*0.0   1.005848365840e-02  -9.751916325270e-04 0.0  -5.362892445110e-03  -2.590918488410e-03 
5*0.0  -1.335685315710e-02   1.522031675370e-03 0.0   8.431731502400e-03   4.727039294010e-03 5*0.0   9.702088382360e-03  -9.345378374440e-04 0.0  -5.164515680510e-03  -2.492562457150e-03 
5*0.0  -1.296439439010e-02   1.467248811640e-03 0.0   8.158456049730e-03   4.559579863100e-03 5*0.0   9.356529351160e-03  -8.954969606550e-04 0.0  -4.972870121910e-03  -2.397879555580e-03 
5*0.0  -1.258199839870e-02   1.414313437480e-03 0.0   7.893250639880e-03   4.397763015050e-03 5*0.0   9.021537304420e-03  -8.580112327990e-04 0.0  -4.787756866220e-03  -2.306744285550e-03 
5*0.0  -1.220944936570e-02   1.363168156590e-03 0.0   7.635904165710e-03   4.241413852410e-03 5*0.0   8.696847788350e-03  -8.220247286070e-04 0.0  -4.608981818690e-03  -2.219034874580e-03 
5*0.0  -1.184653501990e-02   1.313757211230e-03 0.0   7.386210217660e-03   4.090362329430e-03 5*0.0   8.382201138560e-03  -7.874833154180e-04 0.0  -4.436355615230e-03  -2.134633185970e-03 
5*0.0  -1.149304660550e-02   1.266026434950e-03 0.0   7.143967004410e-03   3.944443128470e-03 5*0.0   8.077342455120e-03  -7.543346023740e-04 0.0  -4.269693541990e-03  -2.053424629640e-03 
5*0.0  -1.114877884160e-02   1.219923214090e-03 0.0   6.908977281560e-03   3.803495551840e-03 5*0.0   7.782021579470e-03  -7.225278913870e-04 0.0  -4.108815457430e-03  -1.975298075150e-03 
5*0.0  -1.081352990520e-02   1.175396446570e-03 0.0   6.681048264820e-03   3.667363399610e-03 5*0.0   7.495993064580e-03  -6.920141287680e-04 0.0  -3.953545712650e-03  -1.900145765640e-03 
5*0.0  -1.048710137270e-02   1.132396500470e-03 0.0   6.459991542840e-03   3.535894879620e-03 5*0.0   7.219016146080e-03  -6.627458584380e-04 0.0  -3.803713072880e-03  -1.827863233530e-03 
5*0.0  -1.016929821020e-02   1.090875175560e-03 0.0   6.245623003550e-03   3.408942483050e-03 5*0.0   6.950854708130e-03  -6.346771759120e-04 0.0  -3.659150638390e-03  -1.758349217580e-03 
5*0.0  -9.859928740540e-03   1.050785668340e-03 0.0   6.037762770850e-03   3.286362883290e-03 5*0.0   6.691277248430e-03  -6.077636836720e-04 0.0  -3.519695765660e-03  -1.691505581510e-03 
5*0.0  -9.558804581690e-03   1.012082527760e-03 0.0   5.836235110290e-03   3.168016833820e-03 5*0.0   6.440056841540e-03  -5.819624475520e-04 0.0  -3.385189989480e-03  -1.627237233920e-03 
5*0.0  -9.265740646490e-03   9.747216281710e-04 0.0   5.640868359590e-03   3.053769068480e-03 5*0.0   6.196971098280e-03  -5.572319540790e-04 0.0  -3.255478944080e-03  -1.565452049920e-03 
5*0.0  -8.980555077860e-03   9.386601259920e-04 0.0   5.451494845270e-03   2.943488202550e-03 5*0.0   5.961802126480e-03  -5.335320691040e-04 0.0  -3.130412286400e-03  -1.506060793930e-03 
5*0.0  -8.703069235780e-03   9.038564313290e-04 0.0   5.267950826050e-03   2.837046631110e-03 5*0.0   5.734336485730e-03  -5.108239971810e-04 0.0  -3.009843617830e-03  -1.448977044240e-03 
5*0.0  -8.433107695430e-03   8.702701721390e-04 0.0   5.090076412220e-03   2.734320432580e-03 5*0.0   5.514365144550e-03  -4.890702422970e-04 0.0  -2.893630407620e-03  -1.394117118810e-03 
5*0.0  -8.170498116440e-03   8.378621596590e-04 0.0   4.917715479050e-03   2.635189291090e-03 5*0.0   5.301683433740e-03  -4.682345692150e-04 0.0  -2.781633917000e-03  -1.341400002510e-03 
5*0.0  -7.915071287930e-03   8.065943590100e-04 0.0   4.750715610070e-03   2.539536385890e-03 5*0.0   5.096090999190e-03  -4.482819662570e-04 0.0  -2.673719122720e-03  -1.290747275980e-03 
5*0.0  -7.666661077230e-03   7.764298591970e-04 0.0   4.588928020450e-03   2.447248315880e-03 5*0.0   4.897391752160e-03  -4.291786084400e-04 0.0  -2.569754642030e-03  -1.242083045710e-03 
5*0.0  -7.425104381100e-03   7.473328376110e-04 0.0   4.432207498470e-03   2.358214998920e-03 5*0.0   4.705393821620e-03  -4.108918223270e-04 0.0  -2.469612658480e-03  -1.195333875610e-03 
5*0.0  -7.190241099880e-03   7.192685367730e-04 0.0   4.280412318940e-03   2.272329600230e-03 5*0.0   4.519909499850e-03  -3.933900509260e-04 0.0  -2.373168847370e-03  -1.150428720020e-03 
5*0.0  -6.961914129770e-03   6.922032318200e-04 0.0   4.133404181910e-03   2.189488448470e-03 5*0.0   4.340755195090e-03  -3.766428202370e-04 0.0  -2.280302303120e-03  -1.107298858120e-03 
5*0.0  -6.739969211630e-03   6.661042033270e-04 0.0   3.991048149800e-03   2.109590932650e-03 5*0.0   4.167751373040e-03  -3.606207062960e-04 0.0  -2.190895466040e-03  -1.065877829600e-03 
5*0.0  -6.524255062190e-03   6.409397085690e-04 0.0   3.853212574650e-03   2.032539453040e-03 5*0.0   4.000722508640e-03  -3.452953029940e-04 0.0  -2.104834051460e-03  -1.026101371770e-03 
5*0.0  -6.314623253010e-03   6.166789590340e-04 0.0   3.719769044640e-03   1.958239314760e-03 5*0.0   3.839497027400e-03  -3.306391913060e-04 0.0  -2.022006978130e-03  -9.879073581480e-04 
5*0.0  -6.110928153860e-03   5.932920894240e-04 0.0   3.590592301880e-03   1.886598676790e-03 5*0.0   3.683907254630e-03  -3.166259085270e-04 0.0  -1.942306298230e-03  -9.512357381350e-04 
5*0.0  -5.913026941180e-03   5.707501352070e-04 0.0   3.465560190120e-03   1.817528454660e-03 5*0.0   3.533789354880e-03  -3.032299189510e-04 0.0  -1.865627128210e-03  -9.160284782080e-04 
5*0.0  -5.720779533370e-03   5.490250055770e-04 0.0   3.344553594500e-03   1.750942257760e-03 5*0.0   3.388983280090e-03  -2.904265850860e-04 0.0  -1.791867579980e-03  -8.822295043380e-04 
5*0.0  -5.534048574900e-03   5.280894636770e-04 0.0   3.227456363610e-03   1.686756322420e-03 5*0.0   3.249332711280e-03  -2.781921397470e-04 0.0  -1.720928693600e-03  -8.497846457290e-04 
5*0.0  -5.352699314370e-03   5.079170952950e-04 0.0   3.114155267910e-03   1.624889429320e-03 5*0.0   3.114685000750e-03  -2.665036588180e-04 0.0  -1.652714370400e-03  -8.186415798140e-04 
5*0.0  -5.176599883610e-03   4.884822981250e-04 0.0   3.004539926900e-03   1.565262846680e-03 5*0.0   2.984891118430e-03  -2.553390347150e-04 0.0  -1.587131307170e-03  -7.887497785250e-04 
5*0.0  -5.005620780150e-03   4.697602470620e-04 0.0   2.898502754060e-03   1.507800257490e-03 5*0.0   2.859805590330e-03  -2.446769508810e-04 0.0  -1.524088931280e-03  -7.600604557940e-04 
5*0.0  -4.839635166680e-03   4.517268782530e-04 0.0   2.795938903130e-03   1.452427692820e-03 5*0.0   2.739286444350e-03  -2.344968563530e-04 0.0  -1.463499336710e-03  -7.325265163000e-04 
5*0.0  -4.678518741780e-03   4.343588676120e-04 0.0   2.696746194910e-03   1.399073477120e-03 5*0.0   2.623195150570e-03  -2.247789418670e-04 0.0  -1.405277220970e-03  -7.061025053890e-04 
5*0.0  -4.522149714320e-03   4.176336100030e-04 0.0   2.600825081200e-03   1.347668151570e-03 5*0.0   2.511396565150e-03  -2.155041158650e-04 0.0  -1.349339822750e-03  -6.807445602210e-04 
5*0.0  -4.370408764310e-03   4.015291992320e-04 0.0   2.508078575240e-03   1.298144424040e-03 5*0.0   2.403758872340e-03  -2.066539817790e-04 0.0  -1.295606861350e-03  -6.564103620650e-04 
5*0.0  -4.223179006560e-03   3.860244075270e-04 0.0   2.418412200200e-03   1.250437107180e-03 5*0.0   2.300153525970e-03  -1.982108154120e-04 0.0  -1.244000475970e-03  -6.330590897590e-04 
5*0.0  -4.080345952150e-03   3.710986664990e-04 0.0   2.331733932770e-03   1.204483061470e-03 5*0.0   2.200455192920e-03  -1.901575432740e-04 0.0  -1.194445166620e-03  -6.106513743210e-04 
5*0.0  -3.941797484210e-03   3.567320503400e-04 0.0   2.247954157570e-03   1.160221132700e-03 5*0.0   2.104541695840e-03  -1.824777216230e-04 0.0  -1.146867735990e-03  -5.891492546350e-04 
5*0.0  -3.807423801050e-03   3.429052548460e-04 0.0   2.166985606090e-03   1.117592103270e-03 5*0.0   2.012293956700e-03  -1.751555159060e-04 0.0  -1.101197232030e-03  -5.685161342890e-04 
5*0.0  -3.677117443670e-03   3.295995829710e-04 0.0   2.088743312270e-03   1.076538633320e-03 5*0.0   1.923595937930e-03  -1.681756807260e-04 0.0  -1.057364891760e-03  -5.487167394560e-04 
5*0.0  -3.550773165200e-03   3.167969237250e-04 0.0   2.013144555320e-03   1.037005211280e-03 5*0.0   1.838334586910e-03  -1.615235404620e-04 0.0  -1.015304085790e-03  -5.297170778580e-04 
5*0.0  -3.428287962190e-03   3.044797386120e-04 0.0   1.940108811900e-03   9.989381027420e-04 5*0.0   1.756399781440e-03  -1.551849708020e-04 0.0  -9.749502641360e-04  -5.114843987660e-04 
5*0.0  -3.309561030920e-03   2.926310444580e-04 0.0   1.869557711280e-03   9.622852957180e-04 5*0.0   1.677684270100e-03  -1.491463801240e-04 0.0  -9.362409027130e-04  -4.939871540290e-04 
5*0.0  -3.194493722290e-03   2.812343965720e-04 0.0   1.801414982900e-03   9.269964563060e-04 5*0.0   1.602083620600e-03  -1.433946919200e-04 0.0  -8.991154510240e-04  -4.771949601220e-04 
5*0.0  -3.082989516220e-03   2.702738741000e-04 0.0   1.735606406540e-03   8.930228807020e-04 5*0.0   1.529496160890e-03  -1.379173276710e-04 0.0  -8.635152806410e-04  -4.610785611510e-04 
5*0.0  -2.974953983850e-03   2.597340641730e-04 0.0   1.672059774860e-03   8.603174421540e-04 5*0.0   1.459822927400e-03  -1.327021900460e-04 0.0  -8.293836348510e-04  -4.456097928500e-04 
5*0.0  -2.870294754850e-03   2.496000485020e-04 0.0   1.610704837890e-03   8.288345548080e-04 5*0.0   1.392967609560e-03  -1.277376468270e-04 0.0  -7.966655790340e-04  -4.307615475580e-04 
5*0.0  -2.768921480830e-03   2.398573880640e-04 0.0   1.551473264900e-03   7.985301227920e-04 5*0.0   1.328836494930e-03  -1.230125150030e-04 0.0  -7.653079523030e-04  -4.165077400500e-04 
5*0.0  -2.670745828380e-03   2.304921089640e-04 0.0   1.494298593020e-03   7.693614993660e-04 5*0.0   1.267338418050e-03  -1.185160457500e-04 0.0  -7.352593196770e-04  -4.028232743860e-04 
5*0.0  -2.575681397970e-03   2.214906893860e-04 0.0   1.439116191620e-03   7.412874448770e-04 5*0.0   1.208384706000e-03  -1.142379094690e-04 0.0  -7.064699256570e-04  -3.896840115650e-04 
5*0.0  -2.483643730010e-03   2.128400464320e-04 0.0   1.385863216810e-03   7.142680841390e-04 5*0.0   1.151889126490e-03  -1.101681814280e-04 0.0  -6.788916484730e-04  -3.770667381200e-04 
5*0.0  -2.394550258650e-03   2.045275224990e-04 0.0   1.334478567480e-03   6.882648681200e-04 5*0.0   1.097767836440e-03  -1.062973280230e-04 0.0  -6.524779552520e-04  -3.649491355420e-04 
5*0.0  -2.308320281290e-03   1.965408741280e-04 0.0   1.284902845570e-03   6.632405342590e-04 5*0.0   1.045939330730e-03  -1.026161930810e-04 0.0  -6.271838583170e-04  -3.533097505530e-04 
5*0.0  -2.224874930750e-03   1.888682583670e-04 0.0   1.237078317870e-03   6.391590671790e-04 5*0.0   9.963243920540e-04  -9.911598488300e-05 0.0  -6.029658721030e-04  -3.421279662240e-04 
5*0.0  -2.144137138710e-03   1.814982216590e-04 0.0   1.190948872660e-03   6.159856631030e-04 5*0.0   9.488460398630e-04  -9.578826346530e-05 0.0  -5.797819713580e-04  -3.313839738750e-04 
5*0.0  -2.066031605260e-03   1.744196879960e-04 0.0   1.146459983270e-03   5.936866944380e-04 5*0.0   9.034294816360e-04  -9.262492825310e-05 0.0  -5.575915498800e-04  -3.210587457880e-04 
5*0.0  -1.990484766700e-03   1.676219483620e-04 0.0   1.103558669510e-03   5.722296712870e-04 5*0.0   8.600020657030e-04  -8.961820632480e-05 0.0  -5.363553804400e-04  -3.111340086540e-04 
5*0.0  -1.917424779610e-03   1.610946484350e-04 0.0   1.062193459750e-03   5.515832121110e-04 5*0.0   8.184932303500e-04  -8.676064060840e-05 0.0  -5.160355752690e-04  -3.015922178510e-04 
5*0.0  -1.846781465330e-03   1.548277795790e-04 0.0   1.022314356270e-03   5.317170040110e-04 5*0.0   7.788344588130e-04  -8.404507889260e-05 0.0  -4.965955478240e-04  -2.924165323790e-04 
5*0.0  -1.778486300290e-03   1.488116674480e-04 0.0   9.838727954730e-04   5.126017764410e-04 5*0.0   7.409592312810e-04  -8.146466294960e-05 0.0  -4.779999750840e-04  -2.835907905780e-04 
5*0.0  -1.712472363950e-03   1.430369612270e-04 0.0   9.468216151650e-04   4.942092664710e-04 5*0.0   7.048029793990e-04  -7.901281793560e-05 0.0  -4.602147607640e-04  -2.750994865210e-04 
5*0.0  -1.648674346500e-03   1.374946258290e-04 0.0   9.111150224630e-04   4.765121859610e-04 5*0.0   6.703030410520e-04  -7.668324236840e-05 0.0  -4.432069995790e-04  -2.669277471070e-04 
5*0.0  -1.587028480490e-03   1.321759305500e-04 0.0   8.767085509820e-04   4.594841984600e-04 5*0.0   6.373986146400e-04  -7.446989813540e-05 0.0  -4.269449419900e-04  -2.590613098430e-04 
5*0.0  -1.527472538050e-03   1.270724415890e-04 0.0   8.435590436890e-04   4.430998797150e-04 5*0.0   6.060307164500e-04  -7.236700105790e-05 0.0  -4.113979600440e-04  -2.514865012540e-04 
5*0.0  -1.469945788250e-03   1.221760106780e-04 0.0   8.116245992690e-04   4.273347005590e-04 5*0.0   5.761421361990e-04  -7.036901164050e-05 0.0  -3.965365139710e-04  -2.441902159730e-04 
5*0.0  -1.414388971610e-03   1.174787688940e-04 0.0   7.808645579310e-04   4.121649904400e-04 5*0.0   5.476773949530e-04  -6.847062608210e-05 0.0  -3.823321194580e-04  -2.371598964220e-04 
5*0.0  -1.360744278710e-03   1.129731147210e-04 0.0   7.512394591790e-04   3.975679150670e-04 5*0.0   5.205827033050e-04  -6.666676770080e-05 0.0  -3.687573157980e-04  -2.303835131400e-04 
5*0.0  -1.308955315440e-03   1.086517102320e-04 0.0   7.227110214050e-04   3.835214478250e-04 5*0.0   4.948059195010e-04  -6.495257849890e-05 0.0  -3.557856348730e-04  -2.238495456880e-04 
5*0.0  -1.258967081450e-03   1.045074688990e-04 0.0   6.952421023360e-04   3.700043451700e-04 5*0.0   4.702965094190e-04  -6.332341110610e-05 0.0  -3.433915706720e-04  -2.175469641420e-04 
5*0.0  -1.210725932960e-03   1.005335497860e-04 0.0   6.687966710260e-04   3.569961273250e-04 5*0.0   4.470055066460e-04  -6.177482095150e-05 0.0  -3.315505498910e-04  -2.114652111620e-04 
5*0.0  -1.164179566690e-03   9.672335113490e-05 0.0   6.433397852160e-04   3.444770417320e-04 5*0.0   4.248854731340e-04  -6.030255861620e-05 0.0  -3.202389029100e-04  -2.055941846020e-04 
5*0.0  -1.119276995510e-03   9.307049942790e-05 0.0   6.188375594830e-04   3.324280511050e-04 5*0.0   4.038904606610e-04  -5.890256260520e-05 0.0  -3.094338357860e-04  -1.999242206800e-04 
5*0.0  -1.075968505760e-03   8.956884484060e-05 0.0   5.952571365930e-04   3.208308043700e-04 5*0.0   3.839759734700e-04  -5.757095215560e-05 0.0  -2.991134027660e-04  -1.944460776550e-04 
5*0.0  -1.034205652450e-03   8.621245477060e-05 0.0   5.725666576200e-04   3.096676206900e-04 5*0.0   3.650989306890e-04  -5.630402045420e-05 0.0  -2.892564796100e-04  -1.891509200380e-04 
5*0.0  -9.939412159630e-04   8.299560379770e-05 0.0   5.507352446980e-04   2.989214599490e-04 5*0.0   3.472176301540e-04  -5.509822798370e-05 0.0  -2.798427375360e-04  -1.840303032850e-04 
5*0.0  -9.551291923060e-04   7.991277147070e-05 0.0   5.297329698360e-04   2.885759063160e-04 5*0.0   3.302917127050e-04  -5.395019611700e-05 0.0  -2.708526178690e-04  -1.790761589880e-04 
5*0.0  -9.177247529140e-04   7.695863114750e-05 0.0   5.095308251490e-04   2.786151512870e-04 5*0.0   3.142821271050e-04  -5.285670091660e-05 0.0  -2.622673073210e-04  -1.742807805410e-04 
5*0.0  -8.816842341710e-04   7.412804754090e-05 0.0   4.901007075830e-04   2.690239653400e-04 5*0.0   2.991510955950e-04  -5.181466717310e-05 0.0  -2.540687140300e-04  -1.696368092670e-04 
5*0.0  -8.469651085070e-04   7.141606957920e-05 0.0   4.714153874100e-04   2.597876871980e-04 5*0.0   2.848620804380e-04  -5.082116261690e-05 0.0  -2.462394440270e-04  -1.651372209880e-04 
5*0.0  -8.135259590580e-04   6.881792415230e-05 0.0   4.534484889620e-04   2.508921990260e-04 5*0.0   2.713797504510e-04  -4.987339230920e-05 0.0  -2.387627785380e-04  -1.607753130470e-04 
5*0.0  -7.813264494210e-04   6.632900864410e-05 0.0   4.361744606000e-04   2.423239150010e-04 5*0.0   2.586699491660e-04  -4.896869330060e-05 0.0  -2.316226517820e-04  -1.565446917400e-04 
5*0.0  -7.503273196760e-04   6.394488988980e-05 0.0   4.195685641280e-04   2.340697552820e-04 5*0.0   2.466996626250e-04  -4.810452934210e-05 0.0  -2.248036294080e-04  -1.524392601800e-04 
5*0.0  -7.204903477160e-04   6.166129419780e-05 0.0   4.036068435990e-04   2.261171346650e-04 5*0.0   2.354369888050e-04  -4.727848594640e-05 0.0  -2.182908874960e-04  -1.484532065490e-04 
5*0.0  -6.917783299280e-04   5.947410494860e-05 0.0   3.882661032360e-04   2.184539465190e-04 5*0.0   2.248511068250e-04  -4.648826546290e-05 0.0  -2.120701921850e-04  -1.445809927480e-04 
5*0.0  -6.641550633150e-04   5.737935619200e-05 0.0   3.735238929670e-04   2.110685438910e-04 5*0.0   2.149122472280e-04  -4.573168240300e-05 0.0  -2.061278797780e-04  -1.408173434320e-04 
5*0.0  -6.375853205210e-04   5.537322823510e-05 0.0   3.593584784360e-04   2.039497256730e-04 5*0.0   2.055916629550e-04  -4.500665893200e-05 0.0  -2.004508375130e-04  -1.371572354120e-04 
5*0.0  -6.120348268020e-04   5.345204253950e-05 0.0   3.457488335210e-04   1.970867196240e-04 5*0.0   1.968616007260e-04  -4.431122048460e-05 0.0  -1.950264847670e-04  -1.335958874120e-04 
5*0.0  -5.874702439080e-04   5.161225707180e-05 0.0   3.326746079760e-04   1.904691705080e-04 5*0.0   1.886952731660e-04  -4.364349155260e-05 0.0  -1.898427548910e-04  -1.301287501910e-04 
5*0.0  -5.638591491800e-04   4.985046286870e-05 0.0   3.201161174190e-04   1.840871221210e-04 5*0.0   1.810668315800e-04  -4.300169162810e-05 0.0  -1.848880774550e-04  -1.267514969830e-04 
5*0.0  -5.411700078830e-04   4.816337736070e-05 0.0   3.080543179340e-04   1.779310084380e-04 5*0.0   1.739513389970e-04  -4.238413127410e-05 0.0  -1.801513610960e-04  -1.234600142910e-04 
5*0.0  -5.193721612760e-04   4.654784269770e-05 0.0   2.964707936940e-04   1.719916350540e-04 5*0.0   1.673247443810e-04  -4.178920833740e-05 0.0  -1.756219768160e-04  -1.202503929820e-04 
5*0.0  -4.984358024500e-04   4.500081960940e-05 0.0   2.853477346360e-04   1.662601700270e-04 5*0.0   1.611638569360e-04  -4.121540431360e-05 0.0  -1.712897417500e-04  -1.171189197070e-04 
5*0.0  -4.783319583300e-04   4.351938474820e-05 0.0   2.746679213480e-04   1.607281287730e-04 5*0.0   1.554463211900e-04  -4.066128082430e-05 0.0  -1.671449034710e-04  -1.140620686140e-04 
5*0.0  -4.590324731550e-04   4.210072618210e-05 0.0   2.644147075590e-04   1.553873629740e-04 5*0.0   1.501505926660e-04  -4.012547621490e-05 0.0  -1.631781246720e-04  -1.110764933600e-04 
5*0.0  -4.405099844890e-04   4.074213973920e-05 0.0   2.545720010500e-04   1.502300507820e-04 5*0.0   1.452559140590e-04  -3.960670231370e-05 0.0  -1.593804683820e-04  -1.081590194060e-04 
5*0.0  -4.227379088230e-04   3.944102503890e-05 0.0   2.451242542120e-04   1.452486797380e-04 5*0.0   1.407422918900e-04  -3.910374125000e-05 0.0  -1.557433835600e-04  -1.053066365850e-04 
5*0.0  -4.056904193410e-04   3.819488263340e-05 0.0   2.360564404540e-04   1.404360417490e-04 5*0.0   1.365904740720e-04  -3.861544247010e-05 0.0  -1.522586911570e-04  -1.025164919470e-04 
5*0.0  -3.893424334440e-04   3.700130988230e-05 0.0   2.273540434600e-04   1.357852183930e-04 5*0.0   1.327819274000e-04  -3.814071975380e-05 0.0  -1.489185705990e-04  -9.978588284860e-05 
5*0.0  -3.736695932770e-04   3.585799817850e-05 0.0   2.190030403550e-04   1.312895724090e-04 5*0.0   1.292988162120e-04  -3.767854845320e-05 0.0  -1.457155466540e-04  -9.711225030990e-05 
5*0.0  -3.586482460730e-04   3.476272959030e-05 0.0   2.109898881090e-04   1.269427366180e-04 5*0.0   1.261239810230e-04  -3.722796274300e-05 0.0  -1.426424767340e-04  -9.449317260750e-05 
5*0.0  -3.442554307400e-04   3.371337321210e-05 0.0   2.033015093070e-04   1.227386044370e-04 5*0.0   1.232409181400e-04  -3.678805304550e-05 0.0  -1.396925385620e-04  -9.192635910290e-05 
5*0.0  -3.304688580900e-04   3.270788305510e-05 0.0   1.959252764840e-04   1.186713205840e-04 5*0.0   1.206337594180e-04  -3.635796349550e-05 0.0  -1.368592182330e-04  -8.940964430570e-05 
5*0.0  -3.172668963210e-04   3.174429385620e-05 0.0   1.888490009360e-04   1.147352716770e-04 5*0.0   1.182872527030e-04  -3.593688952580e-05 0.0  -1.341362986460e-04  -8.694098215450e-05 
5*0.0  -3.046285582660e-04   3.082072016390e-05 0.0   1.820609171920e-04   1.109250775340e-04 5*0.0   1.161867427710e-04  -3.552407555570e-05 0.0  -1.315178483000e-04  -8.451844051500e-05 
5*0.0  -2.925334776450e-04   2.993535107750e-05 0.0   1.755496726780e-04   1.072355817870e-04 5*0.0   1.143181525790e-04  -3.511881273900e-05 0.0  -1.289982104330e-04  -8.214019588500e-05 
5*0.0  -2.809619015060e-04   2.908644950470e-05 0.0   1.693043132990e-04   1.036618449580e-04 5*0.0   1.126679651950e-04  -3.472043681270e-05 0.0  -1.265719925220e-04  -7.980452830290e-05 
5*0.0  -2.698946705190e-04   2.827234933170e-05 0.0   1.633142711840e-04   1.001991351410e-04 5*0.0   1.112232060550e-04  -3.432832603500e-05 0.0  -1.242340561060e-04  -7.750981645060e-05 
5*0.0  -2.593132072180e-04   2.749145172790e-05 0.0   1.575693536040e-04   9.684292107540e-05 5*0.0   1.099714257170e-04  -3.394189919350e-05 0.0  -1.219795069480e-04  -7.525453294470e-05 
5*0.0  -2.491995003400e-04   2.674222435330e-05 0.0   1.520597320560e-04   9.358886332410e-05 5*0.0   1.089006830480e-04  -3.356061368380e-05 0.0  -1.198036854940e-04  -7.303723981230e-05 
5*0.0  -2.395360860780e-04   2.602319713860e-05 0.0   1.467759284850e-04   9.043280925130e-05 5*0.0   1.079995288620e-04  -3.318396368290e-05 0.0  -1.177021576730e-04  -7.085658414280e-05 
5*0.0  -2.303060439260e-04   2.533296213980e-05 0.0   1.417088073120e-04   8.737078317320e-05 5*0.0   1.072569899250e-04  -3.281147836360e-05 0.0  -1.156707059660e-04  -6.871129391050e-05 
5*0.0  -2.214929741810e-04   2.467016959020e-05 0.0   1.368495623890e-04   8.439898172260e-05 5*0.0   1.066625535720e-04  -3.244272022670e-05 0.0  -1.137053207970e-04  -6.660017396270e-05 
5*0.0  -2.130809884630e-04   2.403352642400e-05 0.0   1.321897076700e-04   8.151376628570e-05 5*0.0   1.062061524220e-04  -3.207728344100e-05 0.0  -1.118021921960e-04  -6.452210216980e-05 
5*0.0  -2.050546959990e-04   2.342179463430e-05 0.0   1.277210677390e-04   7.871165647810e-05 5*0.0   1.058781498150e-04  -3.171479229980e-05 0.0  -1.099577017310e-04  -6.247602572860e-05 
5*0.0  -1.973991905420e-04   2.283378814430e-05 0.0   1.234357657210e-04   7.598932482070e-05 5*0.0   1.056693253790e-04  -3.135489970270e-05 0.0  -1.081684147300e-04  -6.046095761480e-05 
5*0.0  -1.901000385770e-04   2.226837230860e-05 0.0   1.193262162140e-04   7.334358972640e-05 5*0.0   1.055708612140e-04  -3.099728572500e-05 0.0  -1.064310727560e-04  -5.847597317990e-05 
5*0.0  -1.831432645810e-04   2.172446063100e-05 0.0   1.153851145900e-04   7.077141065820e-05 5*0.0   1.055743282560e-04  -3.064165622630e-05 0.0  -1.047425863400e-04  -5.652020688920e-05 
5*0.0  -1.765153423770e-04   2.120101411010e-05 0.0   1.116054281970e-04   6.826988193240e-05 5*0.0   1.056716731800e-04  -3.028774152360e-05 0.0  -1.031000279530e-04  -5.459284919530e-05 
5*0.0  -1.702031811220e-04   2.069703879830e-05 0.0   1.079803873390e-04   6.583622764460e-05 5*0.0   1.058552055340e-04  -2.993529512900e-05 0.0  -1.015006252380e-04  -5.269314353700e-05 
5*0.0  -1.641941121450e-04   2.021158409900e-05 0.0   1.045034774370e-04   6.346779650190e-05 5*0.0   1.061175852770e-04  -2.958409250110e-05 0.0  -9.994175445590e-05  -5.082038347050e-05 
5*0.0  -1.584758833080e-04   1.974374172080e-05 0.0   1.011684298890e-04   6.116205662620e-05 5*0.0   1.064518107270e-04  -2.923392990670e-05 0.0  -9.842093417720e-05  -4.897390991760e-05 
5*0.0  -1.530366409360e-04   1.929264345200e-05 0.0   9.796921433210e-05   5.891659081240e-05 5*0.0   1.068512067470e-04  -2.888462328090e-05 0.0  -9.693581918210e-05  -4.715310853190e-05 
5*0.0  -1.478649235210e-04   1.885745982260e-05 0.0   9.490003070910e-05   5.672909208270e-05 5*0.0   1.073094133330e-04  -2.853600715510e-05 0.0  -9.548419458410e-05  -4.535740717940e-05 
5*0.0  -1.429496505810e-04   1.843739887580e-05 0.0   9.195530162440e-05   5.459735882330e-05 5*0.0   1.078203744740e-04  -2.818793362510e-05 0.0  -9.406397015800e-05  -4.358627352650e-05 
5*0.0  -1.382801093280e-04   1.803170438220e-05 0.0   8.912966517100e-05   5.251929064230e-05 5*0.0   1.083783274500e-04  -2.784027137930e-05 0.0  -9.267317486560e-05  -4.183921273430e-05 
5*0.0  -1.338459487700e-04   1.763965469150e-05 0.0   8.641796738470e-05   5.049288389710e-05 5*0.0   1.089777922040e-04  -2.749290472990e-05 0.0  -9.130995159260e-05  -4.011576525340e-05 
5*0.0  -1.296371669030e-04   1.726056123200e-05 0.0   8.381525492920e-05   4.851622837970e-05 5*0.0   1.096135613320e-04  -2.714573273520e-05 0.0  -8.997255206140e-05  -3.841550471730e-05 
5*0.0  -1.256441005420e-04   1.689376725690e-05 0.0   8.131676933400e-05   4.658750261370e-05 5*0.0   1.102806900820e-04  -2.679866831870e-05 0.0  -8.865933193470e-05  -3.673803592970e-05 
5*0.0  -1.218574192850e-04   1.653864680190e-05 0.0   7.891793950340e-05   4.470497043140e-05 5*0.0   1.109744868310e-04  -2.645163745140e-05 0.0  -8.736874609960e-05  -3.508299294250e-05 
5*0.0  -1.182681114570e-04   1.619460309120e-05 0.0   7.661437548700e-05   4.286697726740e-05 5*0.0   1.116905037550e-04  -2.610457835860e-05 0.0  -8.609934412010e-05  -3.345003722030e-05 
5*0.0  -1.148674800990e-04   1.586106787700e-05 0.0   7.440186227410e-05   4.107194702300e-05 5*0.0   1.124245278120e-04  -2.575744076260e-05 0.0  -8.484976586850e-05  -3.183885589200e-05 
5*0.0  -1.116471291150e-04   1.553749970920e-05 0.0   7.227635410760e-05   3.931837807190e-05 5*0.0   1.131725719690e-04  -2.541018516630e-05 0.0  -8.361873731020e-05  -3.024916008010e-05 
5*0.0  -1.085989586040e-04   1.522338342620e-05 0.0   7.023396795320e-05   3.760484063220e-05 5*0.0   1.139308667620e-04  -2.506278216300e-05 0.0  -8.240506644830e-05  -2.868068331020e-05 
5*0.0  -1.057151546800e-04   1.491822864480e-05 0.0   6.827097818690e-05   3.592997321670e-05 5*0.0   1.146958519590e-04  -2.471521177000e-05 0.0  -8.120763943010e-05  -2.713317999490e-05 
5*0.0  -1.029881800310e-04   1.462156907930e-05 0.0   6.638381173060e-05   3.429247977600e-05 5*0.0   1.154641686900e-04  -2.436746281710e-05 0.0  -8.002541678820e-05  -2.560642399070e-05 
5*0.0  -1.004107696090e-04   1.433296145200e-05 0.0   6.456904099300e-05   3.269112698540e-05 5*0.0   1.162326516170e-04  -2.401953233160e-05 0.0  -7.885742983730e-05  -2.410020722300e-05 
5*0.0  -9.797591738900e-05   1.405198449680e-05 0.0   6.282338066410e-05   3.112474102470e-05 5*0.0   1.169983214730e-04  -2.367142497350e-05 0.0  -7.770277720750e-05  -2.261433837940e-05 
5*0.0  -9.567687358420e-05   1.377823791470e-05 0.0   6.114368118270e-05   2.959220542060e-05 5*0.0   1.177583777770e-04  -2.332315249200e-05 0.0  -7.656062150770e-05  -2.114864166730e-05 
5*0.0  -9.350713486180e-05   1.351134211580e-05 0.0   5.952692451810e-05   2.809245805730e-05 5*0.0   1.185101918220e-04  -2.297473320870e-05 0.0  -7.543018612340e-05  -1.970295563170e-05 
5*0.0  -9.146043581400e-05   1.325093627000e-05 0.0   5.797021948310e-05   2.662448894670e-05 5*0.0   1.192512998070e-04  -2.262619151430e-05 0.0  -7.431075214130e-05  -1.827713203480e-05 
5*0.0  -8.953074581740e-05   1.299667892230e-05 0.0   5.647079707940e-05   2.518733759600e-05 5*0.0   1.199793962540e-04  -2.227755740650e-05 0.0  -7.320165539480e-05  -1.687103479020e-05 
5*0.0  -8.771225813340e-05   1.274824577450e-05 0.0   5.502600563440e-05   2.378009104330e-05 5*0.0   1.206923276340e-04  -2.192886603960e-05 0.0  -7.210228362750e-05  -1.548453895390e-05 
5*0.0  -8.599938338340e-05   1.250532990390e-05 0.0   5.363330729860e-05   2.240188131950e-05 5*0.0   1.213880861360e-04  -2.158015729930e-05 0.0  -7.101207376930e-05  -1.411752976680e-05 
5*0.0  -8.438674666340e-05   1.226764077770e-05 0.0   5.229027306250e-05   2.105188358970e-05 5*0.0   1.220648036860e-04  -2.123147539370e-05 0.0  -6.993050932850e-05  -1.276990174800e-05 
5*0.0  -8.286917573650e-05   1.203490312590e-05 0.0   5.099457934180e-05   1.972931399190e-05 5*0.0   1.227207461500e-04  -2.088286847450e-05 0.0  -6.885711788570e-05  -1.144155783620e-05 
5*0.0  -8.144169981230e-05   1.180685709320e-05 0.0   4.974400377960e-05   1.843342762830e-05 5*0.0   1.233543077540e-04  -2.053438827120e-05 0.0  -6.779146868920e-05  -1.013240857890e-05 
5*0.0  -8.009953902470e-05   1.158325668120e-05 0.0   4.853642145880e-05   1.716351685200e-05 5*0.0   1.239640056070e-04  -2.018608973910e-05 0.0  -6.673317035610e-05  -8.842371364240e-06 
5*0.0  -7.883810182460e-05   1.136386985260e-05 0.0   4.736980124620e-05   1.591890932600e-05 5*0.0   1.245484744840e-04  -1.983803073680e-05 0.0  -6.568186866900e-05  -7.571369696620e-06 
5*0.0  -7.765297701950e-05   1.114847749040e-05 0.0   4.624220243220e-05   1.469896636170e-05 5*0.0   1.251064617340e-04  -1.949027171090e-05 0.0  -6.463724445610e-05  -6.319332513960e-06 
5*0.0  -7.653992893810e-05   1.093687290860e-05 0.0   4.515177114150e-05   1.350308116290e-05 5*0.0   1.256368223970e-04  -1.914287540060e-05 0.0  -6.359901157780e-05  -5.086193542710e-06 
5*0.0  -7.549489198500e-05   1.072886149230e-05 0.0   4.409673691730e-05   1.233067743520e-05 5*0.0   1.261385144610e-04  -1.879590656430e-05 0.0  -6.256691497870e-05  -3.871890690980e-06 
5*0.0  -7.451396485330e-05   1.052425977130e-05 0.0   4.307540964930e-05   1.118120764280e-05 5*0.0   1.266105942580e-04  -1.844943170640e-05 0.0  -6.154072884780e-05  -2.676365478350e-06 
5*0.0  -7.359340575590e-05   1.032289535790e-05 0.0   4.208617645610e-05   1.005415166020e-05 5*0.0   1.270522120600e-04  -1.810351883440e-05 0.0  -6.052025483740e-05  -1.499562499650e-06 
5*0.0  -7.272962596320e-05   1.012460594670e-05 0.0   4.112749885740e-05   8.949015313200e-06 5*0.0   1.274626078130e-04  -1.775823721940e-05 0.0  -5.950532037090e-05  -3.414289205320e-07 
5*0.0  -7.191918730600e-05   9.929239372800e-06 0.0   4.019790937590e-05   7.865329122980e-06 5*0.0   1.278411069840e-04  -1.741365717500e-05 0.0  -5.849577702860e-05   7.980859933100e-07 
5*0.0  -7.115879436420e-05   9.736652631780e-06 0.0   3.929600926540e-05   6.802646894540e-06 5*0.0   1.281871166080e-04  -1.706984984850e-05 0.0  -5.749149899450e-05   1.919031318320e-06 
5*0.0  -7.044529233030e-05   9.546711779680e-06 0.0   3.842046540840e-05   5.760544613150e-06 5*0.0   1.285001214270e-04  -1.672688702160e-05 0.0  -5.649238158270e-05   3.021454886230e-06 
5*0.0  -6.977566043320e-05   9.359291425900e-06 0.0   3.757000811670e-05   4.738619100960e-06 5*0.0   1.287796801790e-04  -1.638484092400e-05 0.0  -5.549833982860e-05   4.105403669920e-06 
5*0.0  -6.914700925780e-05   9.174274233320e-06 0.0   3.674342796620e-05   3.736487115620e-06 5*0.0   1.290254220310e-04  -1.604378406110e-05 0.0  -5.450930714090e-05   5.170924141710e-06 
5*0.0  -6.855657456470e-05   8.991550601240e-06 0.0   3.593957405130e-05   2.753784012360e-06 5*0.0   1.292370431070e-04  -1.570378904670e-05 0.0  -5.352523402440e-05   6.218062608800e-06 
5*0.0  -6.800171476860e-05   8.811018309990e-06 0.0   3.515735103820e-05   1.790162933010e-06 5*0.0   1.294143031930e-04  -1.536492845320e-05 0.0  -5.254608685050e-05   7.246865522860e-06 
5*0.0  -6.747990455070e-05   8.632581961630e-06 0.0   3.439571746020e-05   8.452936733190e-07 5*0.0   1.295570225050e-04  -1.502727466320e-05 0.0  -5.157184669870e-05   8.257379768140e-06 
5*0.0  -6.698873444200e-05   8.456152944130e-06 0.0   3.365368289680e-05  -8.113818534280e-08 5*0.0   1.296650786050e-04  -1.469089973970e-05 0.0  -5.060250824440e-05   9.249652927170e-06 
5*0.0  -6.652590392200e-05   8.281649120240e-06 0.0   3.293030616070e-05  -9.894322234190e-07 5*0.0   1.297384034080e-04  -1.435587529260e-05 0.0  -4.963807870660e-05   1.022373352610e-05 
5*0.0  -6.608921591950e-05   8.108993630910e-06 0.0   3.222469350230e-05  -1.879873989270e-06 5*0.0   1.297769803410e-04  -1.402227237100e-05 0.0  -4.867857683980e-05   1.117967126010e-05 
5*0.0  -6.567658127840e-05   7.938116141800e-06 0.0   3.153599592550e-05  -2.752735898640e-06 5*0.0   1.297808415590e-04  -1.369016134570e-05 0.0  -4.772403198380e-05   1.211751720030e-05 
5*0.0  -6.528600379310e-05   7.768951063660e-06 0.0   3.086340814190e-05  -3.608277934540e-06 5*0.0   1.297500653000e-04  -1.335961181460e-05 0.0  -4.677448315530e-05   1.303732398340e-05 
5*0.0  -6.491558684000e-05   7.601438081590e-06 0.0   3.020616597810e-05  -4.446748444620e-06 5*0.0   1.296847733010e-04  -1.303069250160e-05 0.0  -4.582997818720e-05   1.393914598240e-05 
5*0.0  -6.456352309080e-05   7.435521733830e-06 0.0   2.956354519780e-05  -5.268384862880e-06 5*0.0   1.295851283560e-04  -1.270347117490e-05 0.0  -4.489057291260e-05   1.482303946420e-05 
5*0.0  -6.422809504340e-05   7.271150996350e-06 0.0   2.893485908350e-05  -6.073414314360e-06 5*0.0   1.294513319570e-04  -1.237801456680e-05 0.0  -4.395633038930e-05   1.568906272920e-05 
5*0.0  -6.390767069260e-05   7.108279239270e-06 0.0   2.831945761090e-05  -6.862054365430e-06 5*0.0   1.292836219780e-04  -1.205438829540e-05 0.0  -4.302732016740e-05   1.653727623830e-05 
5*0.0  -6.360069931090e-05   6.946863671550e-06 0.0   2.771672544950e-05  -7.634513558110e-06 5*0.0   1.290822705210e-04  -1.173265680110e-05 0.0  -4.210361759240e-05   1.736774272490e-05 
5*0.0  -6.330571187910e-05   6.786865655380e-06 0.0   2.712608000370e-05  -8.390992033090e-06 5*0.0   1.288475818040e-04  -1.141288328410e-05 0.0  -4.118530315010e-05   1.818052729490e-05 
5*0.0  -6.302131330030e-05   6.628249876240e-06 0.0   2.654697092930e-05  -9.131682079240e-06 5*0.0   1.285798901170e-04  -1.109512964490e-05 0.0  -4.027246184220e-05   1.897569751340e-05 
5*0.0  -6.274618323010e-05   6.470984525230e-06 0.0   2.597887770400e-05  -9.856768658740e-06 5*0.0   1.282795579130e-04  -1.077945643740e-05 0.0  -3.936518260210e-05   1.975332348110e-05 
5*0.0  -6.247907303940e-05   6.315041008570e-06 0.0   2.542130895470e-05  -1.056642989400e-05 5*0.0   1.279469739140e-04  -1.046592281840e-05 0.0  -3.846355773850e-05   2.051347789810e-05 
5*0.0  -6.221880031720e-05   6.160393559800e-06 0.0   2.487380086840e-05  -1.126083758410e-05 5*0.0   1.275825513510e-04  -1.015458651050e-05 0.0  -3.756768241500e-05   2.125623611830e-05 
5*0.0  -6.196425082900e-05   6.007019488270e-06 0.0   2.433591570310e-05  -1.194015761620e-05 5*0.0   1.271867262220e-04  -9.845503760990e-06 0.0  -3.667765415440e-05   2.198167619390e-05 
5*0.0  -6.171437082310e-05   5.854898398340e-06 0.0   2.380724114510e-05  -1.260455040790e-05 5*0.0   1.267599556600e-04  -9.538729312480e-06 0.0  -3.579357238040e-05   2.268987891040e-05 
5*0.0  -6.146816943950e-05   5.704012674020e-06 0.0   2.328738861940e-05  -1.325417133720e-05 5*0.0   1.263027163610e-04  -9.234316372970e-06 0.0  -3.491553797730e-05   2.338092781290e-05 
5*0.0  -6.122471304420e-05   5.554346929840e-06 0.0   2.277599231620e-05  -1.388917108030e-05 5*0.0   1.258155030460e-04  -8.932316589550e-06 0.0  -3.404365288500e-05   2.405490922460e-05 
5*0.0  -6.098312485970e-05   5.405887823260e-06 0.0   2.227270824100e-05  -1.450969600880e-05 5*0.0   1.252988270490e-04  -8.632780030340e-06 0.0  -3.317801971390e-05   2.471191225730e-05 
5*0.0  -6.074258087740e-05   5.258624057920e-06 0.0   2.177721295810e-05  -1.511588853780e-05 5*0.0   1.247532148980e-04  -8.335755163640e-06 0.0  -3.231874138640e-05   2.535202881400e-05 
5*0.0  -6.050231044460e-05   5.112546342680e-06 0.0   2.128920268290e-05  -1.570788741740e-05 5*0.0   1.241792070090e-04  -8.041288845340e-06 0.0  -3.146592080130e-05   2.597535358680e-05 
5*0.0  -6.026159061330e-05   4.967646800370e-06 0.0   2.080839239700e-05  -1.628582806240e-05 5*0.0   1.235773563970e-04  -7.749426306390e-06 0.0  -3.061966051910e-05   2.658198404560e-05 
5*0.0  -6.001974803110e-05   4.823919575740e-06 0.0   2.033451487300e-05  -1.684984286050e-05 5*0.0   1.229482274910e-04  -7.460211146380e-06 0.0  -2.978006247260e-05   2.717202042350e-05 
5*0.0  -5.977615394940e-05   4.681360031640e-06 0.0   1.986731961150e-05  -1.740006138730e-05 5*0.0   1.222923949360e-04  -7.173685323810e-06 0.0  -2.894722769300e-05   2.774556569500e-05 
5*0.0  -5.953022354570e-05   4.539964918320e-06 0.0   1.940657223990e-05  -1.793661072580e-05 5*0.0   1.216104425170e-04  -6.889889156480e-06 0.0  -2.812125605820e-05   2.830272554960e-05 
5*0.0  -5.928141411990e-05   4.399732365270e-06 0.0   1.895205371210e-05  -1.845961565590e-05 5*0.0   1.209029620800e-04  -6.608861318580e-06 0.0  -2.730224605730e-05   2.884360836130e-05 
5*0.0  -5.902922376440e-05   4.260661629460e-06 0.0   1.850355911530e-05  -1.896919891500e-05 5*0.0   1.201705525340e-04  -6.330638844180e-06 0.0  -2.649029457620e-05   2.936832515180e-05 
5*0.0  -5.877318809560e-05   4.122752854910e-06 0.0   1.806089748920e-05  -1.946548139550e-05 5*0.0   1.194138188820e-04  -6.055257127670e-06 0.0  -2.568549669730e-05   2.987698955200e-05 
5*0.0  -5.851288023590e-05   3.986007418600e-06 0.0   1.762389061490e-05  -1.994858234270e-05 5*0.0   1.186333712930e-04  -5.782749931820e-06 0.0  -2.488794551590e-05   3.036971775780e-05 
5*0.0  -5.824790853740e-05   3.850427364430e-06 0.0   1.719237262340e-05  -2.041861954940e-05 5*0.0   1.178298242520e-04  -5.513149394940e-06 0.0  -2.409773197050e-05   3.084662848320e-05 
5*0.0  -5.797791527530e-05   3.716015760640e-06 0.0   1.676618934370e-05  -2.087570950570e-05 5*0.0   1.170037957010e-04  -5.246486039270e-06 0.0  -2.331494469080e-05   3.130784291040e-05 
5*0.0  -5.770257465180e-05   3.582776094910e-06 0.0   1.634519733030e-05  -2.131996759950e-05 5*0.0   1.161559062570e-04  -4.982788781830e-06 0.0  -2.253966985770e-05   3.175348463650e-05 
5*0.0  -5.742159179630e-05   3.450712730520e-06 0.0   1.592926359380e-05  -2.175150823210e-05 5*0.0   1.152867784640e-04  -4.722084948200e-06 0.0  -2.177199107350e-05   3.218367961720e-05 
5*0.0  -5.713470091780e-05   3.319830462570e-06 0.0   1.551826505580e-05  -2.217044497730e-05 5*0.0   1.143970360680e-04  -4.464400284180e-06 0.0  -2.101198925160e-05   3.259855610960e-05 
5*0.0  -5.684166517590e-05   3.190134714170e-06 0.0   1.511208757270e-05  -2.257689070270e-05 5*0.0   1.134873033380e-04  -4.209758972700e-06 0.0  -2.025974250880e-05   3.299824461100e-05 
5*0.0  -5.654227370400e-05   3.061631165820e-06 0.0   1.471062587170e-05  -2.297095769840e-05 5*0.0   1.125582044280e-04  -3.958183649570e-06 0.0  -1.951532607750e-05   3.338287779650e-05 
5*0.0  -5.623634136580e-05   2.934326028680e-06 0.0   1.431378281770e-05  -2.335275777320e-05 5*0.0   1.116103627520e-04  -3.709695419660e-06 0.0  -1.877881222460e-05   3.375259045530e-05 
5*0.0  -5.592370785930e-05   2.808225780470e-06 0.0   1.392146884880e-05  -2.372240237770e-05 5*0.0   1.106444004240e-04  -3.464313878820e-06 0.0  -1.805027017730e-05   3.410751942460e-05 
5*0.0  -5.560423484370e-05   2.683337163020e-06 0.0   1.353360179200e-05  -2.408000267780e-05 5*0.0   1.096609376930e-04  -3.222057129390e-06 0.0  -1.732976606530e-05   3.444780352280e-05 
5*0.0  -5.527780684910e-05   2.559667075920e-06 0.0   1.315010615360e-05  -2.442566965890e-05 5*0.0   1.086605924320e-04  -2.982941803070e-06 0.0  -1.661736286700e-05   3.477358348090e-05 
5*0.0  -5.494432903520e-05   2.437222638450e-06 0.0   1.277091274080e-05  -2.475951419010e-05 5*0.0   1.076439796530e-04  -2.746983081260e-06 0.0  -1.591312036520e-05   3.508500187350e-05 
5*0.0  -5.460372679830e-05   2.316011121220e-06 0.0   1.239595831730e-05  -2.508164709910e-05 5*0.0   1.066117110360e-04  -2.514194717400e-06 0.0  -1.521709511260e-05   3.538220304860e-05 
5*0.0  -5.425594353510e-05   2.196039755780e-06 0.0   1.202518528340e-05  -2.539217925120e-05 5*0.0   1.055643945060e-04  -2.284589059460e-06 0.0  -1.452934040080e-05   3.566533305650e-05 
5*0.0  -5.390094130630e-05   2.077315955380e-06 0.0   1.165854117960e-05  -2.569122157760e-05 5*0.0   1.045026338120e-04  -2.058177072140e-06 0.0  -1.384990624350e-05   3.593453957890e-05 
5*0.0  -5.353869864370e-05   1.959847017920e-06 0.0   1.129597833990e-05  -2.597888516450e-05 5*0.0   1.034270281540e-04  -1.834968362980e-06 0.0  -1.317883935860e-05   3.618997185670e-05 
5*0.0  -5.316921064570e-05   1.843640314310e-06 0.0   1.093745359850e-05  -2.625528126310e-05 5*0.0   1.023381718150e-04  -1.614971203390e-06 0.0  -1.251618316090e-05   3.643178061780e-05 
5*0.0  -5.279248640980e-05   1.728702986990e-06 0.0   1.058292802260e-05  -2.652052136110e-05 5*0.0   1.012366538240e-04  -1.398192556010e-06 0.0  -1.186197776090e-05   3.666011800520e-05 
5*0.0  -5.240855039950e-05   1.615042302060e-06 0.0   1.023236660470e-05  -2.677471719900e-05 5*0.0   1.001230576430e-04  -1.184638098540e-06 0.0  -1.121625996790e-05   3.687513750460e-05 
5*0.0  -5.201743991070e-05   1.502665173990e-06 0.0   9.885737815960e-06  -2.701798081110e-05 5*0.0   9.899796087810e-05  -9.743122494350e-07 0.0  -1.057906329730e-05   3.707699387160e-05 
5*0.0  -5.161920573380e-05   1.391578574630e-06 0.0   9.543013490220e-06  -2.725042454830e-05 5*0.0   9.786193498450e-05  -7.672181924460e-07 0.0  -9.950417986490e-06   3.726584306050e-05 
5*0.0  -5.121390964120e-05   1.281789115460e-06 0.0   9.204168471770e-06  -2.747216109370e-05 5*0.0   9.671554503510e-05  -5.633579045850e-07 0.0  -9.330351011730e-06   3.744184215150e-05 
5*0.0  -5.080162495620e-05   1.173303348610e-06 0.0   8.869180517530e-06  -2.768330349720e-05 5*0.0   9.555934946760e-05  -3.627321801190e-07 0.0  -8.718886110080e-06   3.760514927980e-05 
5*0.0  -5.038243594050e-05   1.066127560410e-06 0.0   8.538029872370e-06  -2.788396517170e-05 5*0.0   9.439389987150e-05  -1.653406578220e-07 0.0  -8.116043806690e-06   3.775592356400e-05 
5*0.0  -4.995643626120e-05   9.602677892950e-07 0.0   8.210699245640e-06  -2.807425991840e-05 5*0.0   9.321974078810e-05   2.881815260200e-08 0.0  -7.521841443990e-06   3.789432503590e-05 
5*0.0  -4.952372889090e-05   8.557298441970e-07 0.0   7.887173315730e-06  -2.825430191510e-05 5*0.0   9.203740951920e-05   2.197468449890e-07 0.0  -6.936293216160e-06   3.802051457040e-05 
5*0.0  -4.908442566370e-05   7.525192691160e-07 0.0   7.567438788430e-06  -2.842420574610e-05 5*0.0   9.084743595970e-05   4.074490896350e-07 0.0  -6.359410204020e-06   3.813465381550e-05 
5*0.0  -4.863864575410e-05   6.506412465590e-07 0.0   7.251484227930e-06  -2.858408638140e-05 5*0.0   8.965034244260e-05   5.919296068140e-07 0.0  -5.791200416840e-06   3.823690512460e-05 
5*0.0  -4.818651658010e-05   5.501007851380e-07 0.0   6.939299579870e-06  -2.873405918770e-05 5*0.0   8.844664359990e-05   7.731941408060e-07 0.0  -5.231668832350e-06   3.832743148750e-05 
5*0.0  -4.772817186230e-05   4.509025034870e-07 0.0   6.630876422670e-06  -2.887423991820e-05 5*0.0   8.723684623210e-05   9.512494333960e-07 0.0  -4.680817442520e-06   3.840639646410e-05 
5*0.0  -4.726375203860e-05   3.530507290210e-07 0.0   6.326207335820e-06  -2.900474469630e-05 5*0.0   8.602144919390e-05   1.126103197540e-06 0.0  -4.138645301130e-06   3.847396411750e-05 
5*0.0  -4.679340350500e-05   2.565495000770e-07 0.0   6.025286168300e-06  -2.912569003390e-05 5*0.0   8.480094329860e-05   1.297764090680e-06 0.0  -3.605148569860e-06   3.853029894890e-05 
5*0.0  -4.631727733860e-05   1.614023917340e-07 0.0   5.728107696830e-06  -2.923719279720e-05 5*0.0   8.357581122070e-05   1.466241689780e-06 0.0  -3.080320572680e-06   3.857556583350e-05 
5*0.0  -4.583553058150e-05   6.761282232000e-08 0.0   5.434667474970e-06  -2.933937018860e-05 5*0.0   8.234652741890e-05   1.631546464720e-06 0.0  -2.564151846380e-06   3.860992995620e-05 
5*0.0  -4.534832370430e-05  -2.481631134360e-08 0.0   5.144961845850e-06  -2.943233976490e-05 5*0.0   8.111355807500e-05   1.793689752760e-06 0.0  -2.056630194520e-06   3.863355675000e-05 
5*0.0  -4.485582233880e-05  -1.158823415810e-07 0.0   4.858987567000e-06  -2.951621937840e-05 5*0.0   7.987736103270e-05   1.952683732150e-06 0.0  -1.557740742930e-06   3.864661183410e-05 
5*0.0  -4.435819457100e-05  -2.055830581310e-07 0.0   4.576742103850e-06  -2.959112720310e-05 5*0.0   7.863838574320e-05   2.108541398810e-06 0.0  -1.067465997400e-06   3.864926095400e-05 
5*0.0  -4.385561283120e-05  -2.939165148390e-07 0.0   4.298223078400e-06  -2.965718166310e-05 5*0.0   7.739707324270e-05   2.261276539110e-06 0.0  -5.857858987040e-07   3.864166992210e-05 
5*0.0  -4.334825200590e-05  -3.808811906950e-07 0.0   4.023428497160e-06  -2.971450146950e-05 5*0.0   7.615385610920e-05   2.410903706030e-06 0.0  -1.126778834620e-07   3.862400455950e-05 
5*0.0  -4.283628945760e-05  -4.664759107450e-07 0.0   3.752356506640e-06  -2.976320555370e-05 5*0.0   7.490915845330e-05   2.557438193920e-06 0.0   3.518830578700e-07   3.859643063950e-05 
