0.1, 140,
0.0, 0.0252298721, 0.0705981352, -0.0101181398, 0.0245559054, -0.0026172938, 3*0.0, 4.31, 5.0, 9*0.0,
20*0.0,
20*0.0,
20*0.0,
3*0.0   -1.05687284   -1.24252249    0.44991826    0.36976225   -0.74873766   -0.14405213    0.25333503 3*0.0    0.34868933    0.33426239    0.12044577    0.08567679    0.01947997   -0.08289477    0.16861474 
3*0.0   -0.99828695   -1.35244443    0.33464706    0.37531353   -0.75074196    0.04728980    0.07287767 3*0.0    0.39247433    0.39635860    0.15141451    0.09562525    0.01474413   -0.11105317    0.18702391 
3*0.0   -0.87318273   -1.39833237    0.17569364    0.35564122   -0.66812761    0.15251150   -0.04218800 3*0.0    0.41688727    0.44756876    0.18726875    0.10786177    0.00212460   -0.13751499    0.20451817 
3*0.0   -0.71406452   -1.39536422    0.00642978    0.31780571   -0.53339277    0.19078345   -0.10199951 3*0.0    0.42371570    0.48796679    0.22527508    0.12191161   -0.01791459   -0.16165148    0.22039926 
3*0.0   -0.54479760   -1.35723535   -0.15003149    0.26888608   -0.37446754    0.18814144   -0.12589179 3*0.0    0.41543636    0.51805991    0.26266270    0.13718887   -0.04408415   -0.18368272    0.23467821 
3*0.0   -0.38124077   -1.29535614   -0.28054024    0.21481271   -0.21200262    0.16668188   -0.13133364 3*0.0    0.39480407    0.53863885    0.29696772    0.15307483   -0.07468889   -0.20424821    0.24771656 
3*0.0   -0.23279432   -1.21873548   -0.37965776    0.16005290   -0.05957443    0.14169232   -0.13062783 3*0.0    0.36456904    0.55065802    0.32621931    0.16897556   -0.10793850   -0.22408174    0.25995846 
3*0.0   -0.10409684   -1.13419018   -0.44713087    0.10768895    0.07504408    0.12210935   -0.13098912 3*0.0    0.32730040    0.55514531    0.34900680    0.18435921   -0.14215046   -0.24381211    0.27177336 
3*0.0    0.00345742   -1.04668352   -0.48579288    0.05965713    0.18836854    0.11204719   -0.13575289 3*0.0    0.28529004    0.55313755    0.36446760    0.19877679   -0.17586497   -0.26386731    0.28338704 
3*0.0    0.09050777   -0.95969033   -0.49999490    0.01701182    0.27981156    0.11241578   -0.14571645 3*0.0    0.24051226    0.54563697    0.37222863    0.21187041   -0.20789550   -0.28444989    0.29487080 
3*0.0    0.15883610   -0.87553523   -0.49457264   -0.01982611    0.35056117    0.12224723   -0.16023706 3*0.0    0.19461960    0.53358370    0.37232519    0.22337288   -0.23733679   -0.30555517    0.30616282 
3*0.0    0.21075603   -0.79568173   -0.47421159   -0.05086773    0.40275788    0.13965142   -0.17800733 3*0.0    0.14895980    0.51784016    0.36511344    0.23310180   -0.26354729   -0.32701112    0.31710351 
3*0.0    0.24872236   -0.72096668   -0.44310405   -0.07640090    0.43893692    0.16243977   -0.19754464 3*0.0    0.10460365    0.49918381    0.35118662    0.24095044   -0.28611808   -0.34852591    0.32747339 
3*0.0    0.27509943   -0.65178312   -0.40480720   -0.09687280    0.46167923    0.18849284   -0.21746736 3*0.0    0.06237715    0.47830551    0.33130043    0.24687722   -0.30483657   -0.36973440    0.33702732 
3*0.0    0.29203802   -0.58821882   -0.36220930   -0.11281112    0.47341202    0.21595224   -0.23662698 3*0.0    0.02289411    0.45581162    0.30630997    0.25089478   -0.31964974   -0.39023895    0.34552226 
3*0.0    0.30142238   -0.53015894   -0.31757709   -0.12476752    0.47630990    0.24329811   -0.25415100 3*0.0   -0.01341303    0.43222830    0.27711858    0.25305959   -0.33062989   -0.40964251    0.35273770 
3*0.0    0.30485932   -0.47736048   -0.27262923   -0.13328273    0.47225875    0.26935930   -0.26943531 3*0.0   -0.04626481    0.40800713    0.24463767    0.25346235   -0.33794417   -0.42757359    0.35848926 
3*0.0    0.30369136   -0.42950524   -0.22862515   -0.13886482    0.46285636    0.29328627   -0.28211141 3*0.0   -0.07550941    0.38353126    0.20975611    0.25221942   -0.34182839   -0.44370372    0.36263650 
3*0.0    0.29902215   -0.38623678   -0.18645088   -0.14197812    0.44943274    0.31450717   -0.29200384 3*0.0   -0.10110005    0.35912189    0.17331770    0.24946549   -0.34256503   -0.45775842    0.36508587 
3*0.0    0.29174657   -0.34718558   -0.14669915   -0.14303797    0.43307929    0.33267858   -0.29908681 3*0.0   -0.12307507    0.33504454    0.13610510    0.24534722   -0.34046525   -0.46952289    0.36579037 
3*0.0    0.28258155   -0.31198572   -0.10973742   -0.14241035    0.41468083    0.34763777   -0.30344466 3*0.0   -0.14154042    0.31151518    0.09882906    0.24001795   -0.33585443   -0.47884363    0.36474654 
3*0.0    0.27209538   -0.28028550   -0.07576510   -0.14041383    0.39494671    0.35935984   -0.30523829 3*0.0   -0.15665442    0.28870598    0.06212177    0.23363339   -0.32906068   -0.48562697    0.36198996 
3*0.0    0.26073373   -0.25175365   -0.04485842   -0.13732313    0.37443960    0.36792139   -0.30467780 3*0.0   -0.16861451    0.26675073    0.02653344    0.22634801   -0.32040614   -0.48983550    0.35758981 
3*0.0    0.24884270   -0.22608272   -0.01700598   -0.13337339    0.35360088    0.37347064   -0.30200134 3*0.0   -0.17764582    0.24574974   -0.00746845    0.21831227   -0.31020033   -0.49148305    0.35164309 
3*0.0    0.23668834   -0.20299033    0.00786434   -0.12876458    0.33277269    0.37620377   -0.29745917 3*0.0   -0.18399147    0.22577452   -0.03949792    0.20967035   -0.29873544   -0.49062878    0.34426875 
3*0.0    0.22447299   -0.18221915    0.02986586   -0.12366584    0.31221661    0.37634657   -0.29130219 3*0.0   -0.18790442    0.20687181   -0.06924761    0.20055849   -0.28628308   -0.48737095    0.33560216 
3*0.0    0.21234882   -0.16353596    0.04913834   -0.11821955    0.29212941    0.37414076   -0.28377399 3*0.0   -0.18964066    0.18906744   -0.09648467    0.19110376   -0.27309226   -0.48184038    0.32578994 
3*0.0    0.20042877   -0.14673029    0.06583774   -0.11254486    0.27265598    0.36983384   -0.27510556 3*0.0   -0.18945373    0.17236962   -0.12104566    0.18142321   -0.25938833   -0.47419423    0.31498535 
3*0.0    0.18879542   -0.13161272    0.08012937   -0.10674104    0.25390006    0.36367188   -0.26551215 3*0.0   -0.18759030    0.15677200   -0.14283079    0.17162336   -0.24537275   -0.46460994    0.30334423 
3*0.0    0.17750791   -0.11801310    0.09218231   -0.10089025    0.23593288    0.35589442   -0.25519154 3*0.0   -0.18428675    0.14225629   -0.16179769    0.16179994   -0.23122336   -0.45327959    0.29102152 
3*0.0    0.16660751   -0.10577876    0.10216631   -0.09505995    0.21880014    0.34673112   -0.24432333 3*0.0   -0.17976664    0.12879465   -0.17795483    0.15203792   -0.21709520   -0.44040475    0.27816835 
3*0.0    0.15612188   -0.09477278    0.11024923   -0.08930511    0.20252765    0.33639948   -0.23306901 3*0.0   -0.17423888    0.11635169   -0.19135490    0.14241165   -0.20312153   -0.42619180    0.26492965 
3*0.0    0.14606831   -0.08487240    0.11659528   -0.08366997    0.18712576    0.32510350   -0.22157240 3*0.0   -0.16789653    0.10488630   -0.20208823    0.13298524   -0.18941523   -0.41084780    0.25144227 
3*0.0    0.13645630   -0.07596748    0.12136378   -0.07818957    0.17259290    0.31303282   -0.20996048 3*0.0   -0.16091617    0.09435315   -0.21027636    0.12381297   -0.17607018   -0.39457694    0.23783356 
3*0.0    0.12728942   -0.06795923    0.12470825   -0.07289120    0.15891833    0.30036246   -0.19834428 3*0.0   -0.15345763    0.08470401   -0.21606587    0.11493988   -0.16316288   -0.37757743    0.22422032 
3*0.0    0.11856674   -0.06075890    0.12677544   -0.06779547    0.14608440    0.28725268   -0.18681995 3*0.0   -0.14566414    0.07588889   -0.21962266    0.10640237   -0.15075400   -0.36003901    0.21070818 
3*0.0    0.11028392   -0.05428674    0.12770503   -0.06291735    0.13406820    0.27384916   -0.17546985 3*0.0   -0.13766268    0.06785692   -0.22112652    0.09822887   -0.13888997   -0.34214085    0.19739121 
3*0.0    0.10243403   -0.04847103    0.12762907   -0.05826703    0.12284292    0.26028330   -0.16436356 3*0.0   -0.12956468    0.06055719   -0.22076634    0.09044051   -0.12760449   -0.32404997    0.18435184 
3*0.0    0.09500814   -0.04324721    0.12667169   -0.05385070    0.11237896    0.24667263   -0.15355902 3*0.0   -0.12146669    0.05393932   -0.21873571    0.08305188   -0.11692007   -0.30592005    0.17166104 
3*0.0    0.08799576   -0.03855711    0.12494894   -0.04967117    0.10264472    0.23312133   -0.14310353 3*0.0   -0.11345136    0.04795404   -0.21522908    0.07607166   -0.10684939   -0.28789069    0.15937859 
3*0.0    0.08138525   -0.03434828    0.12256870   -0.04572843    0.09360731    0.21972082   -0.13303474 3*0.0   -0.10558836    0.04255355   -0.21043846    0.06950338   -0.09739666   -0.27008691    0.14755362 
3*0.0    0.07516407   -0.03057342    0.11963070   -0.04202019    0.08523305    0.20655044   -0.12338164 3*0.0   -0.09793542    0.03769185   -0.20455062    0.06334601   -0.08855884   -0.25261903    0.13622519 
3*0.0    0.06931896   -0.02718981    0.11622668   -0.03854227    0.07748794    0.19367808   -0.11416545 3*0.0   -0.09053937    0.03332499   -0.19774476    0.05759464   -0.08032678   -0.23558281    0.12542298 
3*0.0    0.06383621   -0.02415887    0.11244050   -0.03528899    0.07033799    0.18116098   -0.10540053 3*0.0   -0.08343716    0.02941119   -0.19019069    0.05224106   -0.07268627   -0.21905982    0.11516802 
3*0.0    0.05870170   -0.02144573    0.10834848   -0.03225345    0.06374950    0.16904647   -0.09709514 3*0.0   -0.07665687    0.02591101   -0.18204738    0.04727434   -0.06561898   -0.20311791    0.10547352 
3*0.0    0.05390111   -0.01901889    0.10401966   -0.02942784    0.05768932    0.15737273   -0.08925228 3*0.0   -0.07021873    0.02278737   -0.17346200    0.04268128   -0.05910332   -0.18781198    0.09634565 
3*0.0    0.04941999   -0.01684984    0.09951615   -0.02680369    0.05212501    0.14616957   -0.08187035 3*0.0   -0.06413604    0.02000557   -0.16456920    0.03844693   -0.05311517   -0.17318475    0.08778434 
3*0.0    0.04524387   -0.01491281    0.09489354   -0.02437199    0.04702502    0.13545920   -0.07494387 3*0.0   -0.05841606    0.01753329   -0.15549079    0.03455502   -0.04762861   -0.15926763    0.07978409 
3*0.0    0.04135829   -0.01318451    0.09020124   -0.02212347    0.04235878    0.12525699   -0.06846404 3*0.0   -0.05306085    0.01534055   -0.14633565    0.03098828   -0.04261646   -0.14608173    0.07233475 
3*0.0    0.03774894   -0.01164386    0.08548293   -0.02004864    0.03809684    0.11557220   -0.06241935 3*0.0   -0.04806804    0.01339963   -0.13719985    0.02772883   -0.03805080   -0.13363879    0.06542219 
3*0.0    0.03440170   -0.01027180    0.08077691   -0.01813797    0.03421090    0.10640866   -0.05679605 3*0.0   -0.04343156    0.01168501   -0.12816705    0.02475845   -0.03390344   -0.12194220    0.05902904 
3*0.0    0.03130264   -0.00905110    0.07611652   -0.01638198    0.03067391    0.09776547   -0.05157863 3*0.0   -0.03914228    0.01017325   -0.11930897    0.02205883   -0.03014626   -0.11098797    0.05313533 
3*0.0    0.02843814   -0.00796618    0.07153051   -0.01477130    0.02746006    0.08963760   -0.04675021 3*0.0   -0.03518861    0.00884292   -0.11068601    0.01961178   -0.02675155   -0.10076574    0.04771903 
3*0.0    0.02579489   -0.00700298    0.06704342   -0.01329675    0.02454484    0.08201646   -0.04229293 3*0.0   -0.03155702    0.00767449   -0.10234797    0.01739944   -0.02369224   -0.09125962    0.04275661 
3*0.0    0.02335994   -0.00614879    0.06267591   -0.01194941    0.02190503    0.07489051   -0.03818825 3*0.0   -0.02823252    0.00665017   -0.09433484    0.01540440   -0.02094215   -0.08244915    0.03822352 
3*0.0    0.02112070   -0.00539213    0.05844509   -0.01072063    0.01951869    0.06824569   -0.03441724 3*0.0   -0.02519907    0.00575385   -0.08667760    0.01360983   -0.01847611   -0.07431009    0.03409460 
3*0.0    0.01906501   -0.00472266    0.05436487   -0.00960209    0.01736519    0.06206591   -0.03096080 3*0.0   -0.02243996    0.00497098   -0.07939912    0.01199957   -0.01627010   -0.06681518    0.03034446 
3*0.0    0.01718111   -0.00413104    0.05044623   -0.00858580    0.01542512    0.05633347   -0.02779991 3*0.0   -0.01993810    0.00428843   -0.07251491    0.01055820   -0.01430135   -0.05993487    0.02694778 
3*0.0    0.01545770   -0.00360887    0.04669750   -0.00766413    0.01368033    0.05102942   -0.02491574 3*0.0   -0.01767632    0.00369440   -0.06603404    0.00927112   -0.01254840   -0.05363792    0.02387959 
3*0.0    0.01388391   -0.00314857    0.04312464   -0.00682984    0.01211384    0.04613391   -0.02228986 3*0.0   -0.01563754    0.00317830   -0.05995990    0.00812455   -0.01099111   -0.04789198    0.02111551 
3*0.0    0.01244934   -0.00274335    0.03973148   -0.00607605    0.01070984    0.04162647   -0.01990433 3*0.0   -0.01380505    0.00273068   -0.05429099    0.00710554   -0.00961068   -0.04266411    0.01863191 
3*0.0    0.01114406   -0.00238707    0.03651996   -0.00539625    0.00945364    0.03748630   -0.01774180 3*0.0   -0.01216257    0.00234310   -0.04902162    0.00620202   -0.00838965   -0.03792123    0.01640606 
3*0.0    0.00995860   -0.00207426    0.03349034   -0.00478434    0.00833162    0.03369246   -0.01578559 3*0.0   -0.01069442    0.00200804   -0.04414262    0.00540275   -0.00731190   -0.03363044    0.01441628 
3*0.0    0.00888395   -0.00179997    0.03064139   -0.00423456    0.00733115    0.03022413   -0.01401971 3*0.0   -0.00938561    0.00171885   -0.03964194    0.00469731   -0.00636254   -0.02975942    0.01264195 
3*0.0    0.00791159   -0.00155981    0.02797063   -0.00374153    0.00644062    0.02706070   -0.01242898 3*0.0   -0.00822190    0.00146962   -0.03550527    0.00407612   -0.00552794   -0.02627664    0.01106365 
3*0.0    0.00703343   -0.00134982    0.02547446   -0.00330023    0.00564930    0.02418201   -0.01099900 3*0.0   -0.00718985    0.00125515   -0.03171649    0.00353034   -0.00479565   -0.02315161    0.00966313 
3*0.0    0.00624188   -0.00116646    0.02314836   -0.00290598    0.00494736    0.02156838   -0.00971615 3*0.0   -0.00627685    0.00107085   -0.02825819    0.00305190   -0.00415431   -0.02035507    0.00842333 
3*0.0    0.00552974   -0.00100660    0.02098701   -0.00255443    0.00432577    0.01920079   -0.00856766 3*0.0   -0.00547115    0.00091267   -0.02511206    0.00263342   -0.00359364   -0.01785908    0.00732841 
3*0.0    0.00489030   -0.00086743    0.01898447   -0.00224155    0.00377628    0.01706090   -0.00754155 3*0.0   -0.00476182    0.00077710   -0.02225925    0.00226821   -0.00310434   -0.01563713    0.00636369 
3*0.0    0.00431724   -0.00074644    0.01713426   -0.00196363    0.00329137    0.01513114   -0.00662663 3*0.0   -0.00413876    0.00066102   -0.01968066    0.00195018   -0.00267802   -0.01366425    0.00551567 
3*0.0    0.00380469   -0.00064141    0.01542955   -0.00171723    0.00286419    0.01339477   -0.00581251 3*0.0   -0.00359271    0.00056175   -0.01735727    0.00167385   -0.00230717   -0.01191699    0.00477192 
3*0.0    0.00334715   -0.00055038    0.01386320   -0.00149919    0.00248849    0.01183587   -0.00508953 3*0.0   -0.00311516    0.00047693   -0.01527030    0.00143426   -0.00198503   -0.01037344    0.00412109 
3*0.0    0.00293953   -0.00047159    0.01242789   -0.00130664    0.00215865    0.01043940   -0.00444878 3*0.0   -0.00269838    0.00040451   -0.01340140    0.00122699   -0.00170560   -0.00901328    0.00355284 
3*0.0    0.00257709   -0.00040350    0.01111622   -0.00113692    0.00186956    0.00919121   -0.00388204 3*0.0   -0.00233534    0.00034274   -0.01173284    0.00104805   -0.00146354   -0.00781766    0.00305779 
3*0.0    0.00225547   -0.00034475    0.00992074   -0.00098761    0.00161660    0.00807799   -0.00338175 3*0.0   -0.00201967    0.00029008   -0.01024759    0.00089390   -0.00125409   -0.00676924    0.00262743 
3*0.0    0.00197063   -0.00029412    0.00883408   -0.00085652    0.00139565    0.00708733   -0.00294101 3*0.0   -0.00174567    0.00024520   -0.00892943    0.00076138   -0.00107307   -0.00585212    0.00225411 
3*0.0    0.00171887   -0.00025056    0.00784897   -0.00074164    0.00120296    0.00620765   -0.00255348 3*0.0   -0.00150818    0.00020697   -0.00776300    0.00064769   -0.00091676   -0.00505174    0.00193096 
3*0.0    0.00149679   -0.00021313    0.00695828   -0.00064118    0.00103520    0.00542822   -0.00221342 3*0.0   -0.00130261    0.00017442   -0.00673384    0.00055034   -0.00078191   -0.00435486    0.00165179 
3*0.0    0.00130127   -0.00018103    0.00615511   -0.00055348    0.00088938    0.00473909   -0.00191558 3*0.0   -0.00112489    0.00014670   -0.00582844    0.00046715   -0.00066567   -0.00374947    0.00141111 
3*0.0    0.00112947   -0.00015352    0.00543278   -0.00047709    0.00076284    0.00413110   -0.00165522 3*0.0   -0.00097137    0.00012310   -0.00503420    0.00039619   -0.00056554   -0.00322471    0.00120403 
3*0.0    0.00097881   -0.00012999    0.00478487   -0.00041066    0.00065320    0.00359583   -0.00142807 3*0.0   -0.00083885    0.00010300   -0.00433948    0.00033577   -0.00047933   -0.00277080    0.00102618 
3*0.0    0.00084694   -0.00010989    0.00420526   -0.00035301    0.00055835    0.00312556   -0.00123026 3*0.0   -0.00072450    0.00008589   -0.00373354    0.00028441   -0.00040515   -0.00237897    0.00087371 
3*0.0    0.00073173   -0.00009274    0.00368814   -0.00030307    0.00047643    0.00271323   -0.00105832 3*0.0   -0.00062585    0.00007132   -0.00320653    0.00024083   -0.00034135   -0.00204139    0.00074325 
3*0.0    0.00063126   -0.00007813    0.00322799   -0.00025989    0.00040577    0.00235243   -0.00090914 3*0.0   -0.00054071    0.00005891   -0.00274945    0.00020389   -0.00028650   -0.00175105    0.00063179 
3*0.0    0.00054381   -0.00006570    0.00281964   -0.00022262    0.00034493    0.00203734   -0.00077993 3*0.0   -0.00046720    0.00004834   -0.00235412    0.00017263   -0.00023937   -0.00150175    0.00053671 
3*0.0    0.00046782   -0.00005514    0.00245822   -0.00019051    0.00029261    0.00176267   -0.00066821 3*0.0   -0.00040366    0.00003933   -0.00201313    0.00014621   -0.00019888   -0.00128799    0.00045573 
3*0.0    0.00040190   -0.00004617    0.00213920   -0.00016289    0.00024768    0.00152366   -0.00057178 3*0.0   -0.00034869    0.00003167   -0.00171981    0.00012388   -0.00016412   -0.00110494    0.00038685 
3*0.0    0.00034481   -0.00003857    0.00185837   -0.00013917    0.00020916    0.00131605   -0.00048868 3*0.0   -0.00030105    0.00002515   -0.00146816    0.00010504   -0.00013430   -0.00094832    0.00032832 
3*0.0    0.00029545   -0.00003213    0.00161181   -0.00011883    0.00017617    0.00113598   -0.00041717 3*0.0   -0.00025968    0.00001961   -0.00125279    0.00008914   -0.00010874   -0.00081441    0.00027864 
3*0.0    0.00025282   -0.00002669    0.00139593   -0.00010140    0.00014797    0.00098002   -0.00035572 3*0.0   -0.00022367    0.00001490   -0.00106894    0.00007573   -0.00008685   -0.00069995    0.00023651 
3*0.0    0.00021607   -0.00002210    0.00120741   -0.00008650    0.00012389    0.00084512   -0.00030299 3*0.0   -0.00019227    0.00001092   -0.00091234    0.00006441   -0.00006813   -0.00060211    0.00020079 
3*0.0    0.00018441   -0.00001822    0.00104322   -0.00007376    0.00010336    0.00072855   -0.00025779 3*0.0   -0.00016480    0.00000755   -0.00077925    0.00005484   -0.00005216   -0.00051843    0.00017052 
3*0.0    0.00015718   -0.00001496    0.00090060   -0.00006289    0.00008588    0.00062791   -0.00021909 3*0.0   -0.00014071    0.00000472   -0.00066635    0.00004676   -0.00003857   -0.00044679    0.00014487 
3*0.0    0.00013378   -0.00001221    0.00077704   -0.00005361    0.00007102    0.00054107   -0.00018598 3*0.0   -0.00011953    0.00000236   -0.00057075    0.00003992   -0.00002704   -0.00038536    0.00012313 
3*0.0    0.00011368   -0.00000990    0.00067025   -0.00004569    0.00005841    0.00046616   -0.00015767 3*0.0   -0.00010085    0.00000039   -0.00048990    0.00003411   -0.00001730   -0.00033258    0.00010469 
3*0.0    0.00009642   -0.00000797    0.00057819   -0.00003894    0.00004772    0.00040153   -0.00013348 3*0.0   -0.00008434   -0.00000123   -0.00042160    0.00002917   -0.00000912   -0.00028711    0.00008903 
3*0.0    0.00008162   -0.00000635    0.00049901   -0.00003317    0.00003869    0.00034575   -0.00011282 3*0.0   -0.00006972   -0.00000255   -0.00036393    0.00002496   -0.00000230   -0.00024781    0.00007572 
3*0.0    0.00006893   -0.00000500    0.00043106   -0.00002825    0.00003108    0.00029756   -0.00009517 3*0.0   -0.00005675   -0.00000361   -0.00031525    0.00002136    0.00000334   -0.00021372    0.00006438 
3*0.0    0.00005804   -0.00000387    0.00037285   -0.00002404    0.00002467    0.00025589   -0.00008009 3*0.0   -0.00004523   -0.00000444   -0.00027413    0.00001826    0.00000794   -0.00018401    0.00005470 
3*0.0    0.00004870   -0.00000294    0.00032309   -0.00002043    0.00001929    0.00021977   -0.00006720 3*0.0   -0.00003498   -0.00000507   -0.00023936    0.00001560    0.00001163   -0.00015801    0.00004642 
3*0.0    0.00004069   -0.00000217    0.00028060   -0.00001734    0.00001480    0.00018841   -0.00005618 3*0.0   -0.00002588   -0.00000552   -0.00020990    0.00001329    0.00001454   -0.00013513    0.00003932 
3*0.0    0.00003381   -0.00000154    0.00024437   -0.00001468    0.00001107    0.00016111   -0.00004674 3*0.0   -0.00001779   -0.00000583   -0.00018488    0.00001129    0.00001675   -0.00011490    0.00003319 
3*0.0    0.00002791   -0.00000102    0.00021348   -0.00001238    0.00000798    0.00013726   -0.00003864 3*0.0   -0.00001063   -0.00000601   -0.00016356    0.00000954    0.00001835   -0.00009692    0.00002790 
3*0.0    0.00002283   -0.00000060    0.00018716   -0.00001040    0.00000545    0.00011636   -0.00003170 3*0.0   -0.00000429   -0.00000607   -0.00014531    0.00000801    0.00001943   -0.00008085    0.00002330 
3*0.0    0.00001847   -0.00000026    0.00016472   -0.00000868    0.00000338    0.00009797   -0.00002572 3*0.0    0.00000129   -0.00000604   -0.00012961    0.00000667    0.00002005   -0.00006642    0.00001929 
3*0.0    0.00001472 0.0    0.00014555   -0.00000718    0.00000172    0.00008172   -0.00002057 3*0.0    0.00000617   -0.00000592   -0.00011603    0.00000548    0.00002027   -0.00005340    0.00001578 
3*0.0    0.00001149    0.00000021    0.00012915   -0.00000586    0.00000040    0.00006731   -0.00001613 3*0.0    0.00001043   -0.00000574   -0.00010421    0.00000443    0.00002015   -0.00004161    0.00001269 
3*0.0    0.00000871    0.00000036    0.00011507   -0.00000471   -0.00000062    0.00005446   -0.00001229 3*0.0    0.00001410   -0.00000549   -0.00009386    0.00000350    0.00001973   -0.00003089    0.00000995 
3*0.0    0.00000632    0.00000047    0.00010293   -0.00000370   -0.00000139    0.00004298   -0.00000896 3*0.0    0.00001723   -0.00000520   -0.00008473    0.00000267    0.00001906   -0.00002113    0.00000752 
3*0.0    0.00000426    0.00000055    0.00009242   -0.00000280   -0.00000195    0.00003266   -0.00000607 3*0.0    0.00001986   -0.00000487   -0.00007664    0.00000193    0.00001818   -0.00001221    0.00000535 
3*0.0    0.00000249    0.00000060    0.00008325   -0.00000201   -0.00000233    0.00002336   -0.00000355 3*0.0    0.00002203   -0.00000451   -0.00006941    0.00000128    0.00001712   -0.00000405    0.00000340 
3*0.0    0.00000098    0.00000062    0.00007520   -0.00000130   -0.00000255    0.00001495   -0.00000137 3*0.0    0.00002378   -0.00000412   -0.00006293    0.00000069    0.00001592    0.00000342    0.00000164 
3*0.0   -0.00000031    0.00000062    0.00006807   -0.00000067   -0.00000264    0.00000732    0.00000054 3*0.0    0.00002515   -0.00000372   -0.00005708    0.00000017    0.00001460    0.00001026    0.00000005 
3*0.0   -0.00000140    0.00000060    0.00006171   -0.00000011   -0.00000263    0.00000040    0.00000219 3*0.0    0.00002615   -0.00000331   -0.00005179   -0.00000030    0.00001320    0.00001651   -0.00000139 
3*0.0   -0.00000233    0.00000057    0.00005599    0.00000039   -0.00000252   -0.00000589    0.00000364 3*0.0    0.00002682   -0.00000289   -0.00004698   -0.00000071    0.00001173    0.00002222   -0.00000271 
3*0.0   -0.00000310    0.00000052    0.00005079    0.00000083   -0.00000233   -0.00001162    0.00000489 3*0.0    0.00002720   -0.00000247   -0.00004261   -0.00000108    0.00001021    0.00002743   -0.00000392 
3*0.0   -0.00000374    0.00000047    0.00004604    0.00000123   -0.00000208   -0.00001683    0.00000598 3*0.0    0.00002730   -0.00000206   -0.00003863   -0.00000141    0.00000868    0.00003216   -0.00000503 
3*0.0   -0.00000426    0.00000041    0.00004165    0.00000158   -0.00000178   -0.00002156    0.00000692 3*0.0    0.00002716   -0.00000165   -0.00003500   -0.00000171    0.00000714    0.00003644   -0.00000605 
3*0.0   -0.00000467    0.00000034    0.00003757    0.00000189   -0.00000144   -0.00002584    0.00000772 3*0.0    0.00002679   -0.00000126   -0.00003170   -0.00000196    0.00000560    0.00004031   -0.00000700 
3*0.0   -0.00000498    0.00000027    0.00003377    0.00000216   -0.00000107   -0.00002972    0.00000841 3*0.0    0.00002623   -0.00000087   -0.00002870   -0.00000219    0.00000409    0.00004379   -0.00000787 
3*0.0   -0.00000521    0.00000020    0.00003020    0.00000240   -0.00000068   -0.00003321    0.00000900 3*0.0    0.00002550   -0.00000050   -0.00002598   -0.00000240    0.00000261    0.00004689   -0.00000868 
3*0.0   -0.00000536    0.00000012    0.00002684    0.00000261   -0.00000027   -0.00003633    0.00000948 3*0.0    0.00002462   -0.00000015   -0.00002352   -0.00000258    0.00000117    0.00004964   -0.00000943 
3*0.0   -0.00000544    0.00000005    0.00002367    0.00000279    0.00000015   -0.00003911    0.00000989 3*0.0    0.00002360    0.00000018   -0.00002130   -0.00000273   -0.00000021    0.00005205   -0.00001013 
3*0.0   -0.00000547   -0.00000003    0.00002067    0.00000295    0.00000057   -0.00004157    0.00001021 3*0.0    0.00002248    0.00000049   -0.00001931   -0.00000287   -0.00000153    0.00005416   -0.00001078 
3*0.0   -0.00000543   -0.00000010    0.00001784    0.00000307    0.00000099   -0.00004372    0.00001046 3*0.0    0.00002126    0.00000079   -0.00001752   -0.00000299   -0.00000279    0.00005598   -0.00001138 
3*0.0   -0.00000535   -0.00000017    0.00001517    0.00000318    0.00000140   -0.00004558    0.00001065 3*0.0    0.00001997    0.00000106   -0.00001594   -0.00000310   -0.00000398    0.00005752   -0.00001194 
3*0.0   -0.00000522   -0.00000024    0.00001265    0.00000326    0.00000181   -0.00004716    0.00001078 3*0.0    0.00001863    0.00000130   -0.00001453   -0.00000319   -0.00000509    0.00005881   -0.00001246 
3*0.0   -0.00000506   -0.00000031    0.00001027    0.00000332    0.00000221   -0.00004848    0.00001086 3*0.0    0.00001724    0.00000153   -0.00001330   -0.00000327   -0.00000613    0.00005986   -0.00001295 
3*0.0   -0.00000486   -0.00000037    0.00000804    0.00000337    0.00000258   -0.00004955    0.00001089 3*0.0    0.00001582    0.00000174   -0.00001221   -0.00000335   -0.00000708    0.00006069   -0.00001340 
3*0.0   -0.00000463   -0.00000043    0.00000595    0.00000339    0.00000295   -0.00005039    0.00001088 3*0.0    0.00001439    0.00000192   -0.00001127   -0.00000341   -0.00000796    0.00006132   -0.00001381 
3*0.0   -0.00000438   -0.00000049    0.00000400    0.00000341    0.00000329   -0.00005102    0.00001084 3*0.0    0.00001296    0.00000208   -0.00001045   -0.00000346   -0.00000876    0.00006176   -0.00001419 
3*0.0   -0.00000411   -0.00000054    0.00000218    0.00000340    0.00000361   -0.00005144    0.00001075 3*0.0    0.00001153    0.00000222   -0.00000974   -0.00000351   -0.00000947    0.00006203   -0.00001454 
3*0.0   -0.00000383   -0.00000058    0.00000051    0.00000339    0.00000391   -0.00005167    0.00001064 3*0.0    0.00001012    0.00000235   -0.00000913   -0.00000356   -0.00001011    0.00006214   -0.00001486 
3*0.0   -0.00000353   -0.00000063   -0.00000104    0.00000336    0.00000419   -0.00005172    0.00001050 3*0.0    0.00000874    0.00000245   -0.00000861   -0.00000360   -0.00001067    0.00006211   -0.00001515 
3*0.0   -0.00000322   -0.00000066   -0.00000245    0.00000332    0.00000445   -0.00005161    0.00001034 3*0.0    0.00000739    0.00000253   -0.00000815   -0.00000363   -0.00001116    0.00006195   -0.00001541 
3*0.0   -0.00000290   -0.00000070   -0.00000374    0.00000328    0.00000468   -0.00005135    0.00001016 3*0.0    0.00000608    0.00000260   -0.00000776   -0.00000366   -0.00001157    0.00006167   -0.00001565 
