0.02, 500
 0.0    -0.33800   -0.86997  0.0 3*0.0 0.0 4.0 2.0 T F
16.00 -0.001055  0.307100 -0.707920  0.808848 -0.462370 0.135031 -0.015243 0.0, 3.610000, 3.61, 9*0.0,
20*0.0,
20*0.0,
20*0.0,
20*0.0,
20*0.0,
20*0.0,
20*0.0,
20*0.0,
20*0.0,
20*0.0,
20*0.0,
20*0.0,
20*0.0,
20*0.0,
20*0.0,
20*0.0,
20*0.0,
20*0.0,
20*0.0,
5*0.0  -1.448629516570e+00  -2.465664085950e+00 0.0   2.806543219370e-01  -1.885827531610e+00 5*0.0   7.520754800080e-01   9.122638439430e-01 0.0   1.768292957970e-01   8.953538551180e-01 
5*0.0  -1.340893130740e+00  -2.414660475090e+00 0.0   2.243552987720e-01  -1.824847000650e+00 5*0.0   7.304645921450e-01   9.041231456920e-01 0.0   1.878885939090e-01   8.886807680640e-01 
5*0.0  -1.235385482190e+00  -2.363445974120e+00 0.0   1.667513688100e-01  -1.771413263960e+00 5*0.0   7.084129232290e-01   8.957299615220e-01 0.0   1.990229196230e-01   8.820769697560e-01 
5*0.0  -1.132380541330e+00  -2.312151116050e+00 0.0   1.083717553170e-01  -1.724789182680e+00 5*0.0   6.859773656910e-01   8.870993027000e-01 0.0   2.102042515770e-01   8.755451052800e-01 
5*0.0  -1.032107821640e+00  -2.260895154240e+00 0.0   4.969035352940e-02  -1.684267375970e+00 5*0.0   6.632131078410e-01   8.782460141000e-01 0.0   2.214047005260e-01   8.690853394240e-01 
5*0.0  -9.347562057570e-01  -2.209786617010e+00 0.0  -8.871681989890e-03  -1.649176464350e+00 5*0.0   6.401735127170e-01   8.691847368030e-01 0.0   2.325967399040e-01   8.626957447890e-01 
5*0.0  -8.404776438920e-01  -2.158923878350e+00 0.0  -6.694300601930e-02  -1.618885153510e+00 5*0.0   6.169100211490e-01   8.599298751500e-01 0.0   2.437534053090e-01   8.563726580050e-01 
5*0.0  -7.493906828230e-01  -2.108395737560e+00 0.0  -1.241989467860e-01  -1.592804622120e+00 5*0.0   5.934720766470e-01   8.504955679340e-01 0.0   2.548484649660e-01   8.501110040730e-01 
5*0.0  -6.615838198500e-01  -2.058281995240e+00 0.0  -1.803582502710e-01  -1.570389623260e+00 5*0.0   5.699070699230e-01   8.408956634420e-01 0.0   2.658565634730e-01   8.439045892630e-01 
5*0.0  -5.771186520440e-01  -2.008654024640e+00 0.0  -2.351798024160e-01  -1.551138508910e+00 5*0.0   5.462603009280e-01   8.311436980510e-01 0.0   2.767533410430e-01   8.377463636090e-01 
5*0.0  -4.960328251000e-01  -1.959575328480e+00 0.0  -2.884593575670e-01  -1.534592488110e+00 5*0.0   5.225749564970e-01   8.212528781110e-01 0.0   2.875155304630e-01   8.316286543390e-01 
5*0.0  -4.183427711730e-01  -1.911102080570e+00 0.0  -3.400263742920e-01  -1.520334355260e+00 5*0.0   4.988921017490e-01   8.112360648360e-01 0.0   2.981210338510e-01   8.255433718550e-01 
5*0.0  -3.440462388630e-01  -1.863283648490e+00 0.0  -3.897409510030e-01  -1.507986766450e+00 5*0.0   4.752506836170e-01   8.011057619510e-01 0.0   3.085489813000e-01   8.194821900410e-01 
5*0.0  -2.731246224480e-01  -1.816163094170e+00 0.0  -4.374908863040e-01  -1.497210223210e+00 5*0.0   4.516875449330e-01   7.908741058620e-01 0.0   3.187797732940e-01   8.134367027150e-01 
5*0.0  -2.055450915240e-01  -1.769777651920e+00 0.0  -4.831889204560e-01  -1.487700813980e+00 5*0.0   4.282374476990e-01   7.805528581050e-01 0.0   3.287951087190e-01   8.073985581300e-01 
5*0.0  -1.412625388060e-01  -1.724159182920e+00 0.0  -5.267701279490e-01  -1.479188029370e+00 5*0.0   4.049331042400e-01   7.701533998790e-01 0.0   3.385780001570e-01   8.013595733270e-01 
5*0.0  -8.022134395550e-02  -1.679334605390e+00 0.0  -5.681894892780e-01  -1.471432341030e+00 5*0.0   3.818052150900e-01   7.596867284450e-01 0.0   3.481127780100e-01   7.953118302070e-01 
5*0.0  -2.235697379940e-02  -1.635326300320e+00 0.0  -6.074196367020e-01  -1.464222890750e+00 5*0.0   3.588825125840e-01   7.491634552120e-01 0.0   3.573850849200e-01   7.892477550020e-01 
5*0.0   3.240257526270e-02  -1.592152493400e+00 0.0  -6.444487681700e-01  -1.457375193230e+00 5*0.0   3.361918091670e-01   7.385938053410e-01 0.0   3.663818617690e-01   7.831601828480e-01 
5*0.0   8.413547904050e-02  -1.549827612800e+00 0.0  -6.792787379140e-01  -1.450728931620e+00 5*0.0   3.137580496200e-01   7.279876187000e-01 0.0   3.750913264960e-01   7.770424089900e-01 
5*0.0   1.329249230940e-01  -1.508362624720e+00 0.0  -7.119233020990e-01  -1.444145830800e+00 5*0.0   2.916043664120e-01   7.173543520130e-01 0.0   3.835029467910e-01   7.708882281110e-01 
5*0.0   1.788580627700e-01  -1.467765346070e+00 0.0  -7.424065232700e-01  -1.437507642890e+00 5*0.0   2.697521375260e-01   7.067030820910e-01 0.0   3.916074076740e-01   7.646919631180e-01 
5*0.0   2.220250980270e-01  -1.428040736260e+00 0.0  -7.707613183130e-01  -1.430714243990e+00 5*0.0   2.482210461380e-01   6.960425099890e-01 0.0   3.993965748410e-01   7.584484846780e-01 
5*0.0   2.625184507270e-01  -1.389191168160e+00 0.0  -7.970281464600e-01  -1.423681864420e+00 5*0.0   2.270291416320e-01   6.853809659940e-01 0.0   4.068634545640e-01   7.521532226350e-01 
5*0.0   3.004320385350e-01  -1.351216680560e+00 0.0  -8.212538193730e-01  -1.416341382730e+00 5*0.0   2.061929014790e-01   6.747264153260e-01 0.0   4.140021508690e-01   7.458021703980e-01 
5*0.0   3.358606316200e-01  -1.314115210780e+00 0.0  -8.434904417780e-01  -1.408636842850e+00 5*0.0   1.857272935580e-01   6.640864644640e-01 0.0   4.208078206120e-01   7.393918832480e-01 
5*0.0   3.688992926040e-01  -1.277882811440e+00 0.0  -8.637944533690e-01  -1.400524003000e+00 5*0.0   1.656458385600e-01   6.534683679960e-01 0.0   4.272766270240e-01   7.329194714620e-01 
5*0.0   3.996428799690e-01  -1.242513849440e+00 0.0  -8.822257740710e-01  -1.391969010140e+00 5*0.0   1.459606722080e-01   6.428790359340e-01 0.0   4.334056921940e-01   7.263825890390e-01 
5*0.0   4.281856227850e-01  -1.208001191040e+00 0.0  -8.988470416990e-01  -1.382947218010e+00 5*0.0   1.266826068960e-01   6.323250413870e-01 0.0   4.391930489590e-01   7.197794187520e-01 
5*0.0   4.546207497800e-01  -1.174336371390e+00 0.0  -9.137229352310e-01  -1.373442074140e+00 5*0.0   1.078211926590e-01   6.218126285650e-01 0.0   4.446375925420e-01   7.131086541650e-01 
5*0.0   4.790401692110e-01  -1.141509751120e+00 0.0  -9.269195812500e-01  -1.363444111300e+00 5*0.0   8.938477718670e-02   6.113477210180e-01 0.0   4.497390322860e-01   7.063694792020e-01 
5*0.0   5.015341969720e-01  -1.109510659650e+00 0.0  -9.385040209380e-01  -1.352950049660e+00 5*0.0   7.138056472280e-02   6.009359300750e-01 0.0   4.544978437590e-01   6.995615457630e-01 
5*0.0   5.221913268500e-01  -1.078327527650e+00 0.0  -9.485437492180e-01  -1.341961950700e+00 5*0.0   5.381467371250e-02   5.905825634410e-01 0.0   4.589152214740e-01   6.926849498550e-01 
5*0.0   5.410980392620e-01  -1.047948008270e+00 0.0  -9.571063103760e-01  -1.330486480060e+00 5*0.0   3.669219308420e-02   5.802926338780e-01 0.0   4.629930324230e-01   6.857402066330e-01 
5*0.0   5.583386396000e-01  -1.018359087170e+00 0.0  -9.642589439150e-01  -1.318534221520e+00 5*0.0   2.001723705510e-02   5.700708679660e-01 0.0   4.667337706130e-01   6.787282246970e-01 
5*0.0   5.739951338580e-01  -9.895471848130e-01 0.0  -9.700682783020e-01  -1.306119077370e+00 5*0.0   3.792998394000e-03   5.599217148810e-01 0.0   4.701405127250e-01   6.716502799690e-01 
5*0.0   5.881471241870e-01  -9.614982484580e-01 0.0  -9.746000743160e-01  -1.293257715900e+00 5*0.0  -1.197819992790e-02   5.498493551700e-01 0.0   4.732168750320e-01   6.645079893860e-01 
5*0.0   6.008717321050e-01  -9.341978364990e-01 0.0  -9.779189949500e-01  -1.279969085460e+00 5*0.0  -2.729485474330e-02   5.398577095020e-01 0.0   4.759669716630e-01   6.573032846780e-01 
5*0.0   6.122435436180e-01  -9.076311957140e-01 0.0  -9.800884200180e-01  -1.266273971510e+00 5*0.0  -4.215623437770e-02   5.299504473530e-01 0.0   4.783953742870e-01   6.500383863890e-01 
5*0.0   6.223345702200e-01  -8.817833304160e-01 0.0  -9.811702884560e-01  -1.252194617650e+00 5*0.0  -5.656233204460e-02   5.201309956120e-01 0.0   4.805070732720e-01   6.427157783340e-01 
5*0.0   6.312142300630e-01  -8.566390661600e-01 0.0  -9.812249667730e-01  -1.237754374390e+00 5*0.0  -7.051382096290e-02   5.104025470950e-01 0.0   4.823074403590e-01   6.353381826170e-01 
5*0.0   6.389493418960e-01  -8.321831069090e-01 0.0  -9.803111434410e-01  -1.222977396090e+00 5*0.0  -8.401201118690e-02   5.007680689400e-01 0.0   4.838021928880e-01   6.279085353390e-01 
5*0.0   6.456041318360e-01  -8.084000865170e-01 0.0  -9.784857468670e-01  -1.207888372920e+00 5*0.0  -9.705880814130e-02   4.912303108700e-01 0.0   4.849973595650e-01   6.204299630750e-01 
5*0.0   6.512402533040e-01  -7.852746156310e-01 0.0  -9.758038799930e-01  -1.192512298310e+00 5*0.0  -1.096566728570e-01   4.817918133160e-01 0.0   4.858992478020e-01   6.129057602040e-01 
5*0.0   6.559168142730e-01  -7.627913231930e-01 0.0  -9.723187745980e-01  -1.176874256570e+00 5*0.0  -1.218085838730e-01   4.724549153870e-01 0.0   4.865144126050e-01   6.053393671610e-01 
5*0.0   6.596904155160e-01  -7.409348940880e-01 0.0  -9.680817628720e-01  -1.160999256500e+00 5*0.0  -1.335180007800e-01   4.632217626790e-01 0.0   4.868496269990e-01   5.977343496290e-01 
5*0.0   6.626151942850e-01  -7.196901025400e-01 0.0  -9.631422537320e-01  -1.144912068010e+00 5*0.0  -1.447888293870e-01   4.540943149080e-01 0.0   4.869118539780e-01   5.900943787300e-01 
5*0.0   6.647428758490e-01  -6.990418419050e-01 0.0  -9.575477330390e-01  -1.128637091960e+00 5*0.0  -1.556253884620e-01   4.450743533750e-01 0.0   4.867082199470e-01   5.824232122150e-01 
5*0.0   6.661228261120e-01  -6.789751504660e-01 0.0  -9.513437663490e-01  -1.112198257720e+00 5*0.0  -1.660323780050e-01   4.361634882460e-01 0.0   4.862459896210e-01   5.747246766770e-01 
5*0.0   6.668021196330e-01  -6.594752358330e-01 0.0  -9.445740111190e-01  -1.095618915690e+00 5*0.0  -1.760148490330e-01   4.273631656500e-01 0.0   4.855325423580e-01   5.670026507750e-01 
5*0.0   6.668255932430e-01  -6.405274939300e-01 0.0  -9.372802405360e-01  -1.078921773530e+00 5*0.0  -1.855781748140e-01   4.186746745860e-01 0.0   4.845753498740e-01   5.592610494760e-01 
5*0.0   6.662359208810e-01  -6.221175274710e-01 0.0  -9.295023703590e-01  -1.062128822580e+00 5*0.0  -1.947280235120e-01   4.100991536470e-01 0.0   4.833819553080e-01   5.515038092900e-01 
5*0.0   6.650736752850e-01  -6.042311609310e-01 0.0  -9.212784886090e-01  -1.045261288140e+00 5*0.0  -2.034703322050e-01   4.016375975470e-01 0.0   4.819599535940e-01   5.437348744960e-01 
5*0.0   6.633774040400e-01  -5.868544532640e-01 0.0  -9.126449070140e-01  -1.028339603220e+00 5*0.0  -2.118112822100e-01   3.932908634680e-01 0.0   4.803169730870e-01   5.359581843250e-01 
5*0.0   6.611836989190e-01  -5.699737101410e-01 0.0  -9.036361848700e-01  -1.011383356790e+00 5*0.0  -2.197572756890e-01   3.850596772070e-01 0.0   4.784606584050e-01   5.281776610750e-01 
5*0.0   6.585272663660e-01  -5.535754920540e-01 0.0  -8.942851943460e-01  -9.944112937630e-01 5*0.0  -2.273149134800e-01   3.769446391420e-01 0.0   4.763986544430e-01   5.203971991370e-01 
5*0.0   6.554410004860e-01  -5.376466219980e-01 0.0  -8.846231524720e-01  -9.774412904710e-01 5*0.0  -2.344909740990e-01   3.689462300070e-01 0.0   4.741385914970e-01   5.126206549000e-01 
5*0.0   6.519560548070e-01  -5.221741919010e-01 0.0  -8.746796830220e-01  -9.604903541360e-01 5*0.0  -2.412923938750e-01   3.610648164840e-01 0.0   4.716880714730e-01   5.048518374940e-01 
5*0.0   6.481019113350e-01  -5.071455667970e-01 0.0  -8.644828581310e-01  -9.435746192550e-01 5*0.0  -2.477262481720e-01   3.533006566150e-01 0.0   4.690546551140e-01   4.970945003490e-01 
5*0.0   6.439064561410e-01  -4.925483888090e-01 0.0  -8.540592616330e-01  -9.267093536660e-01 5*0.0  -2.537997336390e-01   3.456539050260e-01 0.0   4.662458502100e-01   4.893523335250e-01 
5*0.0   6.393960410390e-01  -4.783705784640e-01 0.0  -8.434340378540e-01  -9.099089714620e-01 5*0.0  -2.595201514660e-01   3.381246179860e-01 0.0   4.632691007450e-01   4.816289567870e-01 
5*0.0   6.345955587390e-01  -4.646003371040e-01 0.0  -8.326309426550e-01  -8.931870394950e-01 5*0.0  -2.648948915800e-01   3.307127582820e-01 0.0   4.601317769290e-01   4.739279133840e-01 
5*0.0   6.295285047180e-01  -4.512261463470e-01 0.0  -8.216724014920e-01  -8.765562992790e-01 5*0.0  -2.699314177470e-01   3.234181999310e-01 0.0   4.568411660780e-01   4.662526644940e-01 
5*0.0   6.242170449770e-01  -4.382367680390e-01 0.0  -8.105795633810e-01  -8.600286857120e-01 5*0.0  -2.746372535360e-01   3.162407327230e-01 0.0   4.534044642960e-01   4.586065843100e-01 
5*0.0   6.186820769640e-01  -4.256212428500e-01 0.0  -7.993723486370e-01  -8.436153420520e-01 5*0.0  -2.790199691190e-01   3.091800666000e-01 0.0   4.498287689160e-01   4.509929557200e-01 
5*0.0   6.129432916720e-01  -4.133688884880e-01 0.0  -7.880695083700e-01  -8.273266513270e-01 5*0.0  -2.830871688350e-01   3.022358358820e-01 0.0   4.461210716660e-01   4.434149665560e-01 
5*0.0   6.070192334600e-01  -4.014692972510e-01 0.0  -7.766886700670e-01  -8.111722541480e-01 5*0.0  -2.868464795200e-01   2.954076033320e-01 0.0   4.422882525060e-01   4.358757063740e-01 
5*0.0   6.009273579150e-01  -3.899123332080e-01 0.0  -7.652463911090e-01  -7.951610776490e-01 5*0.0  -2.903055395300e-01   2.886948640750e-01 0.0   4.383370741120e-01   4.283781637370e-01 
5*0.0   5.946840843180e-01  -3.786881284340e-01 0.0  -7.537582060630e-01  -7.793013584920e-01 5*0.0  -2.934719884500e-01   2.820970493680e-01 0.0   4.342741769720e-01   4.209252239600e-01 
5*0.0   5.883048543110e-01  -3.677870800500e-01 0.0  -7.422386760430e-01  -7.636006727390e-01 5*0.0  -2.963534574390e-01   2.756135302330e-01 0.0   4.301060750380e-01   4.135196672980e-01 
5*0.0   5.818041776880e-01  -3.571998451850e-01 0.0  -7.307014353140e-01  -7.480659613900e-01 5*0.0  -2.989575601810e-01   2.692436209410e-01 0.0   4.258391519230e-01   4.061641675400e-01 
5*0.0   5.751956850890e-01  -3.469173373510e-01 0.0  -7.191592343840e-01  -7.327035565020e-01 5*0.0  -3.012918844230e-01   2.629865823750e-01 0.0   4.214796576030e-01   3.988612909870e-01 
5*0.0   5.684921738700e-01  -3.369307213480e-01 0.0  -7.076239866180e-01  -7.175192083620e-01 5*0.0  -3.033639840480e-01   2.568416252560e-01 0.0   4.170337055800e-01   3.916134957750e-01 
5*0.0   5.617056531370e-01  -3.272314087470e-01 0.0  -6.961068075070e-01  -7.025181135410e-01 5*0.0  -3.051813716790e-01   2.508079132420e-01 0.0   4.125072705030e-01   3.844231315320e-01 
5*0.0   5.548473873000e-01  -3.178110527780e-01 0.0  -6.846180575010e-01  -6.877049402110e-01 5*0.0  -3.067515117690e-01   2.448845659090e-01 0.0   4.079061861850e-01   3.772924393340e-01 
5*0.0   5.479279379100e-01  -3.086615434070e-01 0.0  -6.731673797570e-01  -6.730838542870e-01 5*0.0  -3.080818141620e-01   2.390706616130e-01 0.0   4.032361440210e-01   3.702235519360e-01 
5*0.0   5.409572009880e-01  -2.997750018550e-01 0.0  -6.617637384590e-01  -6.586585440500e-01 5*0.0  -3.091796280980e-01   2.333652402350e-01 0.0   3.985026917570e-01   3.632184942660e-01 
5*0.0   5.339444454780e-01  -2.911437753700e-01 0.0  -6.504154550460e-01  -6.444322469930e-01 5*0.0  -3.100522366340e-01   2.277673058210e-01 0.0   3.937112326000e-01   3.562791841480e-01 
5*0.0   5.268983498740e-01  -2.827604326560e-01 0.0  -6.391302403970e-01  -6.304077715190e-01 5*0.0  -3.107068514690e-01   2.222758291120e-01 0.0   3.888670246370e-01   3.494074332350e-01 
5*0.0   5.198270331850e-01  -2.746177568430e-01 0.0  -6.279152320150e-01  -6.165875218270e-01 5*0.0  -3.111506081410e-01   2.168897499690e-01 0.0   3.839751805430e-01   3.426049481490e-01 
5*0.0   5.127380892490e-01  -2.667087419150e-01 0.0  -6.167770215370e-01  -6.029735201320e-01 5*0.0  -3.113905615890e-01   2.116079797020e-01 0.0   3.790406675650e-01   3.358733317810e-01 
5*0.0   5.056386164970e-01  -2.590265866360e-01 0.0  -6.057216881400e-01  -5.895674290580e-01 5*0.0  -3.114336820490e-01   2.064294033040e-01 0.0   3.740683077480e-01   3.292140847650e-01 
5*0.0   4.985352464000e-01  -2.515646887460e-01 0.0  -5.947548240560e-01  -5.763705718080e-01 5*0.0  -3.112868512740e-01   2.013528815890e-01 0.0   3.690627783940e-01   3.226286070870e-01 
5*0.0   4.914341700210e-01  -2.443166407170e-01 0.0  -5.838815653410e-01  -5.633839529820e-01 5*0.0  -3.109568590630e-01   1.963772532420e-01 0.0   3.640286127330e-01   3.161181998240e-01 
5*0.0   4.843411649700e-01  -2.372762233540e-01 0.0  -5.731066147830e-01  -5.506082794170e-01 5*0.0  -3.104504000720e-01   1.915013367810e-01 0.0   3.589702007900e-01   3.096840669960e-01 
5*0.0   4.772616181920e-01  -2.304374016390e-01 0.0  -5.624342687580e-01  -5.380439751400e-01 5*0.0  -3.097740709100e-01   1.867239324390e-01 0.0   3.538917904340e-01   3.033273175190e-01 
5*0.0   4.702005510220e-01  -2.237943190620e-01 0.0  -5.518684418460e-01  -5.256912018970e-01 5*0.0  -3.089343674900e-01   1.820438239650e-01 0.0   3.487974885870e-01   2.970489672470e-01 
5*0.0   4.631626386950e-01  -2.173412929230e-01 0.0  -5.414126823910e-01  -5.135498806000e-01 5*0.0  -3.079376826290e-01   1.774597803460e-01 0.0   3.436912625900e-01   2.908499410880e-01 
5*0.0   4.561522314120e-01  -2.110728089830e-01 0.0  -5.310702033680e-01  -5.016196983930e-01 5*0.0  -3.067903038860e-01   1.729705574550e-01 0.0   3.385769417000e-01   2.847310751880e-01 
5*0.0   4.491733741110e-01  -2.049835170610e-01 0.0  -5.208438962050e-01  -4.899001292110e-01 5*0.0  -3.054984116200e-01   1.685748996260e-01 0.0   3.334582187230e-01   2.786931191660e-01 
5*0.0   4.422298235620e-01  -1.990682259310e-01 0.0  -5.107363521030e-01  -4.783904499350e-01 5*0.0  -3.040680772680e-01   1.642715411640e-01 0.0   3.283386517460e-01   2.727367384000e-01 
5*0.0   4.353250663540e-01  -1.933218989540e-01 0.0  -5.007498779710e-01  -4.670897522170e-01 5*0.0  -3.025052618140e-01   1.600592077820e-01 0.0   3.232216659860e-01   2.668625163470e-01 
5*0.0   4.284623335400e-01  -1.877396491860e-01 0.0  -4.908865164700e-01  -4.559969550120e-01 5*0.0  -3.008158144620e-01   1.559366179800e-01 0.0   3.181105557200e-01   2.610709568880e-01 
5*0.0   4.216446177660e-01  -1.823167354310e-01 0.0  -4.811480589660e-01  -4.451108217460e-01 5*0.0  -2.990054714860e-01   1.519024843560e-01 0.0   3.130084863090e-01   2.553624867050e-01 
5*0.0   4.148746858720e-01  -1.770485574160e-01 0.0  -4.715360636280e-01  -4.344299668560e-01 5*0.0  -2.970798552530e-01   1.479555148590e-01 0.0   3.079184962870e-01   2.497374576600e-01 
5*0.0   4.081550918320e-01  -1.719306517440e-01 0.0  -4.620518680520e-01  -4.239528704020e-01 5*0.0  -2.950444734140e-01   1.440944139910e-01 0.0   3.028434995190e-01   2.441961491930e-01 
5*0.0   4.014881909330e-01  -1.669586878640e-01 0.0  -4.526966039690e-01  -4.136778878110e-01 5*0.0  -2.929047182530e-01   1.403178839390e-01 0.0   2.977862874170e-01   2.387387707090e-01 
5*0.0   3.948761502300e-01  -1.621284639110e-01 0.0  -4.434712081490e-01  -4.036032613890e-01 5*0.0  -2.906658661870e-01   1.366246256700e-01 0.0   2.927495312060e-01   2.333654639800e-01 
5*0.0   3.883209599840e-01  -1.574359028790e-01 0.0  -4.343764374320e-01  -3.937271271660e-01 5*0.0  -2.883330774020e-01   1.330133399620e-01 0.0   2.877357842350e-01   2.280763055170e-01 
5*0.0   3.818244442940e-01  -1.528770487520e-01 0.0  -4.254128775920e-01  -3.840475275510e-01 5*0.0  -2.859113956330e-01   1.294827283890e-01 0.0   2.827474843180e-01   2.228713089470e-01 
5*0.0   3.753882702270e-01  -1.484480628460e-01 0.0  -4.165809559880e-01  -3.745624172670e-01 5*0.0  -2.834057480680e-01   1.260314942630e-01 0.0   2.777869561200e-01   2.177504273640e-01 
5*0.0   3.690139571040e-01  -1.441452201390e-01 0.0  -4.078809505820e-01  -3.652696725780e-01 5*0.0  -2.808209453780e-01   1.226583435200e-01 0.0   2.728564135510e-01   2.127135556620e-01 
5*0.0   3.627028861560e-01  -1.399649060620e-01 0.0  -3.993130003440e-01  -3.561670975180e-01 5*0.0  -2.781616818650e-01   1.193619855720e-01 0.0   2.679579621960e-01   2.077605328410e-01 
5*0.0   3.564563074080e-01  -1.359036127440e-01 0.0  -3.908771136090e-01  -3.472524342550e-01 5*0.0  -2.754325357130e-01   1.161411341070e-01 0.0   2.630936017490e-01   2.028911442870e-01 
5*0.0   3.502753472440e-01  -1.319579358930e-01 0.0  -3.825731771450e-01  -3.385233663170e-01 5*0.0  -2.726379693570e-01   1.129945078530e-01 0.0   2.582652284660e-01   1.981051240260e-01 
5*0.0   3.441610164830e-01  -1.281245717010e-01 0.0  -3.744009640560e-01  -3.299775268830e-01 5*0.0  -2.697823299430e-01   1.099208313030e-01 0.0   2.534746376190e-01   1.934021569400e-01 
5*0.0   3.381142160680e-01  -1.244003135510e-01 0.0  -3.663601416960e-01  -3.216125042800e-01 5*0.0  -2.668698498880e-01   1.069188353930e-01 0.0   2.487235259540e-01   1.887818809470e-01 
5*0.0   3.321357445560e-01  -1.207820492110e-01 0.0  -3.584502779730e-01  -3.134258473470e-01 5*0.0  -2.639046475290e-01   1.039872581570e-01 0.0   2.440134941520e-01   1.842438891520e-01 
5*0.0   3.262263028190e-01  -1.172667578820e-01 0.0  -3.506708493100e-01  -3.054150716360e-01 5*0.0  -2.608907278580e-01   1.011248453310e-01 0.0   2.393460492820e-01   1.797877319500e-01 
5*0.0   3.203865003730e-01  -1.138515072380e-01 0.0  -3.430212462620e-01  -2.975776629680e-01 5*0.0  -2.578319833410e-01   9.833035093460e-02 0.0   2.347226072450e-01   1.754129190970e-01 
5*0.0   3.146168605140e-01  -1.105334509100e-01 0.0  -3.355007794490e-01  -2.899110829150e-01 5*0.0  -2.547321948070e-01   9.560253781350e-02 0.0   2.301444952140e-01   1.711189217340e-01 
5*0.0   3.089178255120e-01  -1.073098258200e-01 0.0  -3.281086857430e-01  -2.824127730460e-01 5*0.0  -2.515950324220e-01   9.294017815020e-02 0.0   2.256129540540e-01   1.669051743720e-01 
5*0.0   3.032897602660e-01  -1.041779493060e-01 0.0  -3.208441334090e-01  -2.750801593550e-01 5*0.0  -2.484240567160e-01   9.034205394560e-02 0.0   2.211291407340e-01   1.627710768270e-01 
5*0.0   2.977329580120e-01  -1.011352173060e-01 0.0  -3.137062268900e-01  -2.679106549940e-01 5*0.0  -2.452227196880e-01   8.780695746990e-02 0.0   2.166941307120e-01   1.587159961230e-01 
5*0.0   2.922476440600e-01  -9.817910124510e-02 0.0  -3.066940118000e-01  -2.609016648940e-01 5*0.0  -2.419943659680e-01   8.533369168530e-02 0.0   2.123089203110e-01   1.547392683370e-01 
5*0.0   2.868339791360e-01  -9.530714611610e-02 0.0  -2.998064794480e-01  -2.540505884380e-01 5*0.0  -2.387422340340e-01   8.292107064050e-02 0.0   2.079744290630e-01   1.508402004070e-01 
5*0.0   2.814920643450e-01  -9.251696834860e-02 0.0  -2.930425713670e-01  -2.473548226630e-01 5*0.0  -2.354694574840e-01   8.056791983930e-02 0.0   2.036915020370e-01   1.470180718890e-01 
5*0.0   2.762219425780e-01  -8.980625312700e-02 0.0  -2.864011822800e-01  -2.408117657900e-01 5*0.0  -2.321790663580e-01   7.827307658310e-02 0.0   1.994609121370e-01   1.432721366710e-01 
5*0.0   2.710236038020e-01  -8.717275270370e-02 0.0  -2.798811650840e-01  -2.344188189630e-01 5*0.0  -2.288739885110e-01   7.603539028900e-02 0.0   1.952833623770e-01   1.396016246410e-01 
5*0.0   2.658969884330e-01  -8.461428455620e-02 0.0  -2.734813337520e-01  -2.281733892090e-01 5*0.0  -2.255570510230e-01   7.385372278400e-02 0.0   1.911594881250e-01   1.360057433070e-01 
5*0.0   2.608419874110e-01  -8.212872870900e-02 0.0  -2.672004667900e-01  -2.220728916470e-01 5*0.0  -2.222309816550e-01   7.172694857650e-02 0.0   1.870898593160e-01   1.324836793680e-01 
5*0.0   2.558584488990e-01  -7.971402662330e-02 0.0  -2.610373103460e-01  -2.161147524220e-01 5*0.0  -2.188984103380e-01   6.965395510580e-02 0.0   1.830749826440e-01   1.290346002480e-01 
5*0.0   2.509461776410e-01  -7.736817865760e-02 0.0  -2.549905815520e-01  -2.102964093340e-01 5*0.0  -2.155618707010e-01   6.763364297010e-02 0.0   1.791153037070e-01   1.256576555710e-01 
5*0.0   2.461049396160e-01  -7.508924279620e-02 0.0  -2.490589710110e-01  -2.046153145050e-01 5*0.0  -2.122238016270e-01   6.566492613490e-02 0.0   1.752112091320e-01   1.223519786040e-01 
5*0.0   2.413344633570e-01  -7.287533265510e-02 0.0  -2.432411453970e-01  -1.990689365660e-01 5*0.0  -2.088865488390e-01   6.374673212070e-02 0.0   1.713630286650e-01   1.191166876420e-01 
5*0.0   2.366344428270e-01  -7.072461594330e-02 0.0  -2.375357504830e-01  -1.936547611350e-01 5*0.0  -2.055523665120e-01   6.187800217330e-02 0.0   1.675710372190e-01   1.159508873580e-01 
5*0.0   2.320045387650e-01  -6.863531262910e-02 0.0  -2.319414127840e-01  -1.883702933540e-01 5*0.0  -2.022234189080e-01   6.005769141420e-02 0.0   1.638354568940e-01   1.128536701020e-01 
5*0.0   2.274443819120e-01  -6.660569374450e-02 0.0  -2.264567423910e-01  -1.832130586190e-01 5*0.0  -1.989017820330e-01   5.828476897570e-02 0.0   1.601564589640e-01   1.098241171590e-01 
5*0.0   2.229535739330e-01  -6.463407950580e-02 0.0  -2.210803349580e-01  -1.781806035530e-01 5*0.0  -1.955894453100e-01   5.655821811770e-02 0.0   1.565341658180e-01   1.068612999640e-01 
5*0.0   2.185316896120e-01  -6.271883797160e-02 0.0  -2.158107737330e-01  -1.732704982920e-01 5*0.0  -1.922883132680e-01   5.487703632880e-02 0.0   1.529686528730e-01   1.039642812700e-01 
5*0.0   2.141782790350e-01  -6.085838374120e-02 0.0  -2.106466309580e-01  -1.684803363040e-01 5*0.0  -1.890002072520e-01   5.324023541310e-02 0.0   1.494599504510e-01   1.011321162800e-01 
5*0.0   2.098928684880e-01  -5.905117641750e-02 0.0  -2.055864704220e-01  -1.638077363610e-01 5*0.0  -1.857268671270e-01   5.164684156050e-02 0.0   1.460080456100e-01   9.836385372890e-02 
5*0.0   2.056749624700e-01  -5.729571926090e-02 0.0  -2.006288487940e-01  -1.592503424750e-01 5*0.0  -1.824699530140e-01   5.009589540460e-02 0.0   1.426128839460e-01   9.565853693570e-02 
5*0.0   2.015240451920e-01  -5.559055803420e-02 0.0  -1.957723170330e-01  -1.548058253490e-01 5*0.0  -1.792310470100e-01   4.858645206580e-02 0.0   1.392743713550e-01   9.301520480360e-02 
5*0.0   1.974395825760e-01  -5.393427975950e-02 0.0  -1.910154221160e-01  -1.504718829320e-01 5*0.0  -1.760116549320e-01   4.711758118190e-02 0.0   1.359923757570e-01   9.043289278860e-02 
5*0.0   1.934210221610e-01  -5.232551128180e-02 0.0  -1.863567084350e-01  -1.462462408890e-01 5*0.0  -1.728132080510e-01   4.568836692680e-02 0.0   1.327667287800e-01   8.791063382610e-02 
5*0.0   1.894677961760e-01  -5.076291832520e-02 0.0  -1.817947189780e-01  -1.421266534890e-01 5*0.0  -1.696370648340e-01   4.429790801650e-02 0.0   1.295972274090e-01   8.544745921960e-02 
5*0.0   1.855793213470e-01  -4.924520427660e-02 0.0  -1.773279969670e-01  -1.381109036890e-01 5*0.0  -1.664845126830e-01   4.294531770400e-02 0.0   1.264836355970e-01   8.304239949280e-02 
5*0.0   1.817550009480e-01  -4.777110905180e-02 0.0  -1.729550865460e-01  -1.341968039850e-01 5*0.0  -1.633567696700e-01   4.162972376420e-02 0.0   1.234256858340e-01   8.069448520430e-02 
5*0.0   1.779942257340e-01  -4.633940810930e-02 0.0  -1.686745341970e-01  -1.303821965920e-01 5*0.0  -1.602549862710e-01   4.035026846700e-02 0.0   1.204230806860e-01   7.840274772780e-02 
5*0.0   1.742963745600e-01  -4.494891127090e-02 0.0  -1.644848898380e-01  -1.266649538330e-01 5*0.0  -1.571802470890e-01   3.910610854220e-02 0.0   1.174754942880e-01   7.616621999540e-02 
5*0.0   1.706608165390e-01  -4.359846196310e-02 0.0  -1.603847074050e-01  -1.230429785470e-01 5*0.0  -1.541335725810e-01   3.789641513350e-02 0.0   1.145825738020e-01   7.398393720920e-02 
5*0.0   1.670869104270e-01  -4.228693594470e-02 0.0  -1.563725464590e-01  -1.195142040190e-01 5*0.0  -1.511159207600e-01   3.672037374490e-02 0.0   1.117439408420e-01   7.185493751730e-02 
5*0.0   1.635740070750e-01  -4.101324059340e-02 0.0  -1.524469723650e-01  -1.160765944330e-01 5*0.0  -1.481281888980e-01   3.557718417790e-02 0.0   1.089591928570e-01   6.977826265870e-02 
5*0.0   1.601214493800e-01  -3.977631397160e-02 0.0  -1.486065575480e-01  -1.127281451710e-01 5*0.0  -1.451712152160e-01   3.446606046050e-02 0.0   1.062279044750e-01   6.775295857620e-02 
5*0.0   1.567285735050e-01  -3.857512379240e-02 0.0  -1.448498821490e-01  -1.094668823090e-01 5*0.0  -1.422457805600e-01   3.338623076930e-02 0.0   1.035496288190e-01   6.577807599760e-02 
5*0.0   1.533947095130e-01  -3.740866671170e-02 0.0  -1.411755346780e-01  -1.062908635010e-01 5*0.0  -1.393526100580e-01   3.233693734390e-02 0.0   1.009238987750e-01   6.385267098840e-02 
5*0.0   1.501191820850e-01  -3.627596742230e-02 0.0  -1.375821127550e-01  -1.031981773960e-01 5*0.0  -1.364923747730e-01   3.131743639420e-02 0.0   9.835022823650e-02   6.197580547340e-02 
5*0.0   1.469013117810e-01  -3.517607790390e-02 0.0  -1.340682238250e-01  -1.001869439870e-01 5*0.0  -1.336656933280e-01   3.032699800210e-02 0.0   9.582811330160e-02   6.014654773100e-02 
5*0.0   1.437404149750e-01  -3.410807657730e-02 0.0  -1.306324851340e-01  -9.725531467590e-02 5*0.0  -1.308731335220e-01   2.936490601630e-02 0.0   9.335703344210e-02   5.836397285950e-02 
5*0.0   1.406358048640e-01  -3.307106761210e-02 0.0  -1.272735257400e-01  -9.440147129520e-02 5*0.0  -1.281152139210e-01   2.843045794150e-02 0.0   9.093645263510e-02   5.662716321670e-02 
5*0.0   1.375867925910e-01  -3.206418014460e-02 0.0  -1.239899851790e-01  -9.162362794830e-02 5*0.0  -1.253924054390e-01   2.752296482270e-02 0.0   8.856582046000e-02   5.493520883240e-02 
5*0.0   1.345926861310e-01  -3.108656750830e-02 0.0  -1.207805150220e-01  -8.892002853940e-02 5*0.0  -1.227051328860e-01   2.664175112420e-02 0.0   8.624457316210e-02   5.328720779730e-02 
5*0.0   1.316527933310e-01  -3.013740669320e-02 0.0  -1.176437795590e-01  -8.628894865730e-02 5*0.0  -1.200537765120e-01   2.578615460330e-02 0.0   8.397213468140e-02   5.168226662570e-02 
5*0.0   1.287664207110e-01  -2.921589761000e-02 0.0  -1.145784548040e-01  -8.372869402390e-02 5*0.0  -1.174386735090e-01   2.495552618060e-02 0.0   8.174791764900e-02   5.011950059510e-02 
5*0.0   1.259328743900e-01  -2.832126235290e-02 0.0  -1.115832311210e-01  -8.123760170580e-02 5*0.0  -1.148601195120e-01   2.414922980520e-02 0.0   7.957132435060e-02   4.859803406290e-02 
5*0.0   1.231514600920e-01  -2.745274463920e-02 0.0  -1.086568110200e-01  -7.881403798900e-02 5*0.0  -1.123183700600e-01   2.336664231700e-02 0.0   7.744174765720e-02   4.711700076070e-02 
5*0.0   1.204214851080e-01  -2.660960927960e-02 0.0  -1.057979113160e-01  -7.645640037380e-02 5*0.0  -1.098136420440e-01   2.260715330450e-02 0.0   7.535857192440e-02   4.567554406640e-02 
5*0.0   1.177422568460e-01  -2.579114140610e-02 0.0  -1.030052627490e-01  -7.416311572840e-02 5*0.0  -1.073461151270e-01   2.187016496030e-02 0.0   7.332117386040e-02   4.427281725640e-02 
5*0.0   1.151130847070e-01  -2.499664604450e-02 0.0  -1.002776102990e-01  -7.193264088790e-02 5*0.0  -1.049159331410e-01   2.115509193270e-02 0.0   7.132892336310e-02   4.290798373670e-02 
5*0.0   1.125332794840e-01  -2.422544748680e-02 0.0  -9.761371325920e-02  -6.976346189390e-02 5*0.0  -1.025232054560e-01   2.046136117510e-02 0.0   6.938118432690e-02   4.158021725580e-02 
5*0.0   1.100021539360e-01  -2.347688871060e-02 0.0  -9.501234561560e-02  -6.765409405900e-02 5*0.0  -1.001680083280e-01   1.978841179280e-02 0.0   6.747731541990e-02   4.028870209720e-02 
5*0.0   1.075190237470e-01  -2.275033098250e-02 0.0  -9.247229665160e-02  -6.560308146310e-02 5*0.0  -9.785038622010e-02   1.913569488750e-02 0.0   6.561667083220e-02   3.903263325520e-02 
5*0.0   1.050832073380e-01  -2.204515323570e-02 0.0  -8.999237000420e-02  -6.360899742850e-02 5*0.0  -9.557035309710e-02   1.850267339930e-02 0.0   6.379860099450e-02   3.781121659250e-02 
5*0.0   1.026940257810e-01  -2.136075154630e-02 0.0  -8.757138489910e-02  -6.167044270880e-02 5*0.0  -9.332789369350e-02   1.788882194810e-02 0.0   6.202245327040e-02   3.662366898160e-02 
5*0.0   1.003508036430e-01  -2.069653875870e-02 0.0  -8.520817597420e-02  -5.978604634540e-02 5*0.0  -9.112296475670e-02   1.729362667160e-02 0.0   6.028757261960e-02   3.546921842930e-02 
5*0.0   9.805286938110e-02  -2.005194396830e-02 0.0  -8.290159288440e-02  -5.795446547560e-02 5*0.0  -8.895549626300e-02   1.671658506360e-02 0.0   5.859330223490e-02   3.434710418640e-02 
5*0.0   9.579955515950e-02  -1.942641207080e-02 0.0  -8.065050105910e-02  -5.617438415580e-02 5*0.0  -8.682539260710e-02   1.615720581010e-02 0.0   5.693898415290e-02   3.325657684190e-02 
5*0.0   9.359019722020e-02  -1.881940329320e-02 0.0  -7.845378154380e-02  -5.444451370010e-02 5*0.0  -8.473253376480e-02   1.561500862460e-02 0.0   5.532395983850e-02   3.219689840360e-02 
5*0.0   9.142413595060e-02  -1.823039275180e-02 0.0  -7.631033080950e-02  -5.276359196230e-02 5*0.0  -8.267677642910e-02   1.508952408230e-02 0.0   5.374757074470e-02   3.116734236440e-02 
5*0.0   8.930071650560e-02  -1.765887014750e-02 0.0  -7.421906117120e-02  -5.113038318140e-02 5*0.0  -8.065795511980e-02   1.458029345430e-02 0.0   5.220915884720e-02   3.016719375540e-02 
5*0.0   8.721928864700e-02  -1.710433926900e-02 0.0  -7.217890052440e-02  -4.954367771200e-02 5*0.0  -7.867588326580e-02   1.408686854070e-02 0.0   5.070806715530e-02   2.919574918720e-02 
5*0.0   8.517920691410e-02  -1.656631755450e-02 0.0  -7.018879259660e-02  -4.800229142460e-02 5*0.0  -7.673035426090e-02   1.360881150330e-02 0.0   4.924364019940e-02   2.825231687800e-02 
5*0.0   8.317983089720e-02  -1.604433583980e-02 0.0  -6.824769680930e-02  -4.650506548490e-02 5*0.0  -7.482114249350e-02   1.314569469850e-02 0.0   4.781522449480e-02   2.733621667120e-02 
5*0.0   8.122052539570e-02  -1.553793790360e-02 0.0  -6.635458820760e-02  -4.505086611600e-02 5*0.0  -7.294800434840e-02   1.269710050980e-02 0.0   4.642216898430e-02   2.644678004150e-02 
5*0.0   7.930066041670e-02  -1.504668009580e-02 0.0  -6.450845755300e-02  -4.363858390400e-02 5*0.0  -7.111067918390e-02   1.226262118080e-02 0.0   4.506382545820e-02   2.558335009050e-02 
5*0.0   7.741961151770e-02  -1.457013109080e-02 0.0  -6.270831129430e-02  -4.226713385310e-02 5*0.0  -6.930889028110e-02   1.184185864770e-02 0.0   4.373954895330e-02   2.474528153280e-02 
5*0.0   7.557675969020e-02  -1.410787139920e-02 0.0  -6.095317157340e-02  -4.093545448830e-02 5*0.0  -6.754234576780e-02   1.143442437270e-02 0.0   4.244869813100e-02   2.393194067190e-02 
5*0.0   7.377149173410e-02  -1.365949315600e-02 0.0  -5.924207580440e-02  -3.964250829310e-02 5*0.0  -6.581073951650e-02   1.103993917770e-02 0.0   4.119063563590e-02   2.314270536760e-02 
5*0.0   7.200319991150e-02  -1.322459977730e-02 0.0  -5.757407722290e-02  -3.838728033480e-02 5*0.0  -6.411375201650e-02   1.065803307870e-02 0.0   3.996472843450e-02   2.237696499470e-02 
5*0.0   7.027128256820e-02  -1.280280560130e-02 0.0  -5.594824427830e-02  -3.716877864670e-02 5*0.0  -6.245105122020e-02   1.028834512060e-02 0.0   3.877034813430e-02   2.163412039320e-02 
5*0.0   6.857514388430e-02  -1.239373564380e-02 0.0  -5.436366075420e-02  -3.598603369060e-02 5*0.0  -6.082229336500e-02   9.930523212850e-03 0.0   3.760687128580e-02   2.091358381140e-02 
5*0.0   6.691419394030e-02  -1.199702526020e-02 0.0  -5.281942583410e-02  -3.483809772770e-02 5*0.0  -5.922712376920e-02   9.584223966270e-03 0.0   3.647367966540e-02   2.021477884130e-02 
5*0.0   6.528784891190e-02  -1.161231991430e-02 0.0  -5.131465373770e-02  -3.372404477520e-02 5*0.0  -5.766517760420e-02   9.249112530360e-03 0.0   3.537016054150e-02   1.953714034710e-02 
5*0.0   6.369553108030e-02  -1.123927482580e-02 0.0  -4.984847373340e-02  -3.264297004620e-02 5*0.0  -5.613608064130e-02   8.924862432100e-03 0.0   3.429570692330e-02   1.888011438770e-02 
5*0.0   6.213666878520e-02  -1.087755477160e-02 0.0  -4.842003008490e-02  -3.159398962040e-02 5*0.0  -5.463944997560e-02   8.611155415580e-03 0.0   3.324971779410e-02   1.824315813210e-02 
5*0.0   6.061069663310e-02  -1.052683379980e-02 0.0  -4.702848191460e-02  -3.057624014750e-02 5*0.0  -5.317489472500e-02   8.307681283060e-03 0.0   3.223159832790e-02   1.762573977040e-02 
5*0.0   5.911705544030e-02  -1.018679496780e-02 0.0  -4.567300301850e-02  -2.958887835590e-02 5*0.0  -5.174201670660e-02   8.014137737160e-03 0.0   3.124076009130e-02   1.702733841810e-02 
5*0.0   5.765519219720e-02  -9.857130091920e-03 0.0  -4.435278180950e-02  -2.863108083820e-02 5*0.0  -5.034041108970e-02   7.730230224500e-03 0.0   3.027662123000e-02   1.644744401630e-02 
5*0.0   5.622456029160e-02  -9.537539536690e-03 0.0  -4.306702115570e-02  -2.770204358790e-02 5*0.0  -4.896966702620e-02   7.455671780710e-03 0.0   2.933860664180e-02   1.588555722670e-02 
5*0.0   5.482461924050e-02  -9.227731944020e-03 0.0  -4.181493820910e-02  -2.680098166880e-02 5*0.0  -4.762936825860e-02   7.190182876940e-03 0.0   2.842614813520e-02   1.534118932260e-02 
5*0.0   5.345483501570e-02  -8.927424040180e-03 0.0  -4.059576441350e-02  -2.592712885000e-02 5*0.0  -4.631909370640e-02   6.933491267920e-03 0.0   2.753868457470e-02   1.481386207530e-02 
5*0.0   5.211467981480e-02  -8.636340390570e-03 0.0  -3.940874518160e-02  -2.507973733050e-02 5*0.0  -4.503841803040e-02   6.685331841570e-03 0.0   2.667566201330e-02   1.430310763730e-02 
5*0.0   5.080363217350e-02  -8.354213194670e-03 0.0  -3.825313989130e-02  -2.425807723250e-02 5*0.0  -4.378691217620e-02   6.445446470240e-03 0.0   2.583653381300e-02   1.380846842150e-02 
5*0.0   4.952117700940e-02  -8.080782093810e-03 0.0  -3.712822168920e-02  -2.346143642640e-02 5*0.0  -4.256414389700e-02   6.213583863730e-03 0.0   2.502076075250e-02   1.332949697800e-02 
5*0.0   4.826680545610e-02  -7.815793934900e-03 0.0  -3.603327730760e-02  -2.268912009290e-02 5*0.0  -4.136967825580e-02   5.989499423860e-03 0.0   2.422781112420e-02   1.286575586680e-02 
5*0.0   4.704001503720e-02  -7.559002602840e-03 0.0  -3.496760690110e-02  -2.194045042560e-02 5*0.0  -4.020307810800e-02   5.772955100970e-03 0.0   2.345716081960e-02   1.241681752900e-02 
5*0.0   4.584030958560e-02  -7.310168834090e-03 0.0  -3.393052401170e-02  -2.121476618710e-02 5*0.0  -3.906390456390e-02   5.563719252070e-03 0.0   2.270829340440e-02   1.198226415490e-02 
5*0.0   4.466719921650e-02  -7.069059991090e-03 0.0  -3.292135530430e-02  -2.051142257960e-02 5*0.0  -3.795171743280e-02   5.361566500920e-03 0.0   2.198070018300e-02   1.156168755010e-02 
5*0.0   4.352020032960e-02  -6.835449931500e-03 0.0  -3.193944039890e-02  -1.982979074580e-02 5*0.0  -3.686607564780e-02   5.166277599910e-03 0.0   2.127388025380e-02   1.115468899960e-02 
5*0.0   4.239883558450e-02  -6.609118787420e-03 0.0  -3.098413178350e-02  -1.916925746410e-02 5*0.0  -3.580653767290e-02   4.977639293790e-03 0.0   2.058734055430e-02   1.076087913050e-02 
5*0.0   4.130263386810e-02  -6.389852831820e-03 0.0  -3.005479460660e-02  -1.852922490290e-02 5*0.0  -3.477266189160e-02   4.795444185400e-03 0.0   1.992059589780e-02   1.037987777260e-02 
5*0.0   4.023113033200e-02  -6.177444293270e-03 0.0  -2.915080652440e-02  -1.790911027960e-02 5*0.0  -3.376400697860e-02   4.619490603160e-03 0.0   1.927316900110e-02   1.001131381830e-02 
5*0.0   3.918386631150e-02  -5.971691192940e-03 0.0  -2.827155750380e-02  -1.730834554880e-02 5*0.0  -3.278013225400e-02   4.449582470690e-03 0.0   1.864459050430e-02   9.654825081110e-03 
5*0.0   3.816038926240e-02  -5.772397194680e-03 0.0  -2.741644974160e-02  -1.672637697180e-02 5*0.0  -3.182059802160e-02   4.285529178180e-03 0.0   1.803439898240e-02   9.310058153150e-03 
5*0.0   3.716025284600e-02  -5.579371450420e-03 0.0  -2.658489739320e-02  -1.616266501160e-02 5*0.0  -3.088496589040e-02   4.127145455870e-03 0.0   1.744214094920e-02   8.976668262120e-03 
5*0.0   3.618301687260e-02  -5.392428460120e-03 0.0  -2.577632650650e-02  -1.561668392250e-02 5*0.0  -2.997279908060e-02   3.974251249460e-03 0.0   1.686737085490e-02   8.654319127550e-03 
5*0.0   3.522824714080e-02  -5.211387902630e-03 0.0  -2.499017477730e-02  -1.508792146100e-02 5*0.0  -2.908366271410e-02   3.826671597440e-03 0.0   1.630965107540e-02   8.342682816730e-03 
5*0.0   3.429551556520e-02  -5.036074526680e-03 0.0  -2.422589141430e-02  -1.457587861300e-02 5*0.0  -2.821712409040e-02   3.684236510510e-03 0.0   1.576855189660e-02   8.041439600360e-03 
5*0.0   3.338440002980e-02  -4.866317983010e-03 0.0  -2.348293697370e-02  -1.408006926780e-02 5*0.0  -2.737275294770e-02   3.546780852870e-03 0.0   1.524365149140e-02   7.750277808090e-03 
5*0.0   3.249448441790e-02  -4.701952716840e-03 0.0  -2.276078318260e-02  -1.360002000270e-02 5*0.0  -2.655012170980e-02   3.414144225640e-03 0.0   1.473453589140e-02   7.468893684110e-03 
5*0.0   3.162535857870e-02  -4.542817835560e-03 0.0  -2.205891281630e-02  -1.313526973460e-02 5*0.0  -2.574880572000e-02   3.286170852130e-03 0.0   1.424079895260e-02   7.196991242880e-03 
5*0.0   3.077661817930e-02  -4.388756953370e-03 0.0  -2.137681943570e-02  -1.268536950250e-02 5*0.0  -2.496838346030e-02   3.162709465170e-03 0.0   1.376204231640e-02   6.934282125230e-03 
5*0.0   2.994786489610e-02  -4.239618114900e-03 0.0  -2.071400733240e-02  -1.224988216400e-02 5*0.0  -2.420843675960e-02   3.043613196450e-03 0.0   1.329787536510e-02   6.680485454800e-03 
5*0.0   2.913870607050e-02  -4.095253639960e-03 0.0  -2.006999127660e-02  -1.182838211980e-02 5*0.0  -2.346855098750e-02   2.928739467800e-03 0.0   1.284791517280e-02   6.435327695070e-03 
5*0.0   2.834875493190e-02  -3.955520023670e-03 0.0  -1.944429639990e-02  -1.142045509580e-02 5*0.0  -2.274831523700e-02   2.817949884400e-03 0.0   1.241178645170e-02   6.198542507030e-03 
5*0.0   2.757763040900e-02  -3.820277823000e-03 0.0  -1.883645802350e-02  -1.102569784400e-02 5*0.0  -2.204732249570e-02   2.711110130080e-03 0.0   1.198912149480e-02   5.969870607550e-03 
5*0.0   2.682495710160e-02  -3.689391538320e-03 0.0  -1.824602146730e-02  -1.064371792590e-02 5*0.0  -2.136516980450e-02   2.608089864440e-03 0.0   1.157956011410e-02   5.749059628640e-03 
5*0.0   2.609036530420e-02  -3.562729515030e-03 0.0  -1.767254193630e-02  -1.027413340970e-02 5*0.0  -2.070145840650e-02   2.508762622020e-03 0.0   1.118274957520e-02   5.535863977610e-03 
5*0.0   2.537349092740e-02  -3.440163842640e-03 0.0  -1.711558430880e-02  -9.916572708500e-03 5*0.0  -2.005579388470e-02   2.413005713320e-03 0.0   1.079834452830e-02   5.330044698300e-03 
5*0.0   2.467397537950e-02  -3.321570235850e-03 0.0  -1.657472301830e-02  -9.570674248800e-03 5*0.0  -1.942778628890e-02   2.320700127830e-03 0.0   1.042600693700e-02   5.131369333310e-03 
5*0.0   2.399146561390e-02  -3.206827956760e-03 0.0  -1.604954182600e-02  -9.236086301580e-03 5*0.0  -1.881705025400e-02   2.231730438890e-03 0.0   1.006540600230e-02   4.939611787530e-03 
5*0.0   2.332561410020e-02  -3.095819715010e-03 0.0  -1.553963377450e-02  -8.912466737870e-03 5*0.0  -1.822320510750e-02   2.145984710450e-03 0.0   9.716218085610e-03   4.754552192780e-03 
5*0.0   2.267607867870e-02  -2.988431564710e-03 0.0  -1.504460093660e-02  -8.599482797750e-03 5*0.0  -1.764587496820e-02   2.063354405800e-03 0.0   9.378126627940e-03   4.575976773870e-03 
5*0.0   2.204252254480e-02  -2.884552823310e-03 0.0  -1.456405429810e-02  -8.296810805820e-03 5*0.0  -1.708468883640e-02   1.983734298000e-03 0.0   9.050822067400e-03   4.403677715960e-03 
5*0.0   2.142461435390e-02  -2.784075965690e-03 0.0  -1.409761349220e-02  -8.004136089670e-03 5*0.0  -1.653928067460e-02   1.907022382320e-03 0.0   8.734001754210e-03   4.237453033350e-03 
5*0.0   2.082202777120e-02  -2.686896555710e-03 0.0  -1.364490698570e-02  -7.721152635310e-03 5*0.0  -1.600928948100e-02   1.833119790370e-03 0.0   8.427369863790e-03   4.077106439830e-03 
5*0.0   2.023444208970e-02  -2.592913181630e-03 0.0  -1.320557134280e-02  -7.447562964650e-03 5*0.0  -1.549435935410e-02   1.761930706110e-03 0.0   8.130637308050e-03   3.922447220380e-03 
5*0.0   1.966154134040e-02  -2.502027319930e-03 0.0  -1.277925180520e-02  -7.183077834240e-03 5*0.0  -1.499413955060e-02   1.693362283620e-03 0.0   7.843521644980e-03   3.773290104640e-03 
5*0.0   1.910301505220e-02  -2.414143304420e-03 0.0  -1.236560140630e-02  -6.927416141300e-03 5*0.0  -1.450828453520e-02   1.627324566680e-03 0.0   7.565746986830e-03   3.629455141850e-03 
5*0.0   1.855855762660e-02  -2.329168219830e-03 0.0  -1.196428141370e-02  -6.680304665070e-03 5*0.0  -1.403645402370e-02   1.563730409970e-03 0.0   7.297043906890e-03   3.490767577490e-03 
5*0.0   1.802786857700e-02  -2.247011856730e-03 0.0  -1.157496085090e-02  -6.441477867150e-03 5*0.0  -1.357831301950e-02   1.502495402170e-03 0.0   7.037149345180e-03   3.357057731580e-03 
5*0.0   1.751065245830e-02  -2.167586613340e-03 0.0  -1.119731638560e-02  -6.210677738690e-03 5*0.0  -1.313353184340e-02   1.443537790620e-03 0.0   6.785806513000e-03   3.228160878700e-03 
5*0.0   1.700661862490e-02  -2.090807419750e-03 0.0  -1.083103236360e-02  -5.987653568620e-03 5*0.0  -1.270178615730e-02   1.386778407730e-03 0.0   6.542764796730e-03   3.103917129760e-03 
5*0.0   1.651548147420e-02  -2.016591698550e-03 0.0  -1.047580042780e-02  -5.772161796700e-03 5*0.0  -1.228275698200e-02   1.332140599000e-03 0.0   6.307779660780e-03   2.984171315470e-03 
5*0.0   1.603696002690e-02  -1.944859251070e-03 0.0  -1.013131962670e-02  -5.563965799780e-03 5*0.0  -1.187613070950e-02   1.279550152740e-03 0.0   6.080612549940e-03   2.868772871670e-03 
5*0.0   1.557077833050e-02  -1.875532257900e-03 0.0  -9.797296036630e-03  -5.362835761090e-03 5*0.0  -1.148159910960e-02   1.228935231360e-03 0.0   5.861030791280e-03   2.757575726370e-03 
5*0.0   1.511666497710e-02  -1.808535133040e-03 0.0  -9.473442791300e-03  -5.168548458480e-03 5*0.0  -1.109885933160e-02   1.180226304210e-03 0.0   5.648807495590e-03   2.650438188680e-03 
5*0.0   1.467435341680e-02  -1.743794546070e-03 0.0  -9.159479855360e-03  -4.980887139430e-03 5*0.0  -1.072761390090e-02   1.133356082080e-03 0.0   5.443721458580e-03   2.547222839510e-03 
5*0.0   1.424358153610e-02  -1.681239291370e-03 0.0  -8.855133962300e-03  -4.799641271460e-03 5*0.0  -1.036757071140e-02   1.088259453130e-03 0.0   5.245557061960e-03   2.447796424130e-03 
5*0.0   1.382409198220e-02  -1.620800269970e-03 0.0  -8.560138433340e-03  -4.624606510560e-03 5*0.0  -1.001844301270e-02   1.044873420440e-03 0.0   5.054104174410e-03   2.352029746540e-03 
5*0.0   1.341563182290e-02  -1.562410407540e-03 0.0  -8.274233033380e-03  -4.455584416410e-03 5*0.0  -9.679949393930e-03   1.003137041000e-03 0.0   4.869158052540e-03   2.259797565740e-03 
5*0.0   1.301795264590e-02  -1.506004625220e-03 0.0  -7.997163909650e-03  -4.292382367200e-03 5*0.0  -9.351813762950e-03   9.629913661200e-04 0.0   4.690519242110e-03   2.170978493780e-03 
5*0.0   1.263081047700e-02  -1.451519763990e-03 0.0  -7.728683398130e-03  -4.134813407310e-03 5*0.0  -9.033765322010e-03   9.243793834080e-04 0.0   4.517993479330e-03   2.085454895730e-03 
5*0.0   1.225396571500e-02  -1.398894540900e-03 0.0  -7.468549932910e-03  -3.982696069550e-03 5*0.0  -8.725538539910e-03   8.872459600430e-04 0.0   4.351391592510e-03   2.003112791430e-03 
5*0.0   1.188718311930e-02  -1.348069486910e-03 0.0  -7.216527883170e-03  -3.835854264450e-03 5*0.0  -8.426873120650e-03   8.515377875220e-04 0.0   4.190529404100e-03   1.923841759170e-03 
5*0.0   1.153023163860e-02  -1.298986901490e-03 0.0  -6.972387533370e-03  -3.694117106680e-03 5*0.0  -8.137513968960e-03   8.172033277380e-04 0.0   4.035227633160e-03   1.847534841120e-03 
5*0.0   1.118288453570e-02  -1.251590816800e-03 0.0  -6.735904829870e-03  -3.557318792600e-03 5*0.0  -7.857211152800e-03   7.841927604260e-04 0.0   3.885311798320e-03   1.774088450670e-03 
5*0.0   1.084491924670e-02  -1.205826937970e-03 0.0  -6.506861338130e-03  -3.425298482350e-03 5*0.0  -7.585719863060e-03   7.524579319170e-04 0.0   3.740612121390e-03   1.703402281570e-03 
5*0.0   1.051611731130e-02  -1.161642589330e-03 0.0  -6.285044133480e-03  -3.297900135090e-03 5*0.0  -7.322800370610e-03   7.219523051960e-04 0.0   3.600963431550e-03   1.635379218870e-03 
5*0.0   1.019626428250e-02  -1.118986671570e-03 0.0  -6.070245677560e-03  -3.174972385260e-03 5*0.0  -7.068217980860e-03   6.926309112360e-04 0.0   3.466205070290e-03   1.569925251720e-03 
5*0.0   9.885149880040e-03  -1.077809645360e-03 0.0  -5.862263623570e-03  -3.056368464050e-03 5*0.0  -6.821742986010e-03   6.644503015720e-04 0.0   3.336180797050e-03   1.506949387930e-03 
5*0.0   9.582567709200e-03  -1.038063448370e-03 0.0  -5.660900844750e-03  -2.941946000710e-03 5*0.0  -6.583150615210e-03   6.373685021120e-04 0.0   3.210738695800e-03   1.446363570320e-03 
5*0.0   9.288315284680e-03  -9.997014750620e-04 0.0  -5.465965253060e-03  -2.831566959440e-03 5*0.0  -6.352220982570e-03   6.113449681440e-04 0.0   3.089731082270e-03   1.388082594870e-03 
5*0.0   9.002194040710e-03  -9.626785289180e-04 0.0  -5.277269643920e-03  -2.725097495740e-03 5*0.0  -6.128739033450e-03   5.863405405160e-04 0.0   2.973014412320e-03   1.332024030570e-03 
5*0.0   8.724009238150e-03  -9.269507967360e-04 0.0  -5.094631686540e-03  -2.622407859690e-03 5*0.0  -5.912494489010e-03   5.623174029840e-04 0.0   2.860449191030e-03   1.278108141100e-03 
5*0.0   8.453569876270e-03  -8.924757857150e-04 0.0  -4.917873754740e-03  -2.523372258070e-03 5*0.0  -5.703281789080e-03   5.392390406770e-04 0.0   2.751899882970e-03   1.226257808110e-03 
5*0.0   8.190688708850e-03  -8.592123095080e-04 0.0  -4.746822835750e-03  -2.427868770680e-03 5*0.0  -5.500900033730e-03   5.170701996820e-04 0.0   2.647234823330e-03   1.176398456350e-03 
5*0.0   7.935182141080e-03  -8.271204360310e-04 0.0  -4.581310456970e-03  -2.335779227980e-03 5*0.0  -5.305152923440e-03   4.957768477030e-04 0.0   2.546326130200e-03   1.128457980370e-03 
5*0.0   7.686870251800e-03  -7.961614600170e-04 0.0  -4.421172520980e-03  -2.246989119480e-03 5*0.0  -5.115848698010e-03   4.753261357940e-04 0.0   2.449049617890e-03   1.082366672960e-03 
5*0.0   7.445576625300e-03  -7.662978625370e-04 0.0  -4.266249316990e-03  -2.161387471770e-03 5*0.0  -4.932800074530e-03   4.556863611210e-04 0.0   2.355284711350e-03   1.038057155180e-03 
5*0.0   7.211128428240e-03  -7.374932824420e-04 0.0  -4.116385285770e-03  -2.078866770530e-03 5*0.0  -4.755824184280e-03   4.368269307520e-04 0.0   2.264914361780e-03   9.954643080930e-04 
5*0.0   6.983356302090e-03  -7.097124805690e-04 0.0  -3.971429060260e-03  -1.999322850760e-03 5*0.0  -4.584742508770e-03   4.187183264350e-04 0.0   2.177824963310e-03   9.545252060340e-04 
5*0.0   6.762094253850e-03  -6.829213071320e-04 0.0  -3.831233266630e-03  -1.922654815910e-03 5*0.0  -4.419380815060e-03   4.013320703540e-04 0.0   2.093906270910e-03   9.151790515110e-04 
5*0.0   6.547179745640e-03  -6.570866725620e-04 0.0  -3.695654503080e-03  -1.848764923920e-03 5*0.0  -4.259569090380e-03   3.846406918350e-04 0.0   2.013051319520e-03   8.773671116500e-04 
5*0.0   6.338453494660e-03  -6.321765165010e-04 0.0  -3.564553199890e-03  -1.777558511800e-03 5*0.0  -4.105141476240e-03   3.686176949870e-04 0.0   1.935156344290e-03   8.410326561830e-04 
5*0.0   6.135759679250e-03  -6.081597808480e-04 0.0  -3.437793563810e-03  -1.708943913620e-03 5*0.0  -3.955936201950e-03   3.532375272490e-04 0.0   1.860120702150e-03   8.061208969600e-04 
5*0.0   5.938945489650e-03  -5.850063700010e-04 0.0  -3.315243501820e-03  -1.642832357000e-03 5*0.0  -3.811795517940e-03   3.384755488310e-04 0.0   1.787846794580e-03   7.725789289520e-04 
5*0.0   5.747861427570e-03  -5.626871390360e-04 0.0  -3.196774480800e-03  -1.579137896970e-03 5*0.0  -3.672565628540e-03   3.243080030180e-04 0.0   1.718239991570e-03   7.403556727290e-04 
5*0.0   5.562361099320e-03  -5.411738556630e-04 0.0  -3.082261499950e-03  -1.517777324130e-03 5*0.0  -3.538096624760e-03   3.107119873290e-04 0.0   1.651208556930e-03   7.094018183850e-04 
5*0.0   5.382301054120e-03  -5.204391710340e-04 0.0  -2.971583015880e-03  -1.458670089930e-03 5*0.0  -3.408242416710e-03   2.976654255030e-04 0.0   1.586663574780e-03   6.796697708870e-04 
5*0.0   5.207541362900e-03  -5.004566127350e-04 0.0  -2.864620738530e-03  -1.401738225240e-03 5*0.0  -3.282860666140e-03   2.851470402970e-04 0.0   1.524518877350e-03   6.511135968240e-04 
5*0.0   5.037944599140e-03  -4.812005335270e-04 0.0  -2.761259751160e-03  -1.346906273850e-03 5*0.0  -3.161812718800e-03   2.731363270650e-04 0.0   1.464690974040e-03   6.236889725390e-04 
5*0.0   4.873376524540e-03  -4.626461060100e-04 0.0  -2.661388267510e-03  -1.294101211740e-03 5*0.0  -3.044963536950e-03   2.616135281220e-04 0.0   1.407098981730e-03   5.973531336040e-04 
5*0.0   4.713705640060e-03  -4.447692891360e-04 0.0  -2.564897651200e-03  -1.243252374380e-03 5*0.0  -2.932181631950e-03   2.505596078530e-04 0.0   1.351664556390e-03   5.720648256270e-04 
5*0.0   4.558803457820e-03  -4.275468072450e-04 0.0  -2.471682284850e-03  -1.194291390500e-03 5*0.0  -2.823338997040e-03   2.399562285550e-04 0.0   1.298311825950e-03   5.477842563680e-04 
5*0.0   4.408544276080e-03  -4.109561352420e-04 0.0  -2.381639522710e-03  -1.147152120050e-03 5*0.0  -2.718311040320e-03   2.297857270010e-04 0.0   1.246967324440e-03   5.244730491210e-04 
5*0.0   4.262805140910e-03  -3.949754652240e-04 0.0  -2.294669613360e-03  -1.101770574100e-03 5*0.0  -2.616976518050e-03   2.200310916990e-04 0.0   1.197559927390e-03   5.020941973670e-04 
5*0.0   4.121465854640e-03  -3.795836905950e-04 0.0  -2.210675635640e-03  -1.058084864070e-03 5*0.0  -2.519217468240e-03   2.106759408320e-04 0.0   1.150020788510e-03   4.806120206450e-04 
5*0.0   3.984408797490e-03  -3.647603824860e-04 0.0  -2.129563416550e-03  -1.016035131700e-03 5*0.0  -2.424919144650e-03   2.017045008620e-04 0.0   1.104283277600e-03   4.599921216350e-04 
5*0.0   3.851519044570e-03  -3.504857752800e-04 0.0  -2.051241479650e-03  -9.755634880340e-04 5*0.0  -2.333969951180e-03   1.931015857870e-04 0.0   1.060282919710e-03   4.402013444230e-04 
5*0.0   3.722684384440e-03  -3.367407448570e-04 0.0  -1.975620958400e-03  -9.366139605200e-04 5*0.0  -2.246261376760e-03   1.848525770190e-04 0.0   1.017957335600e-03   4.212077339260e-04 
5*0.0   3.597794984730e-03  -3.235067846600e-04 0.0  -1.902615546790e-03  -8.991324277010e-04 5*0.0  -2.161687930710e-03   1.769434038830e-04 0.0   9.772461833830e-04   4.029804964440e-04 
5*0.0   3.476743564040e-03  -3.107659900370e-04 0.0  -1.832141431060e-03  -8.630665660370e-04 5*0.0  -2.080147078650e-03   1.693605247150e-04 0.0   9.380911013660e-04   3.854899613320e-04 
5*0.0   3.359425316670e-03  -2.985010436930e-04 0.0  -1.764117223990e-03  -8.283657981130e-04 5*0.0  -2.001539178950e-03   1.620909085400e-04 0.0   9.004356521980e-04   3.687075437510e-04 
5*0.0   3.245737847560e-03  -2.866951934550e-04 0.0  -1.698463911400e-03  -7.949812347930e-04 5*0.0  -1.925767419860e-03   1.551220173160e-04 0.0   8.642252681520e-04   3.526057084880e-04 
5*0.0   3.135581137520e-03  -2.753322378220e-04 0.0  -1.635104780480e-03  -7.628656253650e-04 5*0.0  -1.852737757200e-03   1.484417887390e-04 0.0   8.294071976270e-04   3.371579348170e-04 
5*0.0   3.028857490700e-03  -2.643965064980e-04 0.0  -1.573965376170e-03  -7.319733065570e-04 5*0.0  -1.782358852710e-03   1.420386195780e-04 0.0   7.959304528370e-04   3.223386823670e-04 
5*0.0   2.925471522510e-03  -2.538728474350e-04 0.0  -1.514973422470e-03  -7.022601571990e-04 5*0.0  -1.714542013160e-03   1.359013495320e-04 0.0   7.637457586670e-04   3.081233580000e-04 
5*0.0   2.825330087400e-03  -2.437466114480e-04 0.0  -1.458058789620e-03  -6.736835451310e-04 5*0.0  -1.649201130070e-03   1.300192456090e-04 0.0   7.328055026910e-04   2.944882836490e-04 
5*0.0   2.728342248390e-03  -2.340036316150e-04 0.0  -1.403153422570e-03  -6.462022843160e-04 5*0.0  -1.586252620230e-03   1.243819869850e-04 0.0   7.030636863300e-04   2.814106651100e-04 
5*0.0   2.634419244980e-03  -2.246302151270e-04 0.0  -1.350191288830e-03  -6.197765884410e-04 5*0.0  -1.525615366950e-03   1.189796503560e-04 0.0   6.744758771560e-04   2.688685617590e-04 
5*0.0   2.543474431710e-03  -2.156131233890e-04 0.0  -1.299108340880e-03  -5.943680268930e-04 5*0.0  -1.467210662050e-03   1.138026957530e-04 0.0   6.469991622970e-04   2.568408571820e-04 
5*0.0   2.455423273500e-03  -2.069395641240e-04 0.0  -1.249842440920e-03  -5.699394860480e-04 5*0.0  -1.410962148690e-03   1.088419528170e-04 0.0   6.205921029580e-04   2.453072306780e-04 
5*0.0   2.370183271640e-03  -1.985971693530e-04 0.0  -1.202333320650e-03  -5.464551217410e-04 5*0.0  -1.356795764950e-03   1.040886075130e-04 0.0   5.952146900320e-04   2.342481296350e-04 
5*0.0   2.287673941680e-03  -1.905739900300e-04 0.0  -1.156522543010e-03  -5.238803241930e-04 5*0.0  -1.304639688260e-03   9.953418928110e-05 0.0   5.708283007690e-04   2.236447427420e-04 
5*0.0   2.207816773550e-03  -1.828584780630e-04 0.0  -1.112353436270e-03  -5.021816745460e-04 5*0.0  -1.254424280580e-03   9.517055859690e-05 0.0   5.473956565300e-04   2.134789740210e-04 
5*0.0   2.130535199600e-03  -1.754394780610e-04 0.0  -1.069771053410e-03  -4.813269128200e-04 5*0.0  -1.206082034520e-03   9.098989494730e-05 0.0   5.248807815550e-04   2.037334176710e-04 
5*0.0   2.055754540370e-03  -1.683062109920e-04 0.0  -1.028722130840e-03  -4.612848945510e-04 5*0.0  -1.159547520230e-03   8.698468519760e-05 0.0   5.032489627770e-04   1.943913336750e-04 
5*0.0   1.983401981960e-03  -1.614482639240e-04 0.0  -9.891550365070e-04  -4.420255592940e-04 5*0.0  -1.114757333150e-03   8.314771234280e-05 0.0   4.824667106460e-04   1.854366241850e-04 
5*0.0   1.913406538460e-03  -1.548555797400e-04 0.0  -9.510197239920e-04  -4.235198953480e-04 5*0.0  -1.071650042620e-03   7.947204463230e-05 0.0   4.625017209340e-04   1.768538106400e-04 
5*0.0   1.845699001930e-03  -1.485184440690e-04 0.0  -9.142677022510e-04  -4.057399029860e-04 5*0.0  -1.030166141380e-03   7.595102505660e-05 0.0   4.433228375320e-04   1.686280116040e-04 
5*0.0   1.780211928500e-03  -1.424274762380e-04 0.0  -8.788519744290e-04  -3.886585659630e-04 5*0.0  -9.902479958840e-04   7.257826118420e-05 0.0   4.249000162040e-04   1.607449213180e-04 
5*0.0   1.716879589480e-03  -1.365736174680e-04 0.0  -8.447270107470e-04  -3.722498177780e-04 5*0.0  -9.518397975290e-04   6.934761534200e-05 0.0   4.072042892860e-04   1.531907889260e-04 
5*0.0   1.655637933240e-03  -1.309481213990e-04 0.0  -8.118487057490e-04  -3.564885095590e-04 5*0.0  -9.148875147140e-04   6.625319512440e-05 0.0   3.902077313080e-04   1.459523983800e-04 
5*0.0   1.596424558280e-03  -1.255425432250e-04 0.0  -7.801743325650e-04  -3.413503805260e-04 5*0.0  -8.793388458060e-04   6.328934422580e-05 0.0   3.738834255410e-04   1.390170489770e-04 
5*0.0   1.539178682450e-03  -1.203487312970e-04 0.0  -7.496625099680e-04  -3.268120317640e-04 5*0.0  -8.451431729570e-04   6.045063358350e-05 0.0   3.582054314230e-04   1.323725365510e-04 
5*0.0   1.483841090440e-03  -1.153588167730e-04 0.0  -7.202731675660e-04  -3.128508935840e-04 5*0.0  -8.122515167930e-04   5.773185282250e-05 0.0   3.431487528770e-04   1.260071352570e-04 
5*0.0   1.430354137820e-03  -1.105652042860e-04 0.0  -6.919674953490e-04  -2.994452023220e-04 5*0.0  -7.806164919760e-04   5.512800199610e-05 0.0   3.286893074810e-04   1.199095799690e-04 
5*0.0   1.378661683940e-03  -1.059605681730e-04 0.0  -6.647079284030e-04  -2.865739691490e-04 5*0.0  -7.501922636320e-04   5.263428360780e-05 0.0   3.148038964870e-04   1.140690492520e-04 
5*0.0   1.328709055450e-03  -1.015378286270e-04 0.0  -6.384580980880e-04  -2.742169584560e-04 5*0.0  -7.209345046410e-04   5.024609491100e-05 0.0   3.014701756700e-04   1.084751488980e-04 
5*0.0   1.280443040780e-03  -9.729016993470e-05 0.0  -6.131827931740e-04  -2.623546626840e-04 5*0.0  -6.928003537830e-04   4.795902047570e-05 0.0   2.886666269790e-04   1.031178960180e-04 
5*0.0   1.233811862860e-03  -9.321100292110e-05 0.0  -5.888479478420e-04  -2.509682721420e-04 5*0.0  -6.657483747460e-04   4.576882501360e-05 0.0   2.763725309990e-04   9.798770366030e-05 
5*0.0   1.188765120350e-03  -8.929397895440e-05 0.0  -5.654205812080e-04  -2.400396601620e-04 5*0.0  -6.397385159750e-04   4.367144645490e-05 0.0   2.645679401740e-04   9.307536595200e-05 
5*0.0   1.145253758740e-03  -8.553296663040e-05 0.0  -5.428687917240e-04  -2.295513543350e-04 5*0.0  -6.147320713720e-04   4.166298926860e-05 0.0   2.532336528080e-04   8.837204374260e-05 
5*0.0   1.103230085080e-03  -8.192206334950e-05 0.0  -5.211617058170e-04  -2.194865159780e-04 5*0.0  -5.906916418270e-04   3.973971801740e-05 0.0   2.423511877970e-04   8.386925073780e-05 
5*0.0   1.062647657450e-03  -7.845556639600e-05 0.0  -5.002694654580e-04  -2.098289190460e-04 5*0.0  -5.675810975900e-04   3.789805114280e-05 0.0   2.319027601030e-04   7.955884010570e-05 
5*0.0   1.023461354690e-03  -7.512798486030e-05 0.0  -4.801631810330e-04  -2.005629289680e-04 5*0.0  -5.453655414490e-04   3.613455496910e-05 0.0   2.218712569360e-04   7.543299154610e-05 
5*0.0   9.856272626660e-04  -7.193401431610e-05 0.0  -4.608149178680e-04  -1.916734824860e-04 5*0.0  -5.240112727440e-04   3.444593792350e-05 0.0   2.122402146360e-04   7.148419880780e-05 
5*0.0   9.491027036780e-04  -6.886855376770e-05 0.0  -4.421976572620e-04  -1.831460688030e-04 5*0.0  -5.034857521720e-04   3.282904496230e-05 0.0   2.029937962330e-04   6.770525763680e-05 
5*0.0   9.138461595230e-04  -6.592667271450e-05 0.0  -4.242852766740e-04  -1.749667099800e-04 5*0.0  -4.837575674000e-04   3.128085219810e-05 0.0   1.941167696810e-04   6.408925414870e-05 
5*0.0   8.798173095930e-04  -6.310363105710e-05 0.0  -4.070525173070e-04  -1.671219423030e-04 5*0.0  -4.647963994650e-04   2.979846172120e-05 0.0   1.855944867360e-04   6.062955360710e-05 
5*0.0   8.469769064240e-04  -6.039484764660e-05 0.0  -3.904749674330e-04  -1.595987998630e-04 5*0.0  -4.465729899560e-04   2.837909660930e-05 0.0   1.774128624770e-04   5.731978959960e-05 
5*0.0   8.152868796140e-04  -5.779592049270e-05 0.0  -3.745290229720e-04  -1.523847955110e-04 5*0.0  -4.290591089680e-04   2.702009611840e-05 0.0   1.695583554420e-04   5.415385359630e-05 
5*0.0   7.847101770430e-04  -5.530259713560e-05 0.0  -3.591918774510e-04  -1.454679062560e-04 5*0.0  -4.122275238130e-04   2.571891105020e-05 0.0   1.620179483750e-04   5.112588488130e-05 
5*0.0   7.552108369350e-04  -5.291078708300e-05 0.0  -3.444414874120e-04  -1.388365556710e-04 5*0.0  -3.960519684890e-04   2.447309928920e-05 0.0   1.547791295620e-04   4.823026084360e-05 
5*0.0   7.267538958130e-04  -5.061654364260e-05 0.0  -3.302565558700e-04  -1.324795985540e-04 5*0.0  -3.805071138860e-04   2.328032150510e-05 0.0   1.478298747450e-04   4.546158761820e-05 
5*0.0   6.993054464500e-04  -4.841607393950e-05 0.0  -3.166165059950e-04  -1.263863062820e-04 5*0.0  -3.655685387250e-04   2.213833701330e-05 0.0   1.411586296010e-04   4.281469106440e-05 
5*0.0   6.728324978150e-04  -4.630571326860e-05 0.0  -3.035014604160e-04  -1.205463518210e-04 5*0.0  -3.512127012150e-04   2.104499978990e-05 0.0   1.347542927660e-04   4.028460807340e-05 
5*0.0   6.473030652180e-04  -4.428194175110e-05 0.0  -2.908922195560e-04  -1.149497956080e-04 5*0.0  -3.374169114220e-04   1.999825463560e-05 0.0   1.286061993980e-04   3.786657819040e-05 
5*0.0   6.226860765370e-04  -4.234136591620e-05 0.0  -2.787702390560e-04  -1.095870725210e-04 5*0.0  -3.241593043350e-04   1.899613348200e-05 0.0   1.227041052590e-04   3.555603554670e-05 
5*0.0   5.989513690680e-04  -4.048071689380e-05 0.0  -2.671176141990e-04  -1.044489767740e-04 5*0.0  -3.114188136180e-04   1.803675183940e-05 0.0   1.170381713090e-04   3.334860108660e-05 
5*0.0   5.760696671260e-04  -3.869684869190e-05 0.0  -2.559170527880e-04  -9.952665180310e-05 5*0.0  -2.991751460410e-04   1.711830537520e-05 0.0   1.115989487880e-04   3.124007508240e-05 
5*0.0   5.540125763410e-04  -3.698673444830e-05 0.0  -2.451518636520e-04  -9.481157541610e-05 5*0.0  -2.874087565740e-04   1.623906662560e-05 0.0   1.063773647900e-04   2.922642992900e-05 
5*0.0   5.327525276220e-04  -3.534745718750e-05 0.0  -2.348059317950e-04  -9.029554911030e-05 5*0.0  -2.761008241350e-04   1.539738182970e-05 0.0   1.013647082960e-04   2.730380320480e-05 
5*0.0   5.122627893600e-04  -3.377621253680e-05 0.0  -2.248637037640e-04  -8.597068611300e-05 5*0.0  -2.652332279790e-04   1.459166788550e-05 0.0   9.655261667270e-05   2.546849099550e-05 
5*0.0   4.925174184790e-04  -3.227029854830e-05 0.0  -2.153101680470e-04  -8.182940039720e-05 5*0.0  -2.547885247220e-04   1.382040942340e-05 0.0   9.193306260740e-05   2.371694146800e-05 
5*0.0   4.734912614550e-04  -3.082711742680e-05 0.0  -2.061308383040e-04  -7.786439549380e-05 5*0.0  -2.447499259760e-04   1.308215599090e-05 0.0   8.749834148520e-05   2.204574868640e-05 
5*0.0   4.551599285250e-04  -2.944416826530e-05 0.0  -1.973117376050e-04  -7.406865431100e-05 5*0.0  -2.351012766020e-04   1.237551934760e-05 0.0   8.324105917720e-05   2.045164666650e-05 
5*0.0   4.374997691810e-04  -2.811904563160e-05 0.0  -1.888393812700e-04  -7.043542847390e-05 5*0.0  -2.258270335510e-04   1.169917086360e-05 0.0   7.915412024500e-05   1.893150365270e-05 
5*0.0   4.204878564060e-04  -2.684943529940e-05 0.0  -1.807007604700e-04  -6.695822928700e-05 5*0.0  -2.169122452930e-04   1.105183902060e-05 0.0   7.523071653870e-05   1.748231661840e-05 
5*0.0   4.041019590630e-04  -2.563311061830e-05 0.0  -1.728833285110e-04  -6.363081782990e-05 5*0.0  -2.083425318190e-04   1.043230701000e-05 0.0   7.146431618370e-05   1.610120597540e-05 
5*0.0   3.883205494350e-04  -2.446793128680e-05 0.0  -1.653749822920e-04  -6.044719571320e-05 5*0.0  -2.001040652060e-04   9.839410425710e-06 0.0   6.784865294080e-05   1.478541048940e-05 
5*0.0   3.731227501450e-04  -2.335183840750e-05 0.0  -1.581640530780e-04  -5.740159658150e-05 5*0.0  -1.921835507300e-04   9.272035046610e-06 0.0   6.437771593480e-05   1.353228239230e-05 
5*0.0   3.584883411910e-04  -2.228285146320e-05 0.0  -1.512392897030e-04  -5.448847716500e-05 5*0.0  -1.845682085240e-04   8.729114708930e-06 0.0   6.104573973310e-05   1.233928268620e-05 
5*0.0   3.443977371510e-04  -2.125906654610e-05 0.0  -1.445898422320e-04  -5.170250949510e-05 5*0.0  -1.772457557520e-04   8.209629261340e-06 0.0   5.784719477280e-05   1.120397662900e-05 
5*0.0   3.308319618190e-04  -2.027865455110e-05 0.0  -1.382052541070e-04  -4.903857260140e-05 5*0.0  -1.702043893150e-04   7.712602601820e-06 0.0   5.477677811850e-05   1.012402940110e-05 
5*0.0   3.177726402640e-04  -1.933985461920e-05 0.0  -1.320754442150e-04  -4.649174481020e-05 5*0.0  -1.634327690500e-04   7.237100793720e-06 0.0   5.182940454600e-05   9.097201939860e-06 
5*0.0   3.052019796890e-04  -1.844097633970e-05 0.0  -1.261906973820e-04  -4.405729676500e-05 5*0.0  -1.569200014310e-04   6.782230257390e-06 0.0   4.900019794020e-05   8.121346942030e-06 
5*0.0   2.931027557410e-04  -1.758039429140e-05 0.0  -1.205416520000e-04  -4.173068346250e-05 5*0.0  -1.506556237520e-04   6.347136033600e-06 0.0   4.628448299920e-05   7.194405023260e-06 
5*0.0   2.814582957740e-04  -1.675654641660e-05 0.0  -1.151192860970e-04  -3.950753803730e-05 5*0.0  -1.446295887800e-04   5.931000119190e-06 0.0   4.367777723240e-05   6.314401032990e-06 
5*0.0   2.702524551990e-04  -1.596793205550e-05 0.0  -1.099149084930e-04  -3.738366500020e-05 5*0.0  -1.388322498730e-04   5.533039868290e-06 0.0   4.117578324810e-05   5.479440516340e-06 
5*0.0   2.594696204060e-04  -1.521310829460e-05 0.0  -1.049201454250e-04  -3.535503342560e-05 5*0.0  -1.332543465510e-04   5.152506460460e-06 0.0   3.877438131770e-05   4.687706318950e-06 
5*0.0   2.490946749180e-04  -1.449069031570e-05 0.0  -1.001269325500e-04  -3.341777096260e-05 5*0.0  -1.278869905000e-04   4.788683430520e-06 0.0   3.646962221040e-05   3.937455329300e-06 
5*0.0   2.391130019240e-04  -1.379934718890e-05 0.0  -9.552750058140e-05  -3.156815782850e-05 5*0.0  -1.227216520200e-04   4.440885259160e-06 0.0   3.425772028960e-05   3.227015353480e-06 
5*0.0   2.295104599300e-04  -1.313780046250e-05 0.0  -9.111436909220e-05  -2.980262098590e-05 5*0.0  -1.177501468810e-04   4.108456021720e-06 0.0   3.213504686150e-05   2.554782117530e-06 
5*0.0   2.202733680560e-04  -1.250482215510e-05 0.0  -8.688033379300e-05  -2.811772872610e-05 5*0.0  -1.129646235920e-04   3.790768092500e-06 0.0   3.009812377020e-05   1.919216392640e-06 
5*0.0   2.113885003720e-04  -1.189923371600e-05 0.0  -8.281845899500e-05  -2.651018494090e-05 5*0.0  -1.083575510780e-04   3.487220903920e-06 0.0   2.814361722980e-05   1.318841238420e-06 
5*0.0   2.028430674200e-04  -1.131990186840e-05 0.0  -7.892206713620e-05  -2.497682416850e-05 5*0.0  -1.039217067350e-04   3.197239756250e-06 0.0   2.626833188640e-05   7.522393602070e-07 
5*0.0   1.946247095320e-04  -1.076574096390e-05 0.0  -7.518472990050e-05  -2.351460661050e-05 5*0.0  -9.965016487620e-05   2.920274678060e-06 0.0   2.446920510300e-05   2.180505757070e-07 
5*0.0   1.867214749410e-04  -1.023570687230e-05 0.0  -7.160026006550e-05  -2.212061328800e-05 5*0.0  -9.553628554510e-05   2.655799334200e-06 0.0   2.274330145970e-05  -2.850306122790e-07 
5*0.0   1.791218138300e-04  -9.728797197840e-06 0.0  -6.816270293910e-05  -2.079204115960e-05 5*0.0  -9.157370368650e-05   2.403309979920e-06 0.0   2.108780746230e-05  -7.582573433920e-07 
5*0.0   1.718145684850e-04  -9.244050929770e-06 0.0  -6.486632801880e-05  -1.952619896930e-05 5*0.0  -8.775631867620e-05   2.162324459420e-06 0.0   1.950002645260e-05  -1.202832627440e-06 
5*0.0   1.647889558740e-04  -8.780544899810e-06 0.0  -6.170562133480e-05  -1.832050268200e-05 5*0.0  -8.407828419040e-05   1.932381246820e-06 0.0   1.797737371370e-05  -1.619911480210e-06 
5*0.0   1.580345629610e-04  -8.337393690120e-06 0.0  -5.867527710130e-05  -1.717247148790e-05 5*0.0  -8.053399841010e-05   1.713038528170e-06 0.0   1.651737176320e-05  -2.010602968200e-06 
5*0.0   1.515413270400e-04  -7.913746844010e-06 0.0  -5.577019170630e-05  -1.607972367950e-05 5*0.0  -7.711809454930e-05   1.503873322710e-06 0.0   1.511764583020e-05  -2.375972167280e-06 
5*0.0   1.452995349660e-04  -7.508789367520e-06 0.0  -5.298545528060e-05  -1.503997279030e-05 5*0.0  -7.382543170270e-05   1.304480641970e-06 0.0   1.377591950670e-05  -2.717042037200e-06 
5*0.0   1.392998066000e-04  -7.121738629510e-06 0.0  -5.031634513420e-05  -1.405102398370e-05 5*0.0  -7.065108599870e-05   1.114472685010e-06 0.0   1.249001056950e-05  -3.034795217100e-06 
5*0.0   1.335330845400e-04  -6.751843914410e-06 0.0  -4.775831938840e-05  -1.311077030990e-05 5*0.0  -6.759034205340e-05   9.334780690010e-07 0.0   1.125782696790e-05  -3.330175743460e-06 
5*0.0   1.279906268000e-04  -6.398385349740e-06 0.0  -4.530701023330e-05  -1.221718932290e-05 5*0.0  -6.463868471640e-05   7.611410923950e-07 0.0   1.007736296760e-05  -3.604090694710e-06 
5*0.0   1.226639975070e-04  -6.060672210000e-06 0.0  -4.295821712090e-05  -1.136833991030e-05 5*0.0  -6.179179109850e-05   5.971210311500e-07 0.0   8.946695450410e-06  -3.857411764270e-06 
5*0.0   1.175450560020e-04  -5.738042442830e-06 0.0  -4.070790174220e-05  -1.056235875550e-05 5*0.0  -5.904552287660e-05   4.410914652410e-07 0.0   7.863980360540e-06  -4.090976766760e-06 
5*0.0   1.126259466460e-04  -5.429860882610e-06 0.0  -3.855218098810e-05  -9.797457576170e-06 5*0.0  -5.639591886460e-05   2.927396348990e-07 0.0   6.827449293390e-06  -4.305591077190e-06 
5*0.0   1.078990913700e-04  -5.135518277800e-06 0.0  -3.648732265600e-05  -9.071919983790e-06 5*0.0  -5.383918784620e-05   1.517658253020e-07 0.0   5.835406223370e-06  -4.502029009380e-06 
5*0.0   1.033571780880e-04  -4.854430570800e-06 0.0  -3.450973872180e-05  -8.384098707470e-06 5*0.0  -5.137170165810e-05   1.788277831570e-08 0.0   4.886224363210e-06  -4.681035132750e-06 
5*0.0   9.899316095530e-05  -4.586038049610e-06 0.0  -3.261598018270e-05  -7.732412783310e-06 5*0.0  -4.898998852030e-05  -1.091848691960e-07 0.0   3.978343152650e-06  -4.843325532170e-06 
5*0.0   9.480024033450e-05  -4.329803801640e-06 0.0  -3.080273274370e-05  -7.115345034770e-06 5*0.0  -4.669072660420e-05  -2.297011225360e-07 0.0   3.110265370190e-06  -4.989589012690e-06 
5*0.0   9.077186298080e-05  -4.085213316740e-06 0.0  -2.906681091570e-05  -6.531439340660e-06 5*0.0  -4.447073783050e-05  -3.439191420580e-07 0.0   2.280554363340e-06  -5.120488250100e-06 
5*0.0   8.690171152820e-05  -3.851773449800e-06 0.0  -2.740515367620e-05  -5.979298404440e-06 5*0.0  -4.232698189310e-05  -4.520817328460e-07 0.0   1.487831395160e-06  -5.236660892500e-06 
5*0.0   8.318369726030e-05  -3.629011390640e-06 0.0  -2.581481992880e-05  -5.457581189650e-06 5*0.0  -4.025655049930e-05  -5.544218127770e-07 0.0   7.307731001940e-07  -5.338720611440e-06 
5*0.0   7.961195225320e-05  -3.416474233590e-06 0.0  -2.429298350280e-05  -4.965000923900e-06 5*0.0  -3.825666182210e-05  -6.511628588990e-07 0.0   8.109047436090e-09  -5.427258107300e-06 
5*0.0   7.618082184550e-05  -3.213727696880e-06 0.0  -2.283692944580e-05  -4.500322616620e-06 5*0.0  -3.632465515580e-05  -7.425193341160e-07 0.0  -6.813805945100e-07  -5.502842069550e-06 
5*0.0   7.288485875090e-05  -3.020355701260e-06 0.0  -2.144404952220e-05  -4.062361222500e-06 5*0.0  -3.445798577080e-05  -8.286970938770e-07 0.0  -1.338867291970e-06  -5.566020095040e-06 
5*0.0   6.971881584320e-05  -2.835959674020e-06 0.0  -2.011183809980e-05  -3.649979535450e-06 5*0.0  -3.265421996030e-05  -9.098937746720e-07 0.0  -1.965476287810e-06  -5.617319563800e-06 
5*0.0   6.667764047890e-05  -2.660157809160e-06 0.0  -1.883788862510e-05  -3.262086182500e-06 5*0.0  -3.091103027380e-05  -9.862991648070e-07 0.0  -2.562288649890e-06  -5.657248476780e-06 
5*0.0   6.375646577620e-05  -2.492583947380e-06 0.0  -1.761988918260e-05  -2.897633954380e-06 5*0.0  -2.922619092960e-05  -1.058095557500e-06 0.0  -3.130343231680e-06  -5.686296255810e-06 
5*0.0   6.095060603690e-05  -2.332887599450e-06 0.0  -1.645561968390e-05  -2.555617828920e-06 5*0.0  -2.759757340360e-05  -1.125458088640e-06 0.0  -3.670638548730e-06  -5.704934507250e-06 
5*0.0   5.825555091730e-05  -2.180733087800e-06 0.0  -1.534294788390e-05  -2.235073406990e-06 5*0.0  -2.602314218580e-05  -1.188555058220e-06 0.0  -4.184134573240e-06  -5.713617751240e-06 
5*0.0   5.566695863340e-05  -2.035798442550e-06 0.0  -1.427982579010e-05  -1.935075182370e-06 5*0.0  -2.450095070140e-05  -1.247548236940e-06 0.0  -4.671754449940e-06  -5.712784118800e-06 
5*0.0   5.318065027110e-05  -1.897775899550e-06 0.0  -1.326428731510e-05  -1.654734965050e-06 5*0.0  -2.302913739140e-05  -1.302593158730e-06 0.0  -5.134386137810e-06  -5.702856016340e-06 
5*0.0   5.079260508960e-05  -1.766370109100e-06 0.0  -1.229444388550e-05  -1.393200437420e-06 5*0.0  -2.160592194280e-05  -1.353839399670e-06 0.0  -5.572883977690e-06  -5.684240760930e-06 
5*0.0   4.849895478400e-05  -1.641298471600e-06 0.0  -1.136848243320e-05  -1.149653602800e-06 5*0.0  -2.022960167070e-05  -1.401430843610e-06 0.0  -5.988070192210e-06  -5.657331186470e-06 
5*0.0   4.629597724660e-05  -1.522290290770e-06 0.0  -1.048466201100e-05  -9.233094246580e-07 5*0.0  -1.889854804290e-05  -1.445505935220e-06 0.0  -6.380736317330e-06  -5.622506222530e-06 
5*0.0   4.418009394800e-05  -1.409086404490e-06 0.0  -9.641310812420e-06  -7.134145228800e-07 5*0.0  -1.761120334160e-05  -1.486197921780e-06 0.0  -6.751644571210e-06  -5.580131446670e-06 
5*0.0   4.214786132690e-05  -1.301438523470e-06 0.0  -8.836824077540e-06  -5.192458332310e-07 5*0.0  -1.636607746060e-05  -1.523635082650e-06 0.0  -7.101529160320e-06  -5.530559611950e-06 
5*0.0   4.019596954890e-05  -1.199108870750e-06 0.0  -8.069660772170e-06  -3.401093637500e-07 5*0.0  -1.516174483100e-05  -1.557940948630e-06 0.0  -7.431097527140e-06  -5.474131150370e-06 
5*0.0   3.832123605810e-05  -1.101869899480e-06 0.0  -7.338341518520e-06  -1.753390505850e-07 5*0.0  -1.399684147260e-05  -1.589234510410e-06 0.0  -7.741031540920e-06  -5.411174653480e-06 
5*0.0   3.652060216310e-05  -1.009503654950e-06 0.0  -6.641445983540e-06  -2.429558193030e-08 5*0.0  -1.287006216560e-05  -1.617630417300e-06 0.0  -8.031988634100e-06  -5.342007331200e-06 
5*0.0   3.479112599770e-05  -9.218013303070e-07 0.0  -5.977610630040e-06   1.136346809810e-07 5*0.0  -1.178015773860e-05  -1.643239166700e-06 0.0  -8.304602887010e-06  -5.266935449200e-06 
5*0.0   3.312998207860e-05  -8.385631609740e-07 0.0  -5.345526311440e-06   2.390407452020e-07 5*0.0  -1.072593246980e-05  -1.666167283950e-06 0.0  -8.559486061390e-06  -5.186254747850e-06 
5*0.0   3.153445510920e-05  -7.595978901430e-07 0.0  -4.743936294260e-06   3.524880092820e-07 5*0.0  -9.706241596020e-06  -1.686517494160e-06 0.0  -8.797228587760e-06  -5.100250840270e-06 
5*0.0   3.000193563790e-05  -6.847222523060e-07 0.0  -4.171634056290e-06   4.545192465620e-07 5*0.0  -8.719988927410e-06  -1.704388885340e-06 0.0  -9.018400505210e-06  -5.009199593950e-06 
5*0.0   2.852991792420e-05  -6.137609014630e-07 0.0  -3.627461178320e-06   5.456554719450e-07 5*0.0  -7.766124562400e-06  -1.719877064020e-06 0.0  -9.223552358530e-06  -4.913367494080e-06 
5*0.0   2.711599354940e-05  -5.465457683080e-07 0.0  -3.110305706080e-06   6.263968822280e-07 5*0.0  -6.843642699830e-06  -1.733074303140e-06 0.0  -9.413216051560e-06  -4.813011991080e-06 
5*0.0   2.575785133520e-05  -4.829162788560e-07 0.0  -2.619099989720e-06   6.972237085530e-07 5*0.0  -5.951579546220e-06  -1.744069682870e-06 0.0  -9.587905662720e-06  -4.708381831770e-06 
5*0.0   2.445327080250e-05  -4.227183960760e-07 0.0  -2.152819006290e-06   7.585970082250e-07 5*0.0  -5.089011312190e-06  -1.752949224780e-06 0.0  -9.748118219460e-06  -4.599717376150e-06 
5*0.0   2.320012002450e-05  -3.658047192180e-07 0.0  -1.710478663060e-06   8.109594416020e-07 5*0.0  -4.255052296960e-06  -1.759796019160e-06 0.0  -9.894334437250e-06  -4.487250899970e-06 
5*0.0   2.199635307320e-05  -3.120342047260e-07 0.0  -1.291134092460e-06   8.547360598970e-07 5*0.0  -3.448853056370e-06  -1.764690346600e-06 0.0  -1.002701942260e-05  -4.371206883200e-06 
5*0.0   2.084000450260e-05  -2.612717610270e-07 0.0  -8.938780858980e-07   8.903349913190e-07 5*0.0  -2.669598651890e-06  -1.767709793280e-06 0.0  -1.014662334300e-05  -4.251802286080e-06 
5*0.0   1.972918962440e-05  -2.133878974370e-07 0.0  -5.178394531630e-07   9.181481521050e-07 5*0.0  -1.916506977610e-06  -1.768929361020e-06 0.0  -1.025358206340e-05  -4.129246812550e-06 
5*0.0   1.866209905200e-05  -1.682589238650e-07 0.0  -1.621817842100e-07   9.385518958030e-07 5*0.0  -1.188827162110e-06  -1.768421571560e-06 0.0  -1.034831775330e-05  -4.003743162410e-06 
5*0.0   1.763699582010e-05  -1.257661308720e-07 0.0   1.738981809490e-07   9.519076529140e-07 5*0.0  -4.858380421680e-07  -1.766256566380e-06 0.0  -1.043123946300e-05  -3.875487271730e-06 
5*0.0   1.665221472580e-05  -8.579610102190e-08 0.0   4.911718312660e-07   9.585625342180e-07 5*0.0   1.931532938060e-07  -1.762502200960e-06 0.0  -1.050274367290e-05  -3.744668543150e-06 
5*0.0   1.570615731080e-05  -4.823995204070e-08 0.0   7.903800601050e-07   9.588499111320e-07 5*0.0   8.488128962060e-07  -1.757224135060e-06 0.0  -1.056321481470e-05  -3.611470065750e-06 
5*0.0   1.479729040050e-05  -1.299361441280e-08 0.0   1.072234400190e-06   9.530899774620e-07 5*0.0   1.481781279680e-06  -1.750485918190e-06 0.0  -1.061302576820e-05  -3.476068825590e-06 
5*0.0   1.392414300870e-05   2.004274598020e-08 0.0   1.337418303340e-06   9.415902832970e-07 5*0.0   2.092674688130e-06  -1.742349071250e-06 0.0  -1.065253833230e-05  -3.338635906980e-06 
5*0.0   1.308530591720e-05   5.096446035540e-08 0.0   1.586588370200e-06   9.246462476750e-07 5*0.0   2.682086299620e-06  -1.732873163940e-06 0.0  -1.068210367390e-05  -3.199336685090e-06 
5*0.0   1.227942595890e-05   7.986316227520e-08 0.0   1.820375269750e-06   9.025416445010e-07 5*0.0   3.250587375120e-06  -1.722115888650e-06 0.0  -1.070206275380e-05  -3.058331010070e-06 
5*0.0   1.150520706160e-05   1.068262902840e-07 0.0   2.039385028520e-06   8.755490699930e-07 5*0.0   3.798728351890e-06  -1.710133130620e-06 0.0  -1.071274673160e-05  -2.915773383910e-06 
5*0.0   1.076140551240e-05   1.319378745200e-07 0.0   2.244199920520e-06   8.439303910900e-07 5*0.0   4.327039885400e-06  -1.696979034710e-06 0.0  -1.071447735010e-05  -2.771813129260e-06 
5*0.0   1.004682910290e-05   1.552783705400e-07 0.0   2.435379467010e-06   8.079372021100e-07 5*0.0   4.836033840480e-06  -1.682706069160e-06 0.0  -1.070756730090e-05  -2.626594551450e-06 
5*0.0   9.360335120240e-06   1.769246523090e-07 0.0   2.613461399170e-06   7.678111951400e-07 5*0.0   5.326204234470e-06  -1.667365085920e-06 0.0  -1.069232057130e-05  -2.480257093590e-06 
5*0.0   8.700828817250e-06   1.969505220110e-07 0.0   2.778962632900e-06   7.237845774480e-07 5*0.0   5.798028133920e-06  -1.651005378460e-06 0.0  -1.066903277390e-05  -2.332935485460e-06 
5*0.0   8.067260360390e-06   2.154267725460e-07 0.0   2.932380001550e-06   6.760804564250e-07 5*0.0   6.251966506980e-06  -1.633674736560e-06 0.0  -1.063799145960e-05  -2.184759886300e-06 
5*0.0   7.458622853410e-06   2.324210715960e-07 0.0   3.074191112130e-06   6.249131921580e-07 5*0.0   6.688465033870e-06  -1.615419498620e-06 0.0  -1.059947641460e-05  -2.035856021800e-06 
5*0.0   6.873952411370e-06   2.479984294000e-07 0.0   3.204855345650e-06   5.704887334040e-07 5*0.0   7.107954876270e-06  -1.596284601440e-06 0.0  -1.055375994260e-05  -1.886345315290e-06 
5*0.0   6.312324820630e-06   2.622209726640e-07 0.0   3.324814326800e-06   5.130049818060e-07 5*0.0   7.510853407380e-06  -1.576313627640e-06 0.0  -1.050110713300e-05  -1.736345014220e-06 
5*0.0   5.772854588010e-06   2.751483592080e-07 0.0   3.434492814410e-06   4.526520637660e-07 5*0.0   7.897564905670e-06  -1.555548850920e-06 0.0  -1.044177611410e-05  -1.585968311680e-06 
5*0.0   5.254692903860e-06   2.868378603040e-07 0.0   3.534299491910e-06   3.896126778070e-07 5*0.0   8.268481212010e-06  -1.534031279120e-06 0.0  -1.037601829580e-05  -1.435324462620e-06 
5*0.0   4.757026954700e-06   2.973441902720e-07 0.0   3.624627455390e-06   3.240623658300e-07 5*0.0   8.623982353500e-06  -1.511800695340e-06 0.0  -1.030407859810e-05  -1.284518896200e-06 
5*0.0   4.279077277940e-06   3.067199832510e-07 0.0   3.705854930700e-06   2.561697911310e-07 5*0.0   8.964437133660e-06  -1.488895697060e-06 0.0  -1.022619566850e-05  -1.133653323910e-06 
5*0.0   3.820097825640e-06   3.150155659880e-07 0.0   3.778345957120e-06   1.860970135070e-07 5*0.0   9.290203692810e-06  -1.465353733690e-06 0.0  -1.014260208880e-05  -9.828258430990e-07 
5*0.0   3.379373009860e-06   3.222793396160e-07 0.0   3.842450918040e-06   1.139997366970e-07 5*0.0   9.601630037160e-06  -1.441211142170e-06 0.0  -1.005352457140e-05  -8.321310374660e-07 
5*0.0   2.956217690360e-06   3.285576825570e-07 0.0   3.898507108070e-06   4.002756130640e-08 5*0.0   9.899054540600e-06  -1.416503181010e-06 0.0  -9.959184144900e-06  -6.816600732410e-07 
5*0.0   2.549975324110e-06   3.338950091800e-07 0.0   3.946839301610e-06  -3.567579179390e-08 5*0.0   1.018280641880e-05  -1.391264063030e-06 0.0  -9.859796331640e-06  -5.315007924680e-07 
5*0.0   2.160016327790e-06   3.383340802320e-07 0.0   3.987760244650e-06  -1.129722344000e-07 5*0.0   1.045320617740e-05  -1.365526986330e-06 0.0  -9.755571315040e-06  -3.817378026310e-07 
5*0.0   1.785738510440e-06   3.419157892680e-07 0.0   4.021571203140e-06  -1.917291249930e-07 5*0.0   1.071056603560e-05  -1.339324164060e-06 0.0  -9.646714099660e-06  -2.324525633340e-07 
5*0.0   1.426563965890e-06   3.446794699910e-07 0.0   4.048562360520e-06  -2.718190412810e-07 5*0.0   1.095519032600e-05  -1.312686852990e-06 0.0  -9.533424662560e-06  -8.372347016740e-08 
5*0.0   1.081939258800e-06   3.466628237600e-07 0.0   4.069013354040e-06  -3.531195930100e-07 5*0.0   1.118737587220e-05  -1.285645380630e-06 0.0  -9.415898097300e-06   6.437406447430e-08 
5*0.0   7.513337610200e-07   3.479021288180e-07 0.0   4.083193655930e-06  -4.355132289430e-07 5*0.0   1.140741234490e-05  -1.258229171450e-06 0.0  -9.294324751340e-06   2.117675331110e-07 
5*0.0   4.342399389340e-07   3.484320458250e-07 0.0   4.091363042000e-06  -5.188870537970e-07 5*0.0   1.161558259720e-05  -1.230466771670e-06 0.0  -9.168890355860e-06   3.583872573080e-07 
5*0.0   1.301697607170e-07   3.482860874610e-07 0.0   4.093771917060e-06  -6.031326623870e-07 5*0.0   1.181216298140e-05  -1.202385873550e-06 0.0  -9.039776150040e-06   5.041663143830e-07 
5*0.0  -1.613432196960e-07   3.474962684020e-07 0.0   4.090661767880e-06  -6.881459651610e-07 5*0.0   1.199742364660e-05  -1.174013338050e-06 0.0  -8.907158998890e-06   6.490404663540e-07 
5*0.0  -4.407464157520e-07   3.460933947560e-07 0.0   4.082265500930e-06  -7.738270354000e-07 5*0.0   1.217162881860e-05  -1.145375217100e-06 0.0  -8.771211505750e-06   7.929480910120e-07 
5*0.0  -7.084690957210e-07   3.441070597180e-07 0.0   4.068807795340e-06  -8.600799517530e-07 5*0.0   1.233503706400e-05  -1.116496774690e-06 0.0  -8.632102118910e-06   9.358301148540e-07 
5*0.0  -9.649226875260e-07   3.415657229690e-07 0.0   4.050505406490e-06  -9.468126571520e-07 5*0.0   1.248790153770e-05  -1.087402507350e-06 0.0  -8.489995234180e-06   1.077629948600e-06 
5*0.0  -1.210501184170e-06   3.384966815940e-07 0.0   4.027567541910e-06  -1.033936811080e-06 5*0.0   1.263047021560e-05  -1.058116163670e-06 0.0  -8.345051291690e-06   1.218293423730e-06 
5*0.0  -1.445583228540e-06   3.349262366550e-07 0.0   4.000196116260e-06  -1.121367663260e-06 5*0.0   1.276298611310e-05  -1.028660763080e-06 0.0  -8.197426868980e-06   1.357768731530e-06 
5*0.0  -1.670531548030e-06   3.308796198780e-07 0.0   3.968586087450e-06  -1.209023923670e-06 5*0.0   1.288568749000e-05  -9.990586143140e-07 0.0  -8.047274769600e-06   1.496006363320e-06 
5*0.0  -1.885694162410e-06   3.263811377040e-07 0.0   3.932925672160e-06  -1.296827629350e-06 5*0.0   1.299880804240e-05  -9.693313324920e-07 0.0  -7.894744107830e-06   1.632959052680e-06 
5*0.0  -2.091404872620e-06   3.214540994250e-07 0.0   3.893396683050e-06  -1.384704038910e-06 5*0.0   1.310257708310e-05  -9.394998564680e-07 0.0  -7.739980389770e-06   1.768581718940e-06 
5*0.0  -2.287984259630e-06   3.161209899100e-07 0.0   3.850174726310e-06  -1.472581514100e-06 5*0.0   1.319721970960e-05  -9.095844646930e-07 0.0  -7.583125590750e-06   1.902831412100e-06 
5*0.0  -2.475740055350e-06   3.104033870440e-07 0.0   3.803429493190e-06  -1.560391406610e-06 5*0.0   1.328295696170e-05  -8.796047913690e-07 0.0  -7.424318229840e-06   2.035667259600e-06 
5*0.0  -2.654967293480e-06   3.043220991480e-07 0.0   3.753324938800e-06  -1.648067958320e-06 5*0.0   1.336000596940e-05  -8.495798414110e-07 0.0  -7.263693440930e-06   2.167050413810e-06 
5*0.0  -2.825949650550e-06   2.978970728210e-07 0.0   3.700019547740e-06  -1.735548198210e-06 5*0.0   1.342858008990e-05  -8.195280052970e-07 0.0  -7.101383041220e-06   2.296944001220e-06 
5*0.0  -2.988959618520e-06   2.911475944590e-07 0.0   3.643666525180e-06  -1.822771849500e-06 5*0.0   1.348888903600e-05  -7.894670733280e-07 0.0  -6.937515596830e-06   2.425313072740e-06 
5*0.0  -3.144258681910e-06   2.840921552330e-07 0.0   3.584414002330e-06  -1.909681234910e-06 5*0.0   1.354113899650e-05  -7.594142494320e-07 0.0  -6.772216485980e-06   2.552124555050e-06 
5*0.0  -3.292098464910e-06   2.767485909290e-07 0.0   3.522405234280e-06  -1.996221183150e-06 5*0.0   1.358553274760e-05  -7.293861646360e-07 0.0  -6.605607960030e-06   2.677347203370e-06 
5*0.0  -3.432720626750e-06   2.691340530530e-07 0.0   3.457778778060e-06  -2.082338950670e-06 5*0.0   1.362226975670e-05  -6.993988900550e-07 0.0  -6.437809201670e-06   2.800951554890e-06 
5*0.0  -3.566357683820e-06   2.612650639640e-07 0.0   3.390668657930e-06  -2.167984139620e-06 5*0.0   1.365154627970e-05  -6.694679495140e-07 0.0  -6.268936381860e-06   2.922909883610e-06 
5*0.0  -3.693233112030e-06   2.531575260620e-07 0.0   3.321204562690e-06  -2.253108612830e-06 5*0.0   1.367355545050e-05  -6.396083318800e-07 0.0  -6.099102714350e-06   3.043196155960e-06 
5*0.0  -3.813562140520e-06   2.448267708410e-07 0.0   3.249511980130e-06  -2.337666418130e-06 5*0.0   1.368848736500e-05  -6.098345030420e-07 0.0  -5.928418508430e-06   3.161785987410e-06 
5*0.0  -3.927551818070e-06   2.362875508830e-07 0.0   3.175712367130e-06  -2.421613724600e-06 5*0.0   1.369652915900e-05  -5.801604175230e-07 0.0  -5.756991220120e-06   3.278656600040e-06 
5*0.0  -4.035401498400e-06   2.275540755390e-07 0.0   3.099923273870e-06  -2.504908742030e-06 5*0.0   1.369786507990e-05  -5.505995298270e-07 0.0  -5.584925501850e-06   3.393786780930e-06 
5*0.0  -4.137303206830e-06   2.186400442330e-07 0.0   3.022258504550e-06  -2.587511658810e-06 5*0.0   1.369267655390e-05  -5.211648055220e-07 0.0  -5.412323250410e-06   3.507156841470e-06 
5*0.0  -4.233441873790e-06   2.095586300710e-07 0.0   2.942828251380e-06  -2.669384575780e-06 5*0.0   1.368114224790e-05  -4.918687320230e-07 0.0  -5.239283653930e-06   3.618748577480e-06 
5*0.0  -4.323996029430e-06   2.003225449520e-07 0.0   2.861739197100e-06  -2.750491442460e-06 5*0.0   1.366343812700e-05  -4.627233291080e-07 0.0  -5.065903237170e-06   3.728545229980e-06 
5*0.0  -4.409137486620e-06   1.909440425280e-07 0.0   2.779094665360e-06  -2.830797997240e-06 5*0.0   1.363973750750e-05  -4.337401593130e-07 0.0  -4.892275905970e-06   3.836531447020e-06 
5*0.0  -4.489032254700e-06   1.814349066500e-07 0.0   2.694994725150e-06  -2.910271711880e-06 5*0.0   1.361021110640e-05  -4.049303377860e-07 0.0  -4.718492990430e-06   3.942693245970e-06 
5*0.0  -4.563840320550e-06   1.718064973010e-07 0.0   2.609536293980e-06  -2.988881729850e-06 5*0.0   1.357502708650e-05  -3.763045423550e-07 0.0  -4.544643287060e-06   4.047017976630e-06 
5*0.0  -4.633716352830e-06   1.620697805370e-07 0.0   2.522813255390e-06  -3.066598818130e-06 5*0.0   1.353435109910e-05  -3.478730230420e-07 0.0  -4.370813100010e-06   4.149494285090e-06 
5*0.0  -4.698809745380e-06   1.522353154650e-07 0.0   2.434916555390e-06  -3.143395311460e-06 5*0.0   1.348834632220e-05  -3.196456114990e-07 0.0  -4.197086281560e-06   4.250112078270e-06 
5*0.0  -4.759264654430e-06   1.423132590850e-07 0.0   2.345934303130e-06  -3.219245062220e-06 5*0.0   1.343717349730e-05  -2.916317303020e-07 0.0  -4.023544271420e-06   4.348862489040e-06 
5*0.0  -4.815220642330e-06   1.323134099840e-07 0.0   2.255951847310e-06  -3.294123393860e-06 5*0.0   1.338099096160e-05  -2.638404018920e-07 0.0  -3.850266135700e-06   4.445737841920e-06 
5*0.0  -4.866812557700e-06   1.222452139590e-07 0.0   2.165051896210e-06  -3.368007052380e-06 5*0.0   1.331995468000e-05  -2.362802576380e-07 0.0  -3.677328604890e-06   4.540731619750e-06 
5*0.0  -4.914171098370e-06   1.121177709720e-07 0.0   2.073314559840e-06  -3.440874161190e-06 5*0.0   1.325421827230e-05  -2.089595463750e-07 0.0  -3.504806111150e-06   4.633838430470e-06 
5*0.0  -4.957422536670e-06   1.019398423940e-07 0.0   1.980817478840e-06  -3.512704178900e-06 5*0.0   1.318393304070e-05  -1.818861430920e-07 0.0  -3.332770825190e-06   4.725053974890e-06 
5*0.0  -4.996689397300e-06   9.171987785000e-08 0.0   1.887635856900e-06  -3.583477854210e-06 5*0.0   1.310924799350e-05  -1.550675572600e-07 0.0  -3.161292692500e-06   4.814375014990e-06 
5*0.0  -5.032090247420e-06   8.146600720670e-08 0.0   1.793842562820e-06  -3.653177188940e-06 5*0.0   1.303030986780e-05  -1.285109410700e-07 0.0  -2.990439468830e-06   4.901799342480e-06 
5*0.0  -5.063740077530e-06   7.118606832620e-08 0.0   1.699508191730e-06  -3.721785388170e-06 5*0.0   1.294726315110e-05  -1.022230976410e-07 0.0  -2.820276755580e-06   4.987325748380e-06 
