 0.10  100
 0.0000 -0.1894   -0.4958, 0.0 3*0.0 0.0 3.0 2.0 T F 
30.007, -0.236728 +1.591662 -3.568493 +3.681758 -1.746684 +0.309711 0.  0., 5.0, 5.0, 9*0.0,                            
   0.00000   0.00000   0.00000   0.00000   0.00000   0.00000   0.00000   0.00000   0.00000   0.00000   0.00000   0.00000   0.00000   0.00000   0.00000   0.00000   0.00000   0.00000   0.00000   0.00000
   0.00000   0.00000   0.00000   0.00000   0.00000   0.00000   0.00000   0.00000   0.00000   0.00000   0.00000   0.00000   0.00000   0.00000   0.00000   0.00000   0.00000   0.00000   0.00000   0.00000
   0.00000   0.00000   0.00000   0.00000   0.00000   0.00000   0.00000   0.00000   0.00000   0.00000   0.00000   0.00000   0.00000   0.00000   0.00000   0.00000   0.00000   0.00000   0.00000   0.00000
   0.00000   0.00000   0.00000   0.00000   0.00000  -0.17363  -1.14554   0.00000  -0.38993  -1.34809   0.00000   0.00000   0.00000   0.00000   0.00000   0.85594   0.94474   0.00000   0.15915   0.93089
   0.00000   0.00000   0.00000   0.00000   0.00000  -0.03804  -0.93481   0.00000  -0.47770  -1.25599   0.00000   0.00000   0.00000   0.00000   0.00000   0.80474   0.92185   0.00000   0.19248   0.90355
   0.00000   0.00000   0.00000   0.00000   0.00000  -0.03139  -0.78352   0.00000  -0.46366  -1.13550   0.00000   0.00000   0.00000   0.00000   0.00000   0.75439   0.89812   0.00000   0.22021   0.87327
   0.00000   0.00000   0.00000   0.00000   0.00000  -0.08710  -0.67962   0.00000  -0.39814  -1.00077   0.00000   0.00000   0.00000   0.00000   0.00000   0.70453   0.87403   0.00000   0.24334   0.84115
   0.00000   0.00000   0.00000   0.00000   0.00000  -0.15987  -0.61009   0.00000  -0.31919  -0.87137   0.00000   0.00000   0.00000   0.00000   0.00000   0.65409   0.84970   0.00000   0.26331   0.80855
   0.00000   0.00000   0.00000   0.00000   0.00000  -0.22382  -0.56378   0.00000  -0.24931  -0.76033   0.00000   0.00000   0.00000   0.00000   0.00000   0.60195   0.82509   0.00000   0.28152   0.77665
   0.00000   0.00000   0.00000   0.00000   0.00000  -0.26698  -0.53214   0.00000  -0.19876  -0.67301   0.00000   0.00000   0.00000   0.00000   0.00000   0.54732   0.80007   0.00000   0.29904   0.74633
   0.00000   0.00000   0.00000   0.00000   0.00000  -0.28608  -0.50908   0.00000  -0.16994  -0.60928   0.00000   0.00000   0.00000   0.00000   0.00000   0.48984   0.77450   0.00000   0.31653   0.71807
   0.00000   0.00000   0.00000   0.00000   0.00000  -0.28272  -0.49050   0.00000  -0.16084  -0.56594   0.00000   0.00000   0.00000   0.00000   0.00000   0.42957   0.74828   0.00000   0.33428   0.69202
   0.00000   0.00000   0.00000   0.00000   0.00000  -0.26084  -0.47378   0.00000  -0.16750  -0.53854   0.00000   0.00000   0.00000   0.00000   0.00000   0.36690   0.72137   0.00000   0.35227   0.66807
   0.00000   0.00000   0.00000   0.00000   0.00000  -0.22512  -0.45736   0.00000  -0.18538  -0.52251   0.00000   0.00000   0.00000   0.00000   0.00000   0.30250   0.69376   0.00000   0.37026   0.64595
   0.00000   0.00000   0.00000   0.00000   0.00000  -0.18019  -0.44042   0.00000  -0.21024  -0.51379   0.00000   0.00000   0.00000   0.00000   0.00000   0.23719   0.66550   0.00000   0.38787   0.62528
   0.00000   0.00000   0.00000   0.00000   0.00000  -0.13007  -0.42261   0.00000  -0.23846  -0.50907   0.00000   0.00000   0.00000   0.00000   0.00000   0.17185   0.63669   0.00000   0.40466   0.60565
   0.00000   0.00000   0.00000   0.00000   0.00000  -0.07810  -0.40387   0.00000  -0.26722  -0.50583   0.00000   0.00000   0.00000   0.00000   0.00000   0.10741   0.60744   0.00000   0.42019   0.58668
   0.00000   0.00000   0.00000   0.00000   0.00000  -0.02683  -0.38434   0.00000  -0.29442  -0.50231   0.00000   0.00000   0.00000   0.00000   0.00000   0.04472   0.57791   0.00000   0.43402   0.56802
   0.00000   0.00000   0.00000   0.00000   0.00000   0.02186  -0.36423   0.00000  -0.31864  -0.49736   0.00000   0.00000   0.00000   0.00000   0.00000  -0.01541   0.54825   0.00000   0.44580   0.54937
   0.00000   0.00000   0.00000   0.00000   0.00000   0.06670  -0.34379   0.00000  -0.33903  -0.49033   0.00000   0.00000   0.00000   0.00000   0.00000  -0.07228   0.51863   0.00000   0.45524   0.53052
   0.00000   0.00000   0.00000   0.00000   0.00000   0.10693  -0.32326   0.00000  -0.35513  -0.48093   0.00000   0.00000   0.00000   0.00000   0.00000  -0.12531   0.48922   0.00000   0.46213   0.51132
   0.00000   0.00000   0.00000   0.00000   0.00000   0.14213  -0.30289   0.00000  -0.36684  -0.46915   0.00000   0.00000   0.00000   0.00000   0.00000  -0.17400   0.46016   0.00000   0.46636   0.49170
   0.00000   0.00000   0.00000   0.00000   0.00000   0.17219  -0.28287   0.00000  -0.37426  -0.45514   0.00000   0.00000   0.00000   0.00000   0.00000  -0.21803   0.43161   0.00000   0.46787   0.47162
   0.00000   0.00000   0.00000   0.00000   0.00000   0.19722  -0.26337   0.00000  -0.37766  -0.43917   0.00000   0.00000   0.00000   0.00000   0.00000  -0.25713   0.40371   0.00000   0.46668   0.45111
   0.00000   0.00000   0.00000   0.00000   0.00000   0.21745  -0.24453   0.00000  -0.37740  -0.42156   0.00000   0.00000   0.00000   0.00000   0.00000  -0.29120   0.37658   0.00000   0.46289   0.43024
   0.00000   0.00000   0.00000   0.00000   0.00000   0.23321  -0.22644   0.00000  -0.37388  -0.40266   0.00000   0.00000   0.00000   0.00000   0.00000  -0.32021   0.35032   0.00000   0.45663   0.40909
   0.00000   0.00000   0.00000   0.00000   0.00000   0.24489  -0.20919   0.00000  -0.36756  -0.38282   0.00000   0.00000   0.00000   0.00000   0.00000  -0.34421   0.32503   0.00000   0.44809   0.38778
   0.00000   0.00000   0.00000   0.00000   0.00000   0.25290  -0.19282   0.00000  -0.35885  -0.36237   0.00000   0.00000   0.00000   0.00000   0.00000  -0.36336   0.30077   0.00000   0.43748   0.36642
   0.00000   0.00000   0.00000   0.00000   0.00000   0.25765  -0.17736   0.00000  -0.34817  -0.34159   0.00000   0.00000   0.00000   0.00000   0.00000  -0.37786   0.27761   0.00000   0.42503   0.34515
   0.00000   0.00000   0.00000   0.00000   0.00000   0.25957  -0.16282   0.00000  -0.33591  -0.32077   0.00000   0.00000   0.00000   0.00000   0.00000  -0.38799   0.25558   0.00000   0.41099   0.32410
   0.00000   0.00000   0.00000   0.00000   0.00000   0.25902  -0.14920   0.00000  -0.32241  -0.30012   0.00000   0.00000   0.00000   0.00000   0.00000  -0.39403   0.23471   0.00000   0.39560   0.30338
   0.00000   0.00000   0.00000   0.00000   0.00000   0.25638  -0.13648   0.00000  -0.30802  -0.27984   0.00000   0.00000   0.00000   0.00000   0.00000  -0.39633   0.21502   0.00000   0.37913   0.28310
   0.00000   0.00000   0.00000   0.00000   0.00000   0.25198  -0.12463   0.00000  -0.29299  -0.26008   0.00000   0.00000   0.00000   0.00000   0.00000  -0.39524   0.19650   0.00000   0.36181   0.26336
   0.00000   0.00000   0.00000   0.00000   0.00000   0.24612  -0.11364   0.00000  -0.27759  -0.24099   0.00000   0.00000   0.00000   0.00000   0.00000  -0.39112   0.17915   0.00000   0.34388   0.24426
   0.00000   0.00000   0.00000   0.00000   0.00000   0.23907  -0.10346   0.00000  -0.26203  -0.22264   0.00000   0.00000   0.00000   0.00000   0.00000  -0.38434   0.16295   0.00000   0.32556   0.22587
   0.00000   0.00000   0.00000   0.00000   0.00000   0.23109  -0.09405   0.00000  -0.24648  -0.20513   0.00000   0.00000   0.00000   0.00000   0.00000  -0.37526   0.14786   0.00000   0.30704   0.20825
   0.00000   0.00000   0.00000   0.00000   0.00000   0.22238  -0.08538   0.00000  -0.23111  -0.18850   0.00000   0.00000   0.00000   0.00000   0.00000  -0.36423   0.13387   0.00000   0.28851   0.19144
   0.00000   0.00000   0.00000   0.00000   0.00000   0.21313  -0.07740   0.00000  -0.21604  -0.17278   0.00000   0.00000   0.00000   0.00000   0.00000  -0.35158   0.12093   0.00000   0.27013   0.17548
   0.00000   0.00000   0.00000   0.00000   0.00000   0.20352  -0.07008   0.00000  -0.20138  -0.15799   0.00000   0.00000   0.00000   0.00000   0.00000  -0.33763   0.10899   0.00000   0.25205   0.16039
   0.00000   0.00000   0.00000   0.00000   0.00000   0.19367  -0.06336   0.00000  -0.18720  -0.14414   0.00000   0.00000   0.00000   0.00000   0.00000  -0.32266   0.09801   0.00000   0.23438   0.14619
   0.00000   0.00000   0.00000   0.00000   0.00000   0.18371  -0.05721   0.00000  -0.17357  -0.13120   0.00000   0.00000   0.00000   0.00000   0.00000  -0.30695   0.08794   0.00000   0.21723   0.13288
   0.00000   0.00000   0.00000   0.00000   0.00000   0.17375  -0.05159   0.00000  -0.16053  -0.11917   0.00000   0.00000   0.00000   0.00000   0.00000  -0.29075   0.07873   0.00000   0.20069   0.12044
   0.00000   0.00000   0.00000   0.00000   0.00000   0.16387  -0.04647   0.00000  -0.14812  -0.10801   0.00000   0.00000   0.00000   0.00000   0.00000  -0.27427   0.07033   0.00000   0.18482   0.10887
   0.00000   0.00000   0.00000   0.00000   0.00000   0.15414  -0.04180   0.00000  -0.13636  -0.09770   0.00000   0.00000   0.00000   0.00000   0.00000  -0.25770   0.06268   0.00000   0.16968   0.09815
   0.00000   0.00000   0.00000   0.00000   0.00000   0.14463  -0.03755   0.00000  -0.12526  -0.08820   0.00000   0.00000   0.00000   0.00000   0.00000  -0.24121   0.05575   0.00000   0.15530   0.08824
   0.00000   0.00000   0.00000   0.00000   0.00000   0.13538  -0.03369   0.00000  -0.11482  -0.07946   0.00000   0.00000   0.00000   0.00000   0.00000  -0.22496   0.04947   0.00000   0.14171   0.07912
   0.00000   0.00000   0.00000   0.00000   0.00000   0.12643  -0.03019   0.00000  -0.10503  -0.07146   0.00000   0.00000   0.00000   0.00000   0.00000  -0.20905   0.04380   0.00000   0.12893   0.07075
   0.00000   0.00000   0.00000   0.00000   0.00000   0.11780  -0.02702   0.00000  -0.09588  -0.06414   0.00000   0.00000   0.00000   0.00000   0.00000  -0.19361   0.03869   0.00000   0.11695   0.06310
   0.00000   0.00000   0.00000   0.00000   0.00000   0.10953  -0.02415   0.00000  -0.08735  -0.05746   0.00000   0.00000   0.00000   0.00000   0.00000  -0.17871   0.03411   0.00000   0.10577   0.05613
   0.00000   0.00000   0.00000   0.00000   0.00000   0.10163  -0.02155   0.00000  -0.07943  -0.05139   0.00000   0.00000   0.00000   0.00000   0.00000  -0.16441   0.02999   0.00000   0.09538   0.04980
   0.00000   0.00000   0.00000   0.00000   0.00000   0.09410  -0.01921   0.00000  -0.07209  -0.04587   0.00000   0.00000   0.00000   0.00000   0.00000  -0.15077   0.02632   0.00000   0.08576   0.04406
   0.00000   0.00000   0.00000   0.00000   0.00000   0.08695  -0.01710   0.00000  -0.06530  -0.04087   0.00000   0.00000   0.00000   0.00000   0.00000  -0.13783   0.02304   0.00000   0.07688   0.03889
   0.00000   0.00000   0.00000   0.00000   0.00000   0.08019  -0.01520   0.00000  -0.05904  -0.03636   0.00000   0.00000   0.00000   0.00000   0.00000  -0.12560   0.02012   0.00000   0.06872   0.03423
   0.00000   0.00000   0.00000   0.00000   0.00000   0.07381  -0.01350   0.00000  -0.05329  -0.03228   0.00000   0.00000   0.00000   0.00000   0.00000  -0.11410   0.01753   0.00000   0.06124   0.03005
   0.00000   0.00000   0.00000   0.00000   0.00000   0.06781  -0.01196   0.00000  -0.04800  -0.02861   0.00000   0.00000   0.00000   0.00000   0.00000  -0.10333   0.01523   0.00000   0.05442   0.02631
   0.00000   0.00000   0.00000   0.00000   0.00000   0.06217  -0.01059   0.00000  -0.04316  -0.02531   0.00000   0.00000   0.00000   0.00000   0.00000  -0.09329   0.01321   0.00000   0.04821   0.02299
   0.00000   0.00000   0.00000   0.00000   0.00000   0.05689  -0.00936   0.00000  -0.03873  -0.02236   0.00000   0.00000   0.00000   0.00000   0.00000  -0.08397   0.01142   0.00000   0.04257   0.02003
   0.00000   0.00000   0.00000   0.00000   0.00000   0.05196  -0.00826   0.00000  -0.03470  -0.01971   0.00000   0.00000   0.00000   0.00000   0.00000  -0.07534   0.00985   0.00000   0.03748   0.01741
   0.00000   0.00000   0.00000   0.00000   0.00000   0.04737  -0.00728   0.00000  -0.03102  -0.01735   0.00000   0.00000   0.00000   0.00000   0.00000  -0.06738   0.00848   0.00000   0.03290   0.01510
   0.00000   0.00000   0.00000   0.00000   0.00000   0.04310  -0.00641   0.00000  -0.02768  -0.01524   0.00000   0.00000   0.00000   0.00000   0.00000  -0.06007   0.00727   0.00000   0.02878   0.01307
   0.00000   0.00000   0.00000   0.00000   0.00000   0.03914  -0.00563   0.00000  -0.02466  -0.01337   0.00000   0.00000   0.00000   0.00000   0.00000  -0.05339   0.00622   0.00000   0.02510   0.01129
   0.00000   0.00000   0.00000   0.00000   0.00000   0.03547  -0.00493   0.00000  -0.02192  -0.01171   0.00000   0.00000   0.00000   0.00000   0.00000  -0.04728   0.00531   0.00000   0.02181   0.00973
   0.00000   0.00000   0.00000   0.00000   0.00000   0.03209  -0.00432   0.00000  -0.01945  -0.01024   0.00000   0.00000   0.00000   0.00000   0.00000  -0.04174   0.00452   0.00000   0.01889   0.00838
   0.00000   0.00000   0.00000   0.00000   0.00000   0.02897  -0.00378   0.00000  -0.01722  -0.00894   0.00000   0.00000   0.00000   0.00000   0.00000  -0.03671   0.00384   0.00000   0.01631   0.00721
   0.00000   0.00000   0.00000   0.00000   0.00000   0.02609  -0.00330   0.00000  -0.01522  -0.00779   0.00000   0.00000   0.00000   0.00000   0.00000  -0.03217   0.00325   0.00000   0.01403   0.00619
   0.00000   0.00000   0.00000   0.00000   0.00000   0.02346  -0.00287   0.00000  -0.01342  -0.00678   0.00000   0.00000   0.00000   0.00000   0.00000  -0.02809   0.00275   0.00000   0.01203   0.00532
   0.00000   0.00000   0.00000   0.00000   0.00000   0.02105  -0.00250   0.00000  -0.01181  -0.00589   0.00000   0.00000   0.00000   0.00000   0.00000  -0.02443   0.00231   0.00000   0.01028   0.00457
   0.00000   0.00000   0.00000   0.00000   0.00000   0.01884  -0.00217   0.00000  -0.01037  -0.00511   0.00000   0.00000   0.00000   0.00000   0.00000  -0.02116   0.00195   0.00000   0.00875   0.00394
   0.00000   0.00000   0.00000   0.00000   0.00000   0.01683  -0.00188   0.00000  -0.00909  -0.00443   0.00000   0.00000   0.00000   0.00000   0.00000  -0.01825   0.00163   0.00000   0.00743   0.00340
   0.00000   0.00000   0.00000   0.00000   0.00000   0.01500  -0.00162   0.00000  -0.00795  -0.00384   0.00000   0.00000   0.00000   0.00000   0.00000  -0.01567   0.00137   0.00000   0.00628   0.00294
   0.00000   0.00000   0.00000   0.00000   0.00000   0.01334  -0.00140   0.00000  -0.00694  -0.00332   0.00000   0.00000   0.00000   0.00000   0.00000  -0.01339   0.00114   0.00000   0.00530   0.00255
   0.00000   0.00000   0.00000   0.00000   0.00000   0.01183  -0.00121   0.00000  -0.00604  -0.00287   0.00000   0.00000   0.00000   0.00000   0.00000  -0.01138   0.00096   0.00000   0.00446   0.00223
   0.00000   0.00000   0.00000   0.00000   0.00000   0.01047  -0.00104   0.00000  -0.00525  -0.00248   0.00000   0.00000   0.00000   0.00000   0.00000  -0.00962   0.00080   0.00000   0.00374   0.00196
   0.00000   0.00000   0.00000   0.00000   0.00000   0.00924  -0.00089   0.00000  -0.00455  -0.00215   0.00000   0.00000   0.00000   0.00000   0.00000  -0.00809   0.00067   0.00000   0.00314   0.00173
   0.00000   0.00000   0.00000   0.00000   0.00000   0.00814  -0.00076   0.00000  -0.00394  -0.00186   0.00000   0.00000   0.00000   0.00000   0.00000  -0.00676   0.00056   0.00000   0.00263   0.00154
   0.00000   0.00000   0.00000   0.00000   0.00000   0.00715  -0.00065   0.00000  -0.00340  -0.00161   0.00000   0.00000   0.00000   0.00000   0.00000  -0.00560   0.00047   0.00000   0.00220   0.00139
   0.00000   0.00000   0.00000   0.00000   0.00000   0.00626  -0.00056   0.00000  -0.00293  -0.00139   0.00000   0.00000   0.00000   0.00000   0.00000  -0.00461   0.00040   0.00000   0.00185   0.00126
   0.00000   0.00000   0.00000   0.00000   0.00000   0.00547  -0.00047   0.00000  -0.00252  -0.00121   0.00000   0.00000   0.00000   0.00000   0.00000  -0.00377   0.00034   0.00000   0.00157   0.00115
   0.00000   0.00000   0.00000   0.00000   0.00000   0.00476  -0.00040   0.00000  -0.00216  -0.00105   0.00000   0.00000   0.00000   0.00000   0.00000  -0.00305   0.00029   0.00000   0.00133   0.00107
   0.00000   0.00000   0.00000   0.00000   0.00000   0.00413  -0.00034   0.00000  -0.00186  -0.00092   0.00000   0.00000   0.00000   0.00000   0.00000  -0.00245   0.00026   0.00000   0.00115   0.00099
   0.00000   0.00000   0.00000   0.00000   0.00000   0.00358  -0.00029   0.00000  -0.00159  -0.00080   0.00000   0.00000   0.00000   0.00000   0.00000  -0.00194   0.00023   0.00000   0.00100   0.00093
   0.00000   0.00000   0.00000   0.00000   0.00000   0.00308  -0.00025   0.00000  -0.00136  -0.00071   0.00000   0.00000   0.00000   0.00000   0.00000  -0.00152   0.00020   0.00000   0.00088   0.00088
   0.00000   0.00000   0.00000   0.00000   0.00000   0.00265  -0.00021   0.00000  -0.00117  -0.00062   0.00000   0.00000   0.00000   0.00000   0.00000  -0.00118   0.00018   0.00000   0.00079   0.00083
   0.00000   0.00000   0.00000   0.00000   0.00000   0.00227  -0.00018   0.00000  -0.00100  -0.00055   0.00000   0.00000   0.00000   0.00000   0.00000  -0.00090   0.00017   0.00000   0.00073   0.00080
   0.00000   0.00000   0.00000   0.00000   0.00000   0.00194  -0.00015   0.00000  -0.00085  -0.00049   0.00000   0.00000   0.00000   0.00000   0.00000  -0.00068   0.00016   0.00000   0.00068   0.00076
   0.00000   0.00000   0.00000   0.00000   0.00000   0.00165  -0.00013   0.00000  -0.00073  -0.00044   0.00000   0.00000   0.00000   0.00000   0.00000  -0.00051   0.00015   0.00000   0.00064   0.00073
   0.00000   0.00000   0.00000   0.00000   0.00000   0.00140  -0.00011   0.00000  -0.00063  -0.00040   0.00000   0.00000   0.00000   0.00000   0.00000  -0.00038   0.00014   0.00000   0.00062   0.00070
   0.00000   0.00000   0.00000   0.00000   0.00000   0.00118  -0.00009   0.00000  -0.00055  -0.00036   0.00000   0.00000   0.00000   0.00000   0.00000  -0.00028   0.00014   0.00000   0.00061   0.00067
   0.00000   0.00000   0.00000   0.00000   0.00000   0.00099  -0.00008   0.00000  -0.00047  -0.00033   0.00000   0.00000   0.00000   0.00000   0.00000  -0.00021   0.00013   0.00000   0.00060   0.00064
   0.00000   0.00000   0.00000   0.00000   0.00000   0.00083  -0.00007   0.00000  -0.00042  -0.00030   0.00000   0.00000   0.00000   0.00000   0.00000  -0.00017   0.00013   0.00000   0.00060   0.00061
   0.00000   0.00000   0.00000   0.00000   0.00000   0.00069  -0.00006   0.00000  -0.00037  -0.00028   0.00000   0.00000   0.00000   0.00000   0.00000  -0.00014   0.00013   0.00000   0.00060   0.00058
   0.00000   0.00000   0.00000   0.00000   0.00000   0.00057  -0.00005   0.00000  -0.00033  -0.00025   0.00000   0.00000   0.00000   0.00000   0.00000  -0.00013   0.00012   0.00000   0.00060   0.00055
   0.00000   0.00000   0.00000   0.00000   0.00000   0.00048  -0.00005   0.00000  -0.00029  -0.00023   0.00000   0.00000   0.00000   0.00000   0.00000  -0.00013   0.00012   0.00000   0.00060   0.00052
   0.00000   0.00000   0.00000   0.00000   0.00000   0.00039  -0.00004   0.00000  -0.00026  -0.00022   0.00000   0.00000   0.00000   0.00000   0.00000  -0.00015   0.00012   0.00000   0.00060   0.00049
   0.00000   0.00000   0.00000   0.00000   0.00000   0.00033  -0.00004   0.00000  -0.00024  -0.00020   0.00000   0.00000   0.00000   0.00000   0.00000  -0.00017   0.00011   0.00000   0.00060   0.00046
   0.00000   0.00000   0.00000   0.00000   0.00000   0.00027  -0.00003   0.00000  -0.00022  -0.00018   0.00000   0.00000   0.00000   0.00000   0.00000  -0.00019   0.00011   0.00000   0.00060   0.00042
   0.00000   0.00000   0.00000   0.00000   0.00000   0.00022  -0.00003   0.00000  -0.00021  -0.00017   0.00000   0.00000   0.00000   0.00000   0.00000  -0.00022   0.00011   0.00000   0.00060   0.00039
   0.00000   0.00000   0.00000   0.00000   0.00000   0.00019  -0.00003   0.00000  -0.00020  -0.00015   0.00000   0.00000   0.00000   0.00000   0.00000  -0.00025   0.00011   0.00000   0.00059   0.00036
   0.00000   0.00000   0.00000   0.00000   0.00000   0.00016  -0.00003   0.00000  -0.00019  -0.00014   0.00000   0.00000   0.00000   0.00000   0.00000  -0.00028   0.00010   0.00000   0.00059   0.00032
