0.02, 500,
0.0, +0.018868 -0.004407 -0.004275 +0.001923 4*0.0 5.2 4.0, 9*0.0, 
20*0.0,
20*0.0,
20*0.0,
20*0.0,
20*0.0,
20*0.0,
20*0.0,
20*0.0,
20*0.0,
20*0.0,
20*0.0,
20*0.0,
20*0.0,
20*0.0,
20*0.0,
20*0.0,
20*0.0,
20*0.0,
20*0.0,
7*0.0  -7.125143945190e-02  -7.601665252190e-02  -2.401345408140e-02 7*0.0   6.099554568700e-02  -1.893157812130e-01   4.011181675540e-01 
7*0.0  -7.646788678820e-02  -6.691077873440e-02  -3.293619907300e-02 7*0.0   6.682143014070e-02  -1.991204956680e-01   4.032166762260e-01 
7*0.0  -8.166834991230e-02  -5.720521331720e-02  -4.235170382280e-02 7*0.0   7.285325211320e-02  -2.089285574450e-01   4.053777781200e-01 
7*0.0  -8.683729287900e-02  -4.698271418200e-02  -5.218652882410e-02 7*0.0   7.908147800260e-02  -2.187331212660e-01   4.075946188130e-01 
7*0.0  -9.196054555710e-02  -3.632131779780e-02  -6.237050205200e-02 7*0.0   8.549641972030e-02  -2.285270978130e-01   4.098601850510e-01 
7*0.0  -9.702523734460e-02  -2.529423772590e-02  -7.283703295870e-02 7*0.0   9.208825603600e-02  -2.383031998620e-01   4.121673471980e-01 
7*0.0  -1.020197329920e-01  -1.396980242410e-02  -8.352333429790e-02 7*0.0   9.884705368550e-02  -2.480539852370e-01   4.145088988640e-01 
7*0.0  -1.069335709230e-01  -2.411429972210e-03  -9.437057905580e-02 7*0.0   1.057627878190e-01  -2.577718970290e-01   4.168775934130e-01 
7*0.0  -1.117573625570e-01   9.322203596270e-03  -1.053239071600e-01 7*0.0   1.128253614590e-01  -2.674493010840e-01   4.192661787530e-01 
7*0.0  -1.164827671200e-01   2.117717873460e-02  -1.163325186110e-01 7*0.0   1.200246251910e-01  -2.770785204320e-01   4.216674272380e-01 
7*0.0  -1.211023997430e-01   3.310407772890e-02  -1.273495896000e-01 7*0.0   1.273503953810e-01  -2.866518672850e-01   4.240741648160e-01 
7*0.0  -1.256097709810e-01   4.505783016200e-02  -1.383321933420e-01 7*0.0   1.347924723250e-01  -2.961616724140e-01   4.264792966910e-01 
7*0.0  -1.299992237960e-01   5.699747902330e-02  -1.492412003430e-01 7*0.0   1.423406573290e-01  -3.056003120210e-01   4.288758306720e-01 
7*0.0  -1.342658768300e-01   6.888600535210e-02  -1.600411268020e-01 7*0.0   1.499847698850e-01  -3.149602323370e-01   4.312568982040e-01 
7*0.0  -1.384055772550e-01   8.069000389670e-02  -1.707000252120e-01 7*0.0   1.577146632540e-01  -3.242339719700e-01   4.336157731890e-01 
7*0.0  -1.424148335050e-01   9.237953210500e-02  -1.811892397250e-01 7*0.0   1.655202401820e-01  -3.334141822590e-01   4.359458887930e-01 
7*0.0  -1.462907827330e-01   1.039278113690e-01  -1.914832711700e-01 7*0.0   1.733914675390e-01  -3.424936455570e-01   4.382408522960e-01 
7*0.0  -1.500311363430e-01   1.153110023920e-01  -2.015595781960e-01 7*0.0   1.813183904520e-01  -3.514652918700e-01   4.404944581870e-01 
7*0.0  -1.536341521590e-01   1.265080164230e-01  -2.113983893080e-01 7*0.0   1.892911457980e-01  -3.603222136820e-01   4.427006996090e-01 
7*0.0  -1.570985598130e-01   1.375002495960e-01  -2.209825123920e-01 7*0.0   1.972999749060e-01  -3.690576792070e-01   4.448537782350e-01 
7*0.0  -1.604235783070e-01   1.482713914750e-01  -2.302971458510e-01 7*0.0   2.053352357980e-01  -3.776651442490e-01   4.469481127630e-01 
7*0.0  -1.636088368770e-01   1.588072439400e-01  -2.393297001450e-01 7*0.0   2.133874146460e-01  -3.861382626130e-01   4.489783460720e-01 
7*0.0  -1.666543900970e-01   1.690955417310e-01  -2.480696185330e-01 7*0.0   2.214471367370e-01  -3.944708953440e-01   4.509393511810e-01 
7*0.0  -1.695606385940e-01   1.791257599370e-01  -2.565082190370e-01 7*0.0   2.295051766990e-01  -4.026571187350e-01   4.528262360520e-01 
7*0.0  -1.723283501890e-01   1.888889746400e-01  -2.646385191570e-01 7*0.0   2.375524681810e-01  -4.106912312860e-01   4.546343474160e-01 
7*0.0  -1.749586059110e-01   1.983777331050e-01  -2.724551093810e-01 7*0.0   2.455801130920e-01  -4.185677596480e-01   4.563592735760e-01 
7*0.0  -1.774527964240e-01   2.075859140710e-01  -2.799539898400e-01 7*0.0   2.535793897840e-01  -4.262814636890e-01   4.579968463870e-01 
7*0.0  -1.798125606540e-01   2.165086010920e-01  -2.871324564530e-01 7*0.0   2.615417614030e-01  -4.338273406500e-01   4.595431423730e-01 
7*0.0  -1.820398280690e-01   2.251419850720e-01  -2.939889703360e-01 7*0.0   2.694588830370e-01  -4.412006285510e-01   4.609944831330e-01 
7*0.0  -1.841367549910e-01   2.334832708430e-01  -3.005230503760e-01 7*0.0   2.773226087930e-01  -4.483968088720e-01   4.623474350400e-01 
7*0.0  -1.861057063520e-01   2.415305663690e-01  -3.067351636410e-01 7*0.0   2.851249978920e-01  -4.554116085540e-01   4.635988083090e-01 
7*0.0  -1.879492432350e-01   2.492828400220e-01  -3.126266396410e-01 7*0.0   2.928583209260e-01  -4.622410013840e-01   4.647456554820e-01 
7*0.0  -1.896701208310e-01   2.567398023520e-01  -3.181995696510e-01 7*0.0   3.005150650160e-01  -4.688812087930e-01   4.657852693730e-01 
7*0.0  -1.912712421820e-01   2.639018769610e-01  -3.234567390810e-01 7*0.0   3.080879387020e-01  -4.753287001620e-01   4.667151805450e-01 
7*0.0  -1.927556608760e-01   2.707701196300e-01  -3.284015437990e-01 7*0.0   3.155698765650e-01  -4.815801925860e-01   4.675331542920e-01 
7*0.0  -1.941265569540e-01   2.773461645020e-01  -3.330379276820e-01 7*0.0   3.229540430800e-01  -4.876326502400e-01   4.682371872810e-01 
7*0.0  -1.953872185730e-01   2.836321723140e-01  -3.373703193310e-01 7*0.0   3.302338363050e-01  -4.934832832770e-01   4.688255037590e-01 
7*0.0  -1.965410338470e-01   2.896307927940e-01  -3.414035769580e-01 7*0.0   3.374028912740e-01  -4.991295463780e-01   4.692965514430e-01 
7*0.0  -1.975914593800e-01   2.953451093160e-01  -3.451429340600e-01 7*0.0   3.444550818710e-01  -5.045691368790e-01   4.696489971650e-01 
7*0.0  -1.985420239830e-01   3.007785928740e-01  -3.485939527670e-01 7*0.0   3.513845242860e-01  -5.097999926620e-01   4.698817221110e-01 
7*0.0  -1.993963053140e-01   3.059350781040e-01  -3.517624799870e-01 7*0.0   3.581855784010e-01  -5.148202896300e-01   4.699938169360e-01 
7*0.0  -2.001579100670e-01   3.108187237610e-01  -3.546546111060e-01 7*0.0   3.648528492940e-01  -5.196284389510e-01   4.699845766070e-01 
7*0.0  -2.008304467680e-01   3.154339822000e-01  -3.572766458010e-01 7*0.0   3.713811888260e-01  -5.242230840400e-01   4.698534950630e-01 
7*0.0  -2.014175811380e-01   3.197855378350e-01  -3.596350610680e-01 7*0.0   3.777656960770e-01  -5.286030972330e-01   4.696002597010e-01 
7*0.0  -2.019229247440e-01   3.238783257440e-01  -3.617364766840e-01 7*0.0   3.840017181620e-01  -5.327675762950e-01   4.692247457080e-01 
7*0.0  -2.023501097830e-01   3.277174718380e-01  -3.635876285780e-01 7*0.0   3.900848501630e-01  -5.367158406740e-01   4.687270102900e-01 
7*0.0  -2.027027029600e-01   3.313082611380e-01  -3.651953395320e-01 7*0.0   3.960109350090e-01  -5.404474275420e-01   4.681072867600e-01 
7*0.0  -2.029842836470e-01   3.346561332160e-01  -3.665664975570e-01 7*0.0   4.017760632060e-01  -5.439620876940e-01   4.673659785630e-01 
7*0.0  -2.031983190750e-01   3.377666555850e-01  -3.677080357000e-01 7*0.0   4.073765715840e-01  -5.472597812160e-01   4.665036532220e-01 
7*0.0  -2.033482874810e-01   3.406454831110e-01  -3.686269064020e-01 7*0.0   4.128090425860e-01  -5.503406730310e-01   4.655210362210e-01 
7*0.0  -2.034375534610e-01   3.432983528340e-01  -3.693300673310e-01 7*0.0   4.180703025810e-01  -5.532051282750e-01   4.644190048580e-01 
7*0.0  -2.034694342660e-01   3.457310584300e-01  -3.698244590250e-01 7*0.0   4.231574202810e-01  -5.558537075330e-01   4.631985820630e-01 
7*0.0  -2.034471610770e-01   3.479494331070e-01  -3.701169972930e-01 7*0.0   4.280677047340e-01  -5.582871619580e-01   4.618609302150e-01 
7*0.0  -2.033738766730e-01   3.499593323420e-01  -3.702145511280e-01 7*0.0   4.327987031010e-01  -5.605064282600e-01   4.604073449430e-01 
7*0.0  -2.032526385620e-01   3.517666196260e-01  -3.701239356520e-01 7*0.0   4.373481980240e-01  -5.625126235770e-01   4.588392489520e-01 
7*0.0  -2.030864112830e-01   3.533771384400e-01  -3.698518938240e-01 7*0.0   4.417142050260e-01  -5.643070402730e-01   4.571581858660e-01 
7*0.0  -2.028780553210e-01   3.547967191010e-01  -3.694050932960e-01 7*0.0   4.458949694280e-01  -5.658911406190e-01   4.553658140990e-01 
7*0.0  -2.026303232520e-01   3.560311490050e-01  -3.687901121860e-01 7*0.0   4.498889631080e-01  -5.672665514030e-01   4.534639007780e-01 
7*0.0  -2.023458799830e-01   3.570861701810e-01  -3.680134316040e-01 7*0.0   4.536948810920e-01  -5.684350584700e-01   4.514543157080e-01 
7*0.0  -2.020272628290e-01   3.579674620400e-01  -3.670814286110e-01 7*0.0   4.573116378970e-01  -5.693986011880e-01   4.493390253990e-01 
7*0.0  -2.016769109470e-01   3.586806378580e-01  -3.660003697220e-01 7*0.0   4.607383636250e-01  -5.701592668720e-01   4.471200871670e-01 
7*0.0  -2.012971430350e-01   3.592312380170e-01  -3.647764055800e-01 7*0.0   4.639744000090e-01  -5.707192851420e-01   4.447996432940e-01 
7*0.0  -2.008901797240e-01   3.596247072310e-01  -3.634155643170e-01 7*0.0   4.670192960920e-01  -5.710810222640e-01   4.423799152860e-01 
7*0.0  -2.004581192470e-01   3.598664068160e-01  -3.619237500900e-01 7*0.0   4.698728039490e-01  -5.712469754400e-01   4.398631982060e-01 
7*0.0  -2.000029484020e-01   3.599616020180e-01  -3.603067371720e-01 7*0.0   4.725348740630e-01  -5.712197670840e-01   4.372518551050e-01 
7*0.0  -1.995265434510e-01   3.599154503640e-01  -3.585701699670e-01 7*0.0   4.750056506670e-01  -5.710021390870e-01   4.345483115510e-01 
7*0.0  -1.990306685640e-01   3.597330037910e-01  -3.567195576680e-01 7*0.0   4.772854668940e-01  -5.705969470650e-01   4.317550502630e-01 
7*0.0  -1.985169869440e-01   3.594192083650e-01  -3.547602752260e-01 7*0.0   4.793748398880e-01  -5.700071546140e-01   4.288746058480e-01 
7*0.0  -1.979870407960e-01   3.589788918870e-01  -3.526975619730e-01 7*0.0   4.812744657020e-01  -5.692358275730e-01   4.259095596540e-01 
7*0.0  -1.974422804640e-01   3.584167772530e-01  -3.505365192420e-01 7*0.0   4.829852141430e-01  -5.682861282990e-01   4.228625347420e-01 
7*0.0  -1.968840372830e-01   3.577374570500e-01  -3.482821124840e-01 7*0.0   4.845081235270e-01  -5.671613099680e-01   4.197361909670e-01 
7*0.0  -1.963135543830e-01   3.569454197770e-01  -3.459391706960e-01 7*0.0   4.858443953160e-01  -5.658647109060e-01   4.165332201930e-01 
7*0.0  -1.957319700060e-01   3.560450301050e-01  -3.435123866580e-01 7*0.0   4.869953887530e-01  -5.643997489590e-01   4.132563416280e-01 
7*0.0  -1.951403247780e-01   3.550405372100e-01  -3.410063178290e-01 7*0.0   4.879626153410e-01  -5.627699158990e-01   4.099082972850e-01 
7*0.0  -1.945395709920e-01   3.539360694290e-01  -3.384253887660e-01 7*0.0   4.887477333650e-01  -5.609787718950e-01   4.064918475810e-01 
7*0.0  -1.939305663130e-01   3.527356436100e-01  -3.357738916570e-01 7*0.0   4.893525423210e-01  -5.590299400250e-01   4.030097670560e-01 
7*0.0  -1.933140860400e-01   3.514431606740e-01  -3.330559876530e-01 7*0.0   4.897789772580e-01  -5.569271008700e-01   3.994648402400e-01 
7*0.0  -1.926908145800e-01   3.500624061300e-01  -3.302757100310e-01 7*0.0   4.900291032740e-01  -5.546739871620e-01   3.958598576430e-01 
7*0.0  -1.920613659360e-01   3.485970528590e-01  -3.274369647670e-01 7*0.0   4.901051097900e-01  -5.522743785160e-01   3.921976118880e-01 
7*0.0  -1.914262706600e-01   3.470506660970e-01  -3.245435342150e-01 7*0.0   4.900093049490e-01  -5.497320962460e-01   3.884808939810e-01 
7*0.0  -1.907859894490e-01   3.454267010770e-01  -3.215990783120e-01 7*0.0   4.897441099720e-01  -5.470509982570e-01   3.847124897150e-01 
7*0.0  -1.901409108820e-01   3.437285081750e-01  -3.186071377720e-01 7*0.0   4.893120535490e-01  -5.442349740430e-01   3.808951762160e-01 
7*0.0  -1.894913590300e-01   3.419593335040e-01  -3.155711358440e-01 7*0.0   4.887157662290e-01  -5.412879397730e-01   3.770317186260e-01 
7*0.0  -1.888375946630e-01   3.401223220920e-01  -3.124943814590e-01 7*0.0   4.879579748630e-01  -5.382138334800e-01   3.731248669230e-01 
7*0.0  -1.881798227010e-01   3.382205208010e-01  -3.093800718350e-01 7*0.0   4.870414970280e-01  -5.350166103580e-01   3.691773528810e-01 
7*0.0  -1.875181884100e-01   3.362568805230e-01  -3.062312946880e-01 7*0.0   4.859692355940e-01  -5.317002381660e-01   3.651918871690e-01 
7*0.0  -1.868527825170e-01   3.342342583230e-01  -3.030510334890e-01 7*0.0   4.847441732240e-01  -5.282686927500e-01   3.611711565790e-01 
7*0.0  -1.861836608920e-01   3.321554196520e-01  -2.998421604760e-01 7*0.0   4.833693670230e-01  -5.247259536820e-01   3.571178214010e-01 
7*0.0  -1.855108232120e-01   3.300230454710e-01  -2.966074550220e-01 7*0.0   4.818479431920e-01  -5.210760000080e-01   3.530345129240e-01 
7*0.0  -1.848342234030e-01   3.278397282600e-01  -2.933495943960e-01 7*0.0   4.801830917890e-01  -5.173228061360e-01   3.489238310730e-01 
7*0.0  -1.841537838690e-01   3.256079768600e-01  -2.900711588730e-01 7*0.0   4.783780615190e-01  -5.134703378410e-01   3.447883421800e-01 
7*0.0  -1.834694017710e-01   3.233302229770e-01  -2.867746359140e-01 7*0.0   4.764361546790e-01  -5.095225483950e-01   3.406305768830e-01 
7*0.0  -1.827809176860e-01   3.210088176710e-01  -2.834624224440e-01 7*0.0   4.743607221020e-01  -5.054833748310e-01   3.364530281550e-01 
7*0.0  -1.820881665280e-01   3.186460413160e-01  -2.801368284980e-01 7*0.0   4.721551582330e-01  -5.013567343410e-01   3.322581494590e-01 
7*0.0  -1.813909449090e-01   3.162440972160e-01  -2.768000748510e-01 7*0.0   4.698228963110e-01  -4.971465207980e-01   3.280483530260e-01 
7*0.0  -1.806890333440e-01   3.138051207650e-01  -2.734543010630e-01 7*0.0   4.673674036260e-01  -4.928566014250e-01   3.238260082600e-01 
7*0.0  -1.799821773990e-01   3.113311804010e-01  -2.701015656990e-01 7*0.0   4.647921768880e-01  -4.884908135820e-01   3.195934402580e-01 
7*0.0  -1.792701276380e-01   3.088242767170e-01  -2.667438463000e-01 7*0.0   4.621007376670e-01  -4.840529617050e-01   3.153529284510e-01 
7*0.0  -1.785526023100e-01   3.062863491140e-01  -2.633830461830e-01 7*0.0   4.592966280100e-01  -4.795468143670e-01   3.111067053580e-01 
7*0.0  -1.778293135820e-01   3.037192754490e-01  -2.600209932450e-01 7*0.0   4.563834061160e-01  -4.749761014860e-01   3.068569554550e-01 
7*0.0  -1.770999579480e-01   3.011248754560e-01  -2.566594440290e-01 7*0.0   4.533646421180e-01  -4.703445116550e-01   3.026058141510e-01 
7*0.0  -1.763642335360e-01   2.985049114540e-01  -2.533000843770e-01 7*0.0   4.502439140440e-01  -4.656556896220e-01   2.983553668690e-01 
7*0.0  -1.756218257650e-01   2.958610900700e-01  -2.499445313570e-01 7*0.0   4.470248037900e-01  -4.609132338880e-01   2.941076482430e-01 
7*0.0  -1.748724152250e-01   2.931950671700e-01  -2.465943382520e-01 7*0.0   4.437108933410e-01  -4.561206944540e-01   2.898646413960e-01 
7*0.0  -1.741156868200e-01   2.905084463950e-01  -2.432509924470e-01 7*0.0   4.403057609740e-01  -4.512815706860e-01   2.856282773360e-01 
7*0.0  -1.733513200310e-01   2.878027811620e-01  -2.399159193400e-01 7*0.0   4.368129777310e-01  -4.463993093190e-01   2.814004344340e-01 
7*0.0  -1.725790002950e-01   2.850795798910e-01  -2.365904852890e-01 7*0.0   4.332361038640e-01  -4.414773025900e-01   2.771829380000e-01 
7*0.0  -1.717984166680e-01   2.823403031670e-01  -2.332759966690e-01 7*0.0   4.295786855310e-01  -4.365188864900e-01   2.729775599460e-01 
7*0.0  -1.710092597610e-01   2.795863677640e-01  -2.299737038370e-01 7*0.0   4.258442515290e-01  -4.315273391550e-01   2.687860185330e-01 
7*0.0  -1.702112271800e-01   2.768191479300e-01  -2.266848020700e-01 7*0.0   4.220363101930e-01  -4.265058793660e-01   2.646099782060e-01 
7*0.0  -1.694040298570e-01   2.740399763210e-01  -2.234104330390e-01 7*0.0   4.181583464170e-01  -4.214576651830e-01   2.604510495000e-01 
7*0.0  -1.685873820300e-01   2.712501462640e-01  -2.201516868880e-01 7*0.0   4.142138187840e-01  -4.163857926880e-01   2.563107890320e-01 
7*0.0  -1.677610124980e-01   2.684509121430e-01  -2.169096030990e-01 7*0.0   4.102061568200e-01  -4.112932948500e-01   2.521906995570e-01 
7*0.0  -1.669246589150e-01   2.656434912580e-01  -2.136851730390e-01 7*0.0   4.061387583860e-01  -4.061831405060e-01   2.480922301000e-01 
7*0.0  -1.660780748200e-01   2.628290645970e-01  -2.104793398150e-01 7*0.0   4.020149871820e-01  -4.010582334430e-01   2.440167761520e-01 
7*0.0  -1.652210245930e-01   2.600087792110e-01  -2.072930019190e-01 7*0.0   3.978381703770e-01  -3.959214116020e-01   2.399656799290e-01 
7*0.0  -1.643532869260e-01   2.571837469010e-01  -2.041270121940e-01 7*0.0   3.936115963380e-01  -3.907754463770e-01   2.359402306930e-01 
7*0.0  -1.634746591990e-01   2.543550481110e-01  -2.009821810080e-01 7*0.0   3.893385125260e-01  -3.856230420230e-01   2.319416651310e-01 
7*0.0  -1.625849490580e-01   2.515237315580e-01  -1.978592771780e-01 7*0.0   3.850221234420e-01  -3.804668351630e-01   2.279711677870e-01 
7*0.0  -1.616839879900e-01   2.486908148460e-01  -1.947590283980e-01 7*0.0   3.806655887600e-01  -3.753093943860e-01   2.240298715440e-01 
7*0.0  -1.607716169670e-01   2.458572859800e-01  -1.916821232760e-01 7*0.0   3.762720215150e-01  -3.701532199510e-01   2.201188581590e-01 
7*0.0  -1.598476985140e-01   2.430241051690e-01  -1.886292129990e-01 7*0.0   3.718444864540e-01  -3.650007435650e-01   2.162391588350e-01 
7*0.0  -1.589121133240e-01   2.401922032960e-01  -1.856009106950e-01 7*0.0   3.673859984390e-01  -3.598543282660e-01   2.123917548500e-01 
7*0.0  -1.579647576130e-01   2.373624849270e-01  -1.825977948340e-01 7*0.0   3.628995210280e-01  -3.547162683750e-01   2.085775782090e-01 
7*0.0  -1.570055491190e-01   2.345358282110e-01  -1.796204083920e-01 7*0.0   3.583879651100e-01  -3.495887895430e-01   2.047975123460e-01 
7*0.0  -1.560344217470e-01   2.317130854380e-01  -1.766692612340e-01 7*0.0   3.538541876580e-01  -3.444740488610e-01   2.010523928520e-01 
7*0.0  -1.550513319210e-01   2.288950842160e-01  -1.737448305060e-01 7*0.0   3.493009906060e-01  -3.393741350600e-01   1.973430082450e-01 
7*0.0  -1.540562492470e-01   2.260826280400e-01  -1.708475621780e-01 7*0.0   3.447311197900e-01  -3.342910687720e-01   1.936701007550e-01 
7*0.0  -1.530491665300e-01   2.232764966250e-01  -1.679778714290e-01 7*0.0   3.401472640300e-01  -3.292268028640e-01   1.900343671510e-01 
7*0.0  -1.520300945510e-01   2.204774466540e-01  -1.651361439010e-01 7*0.0   3.355520542600e-01  -3.241832228360e-01   1.864364595790e-01 
7*0.0  -1.509990603140e-01   2.176862124460e-01  -1.623227367940e-01 7*0.0   3.309480627940e-01  -3.191621472800e-01   1.828769864350e-01 
7*0.0  -1.499561129710e-01   2.149035063450e-01  -1.595379794330e-01 7*0.0   3.263378026510e-01  -3.141653284030e-01   1.793565132440e-01 
7*0.0  -1.489013195540e-01   2.121300193920e-01  -1.567821744720e-01 7*0.0   3.217237269990e-01  -3.091944525990e-01   1.758755635720e-01 
7*0.0  -1.478347614960e-01   2.093664219730e-01  -1.540555987830e-01 7*0.0   3.171082286500e-01  -3.042511410830e-01   1.724346199370e-01 
7*0.0  -1.467565426510e-01   2.066133639540e-01  -1.513585039640e-01 7*0.0   3.124936396660e-01  -2.993369505630e-01   1.690341247490e-01 
7*0.0  -1.456667830160e-01   2.038714745510e-01  -1.486911172720e-01 7*0.0   3.078822310330e-01  -2.944533739710e-01   1.656744812500e-01 
7*0.0  -1.445656213050e-01   2.011413643510e-01  -1.460536428890e-01 7*0.0   3.032762124180e-01  -2.896018412320e-01   1.623560544730e-01 
7*0.0  -1.434532089410e-01   1.984236244420e-01  -1.434462619230e-01 7*0.0   2.986777319930e-01  -2.847837200770e-01   1.590791721970e-01 
7*0.0  -1.423297157350e-01   1.957188272840e-01  -1.408691338470e-01 7*0.0   2.940888763480e-01  -2.800003168900e-01   1.558441259220e-01 
7*0.0  -1.411953319400e-01   1.930275265420e-01  -1.383223969410e-01 7*0.0   2.895116704570e-01  -2.752528775980e-01   1.526511718390e-01 
7*0.0  -1.400502607340e-01   1.903502579840e-01  -1.358061688010e-01 7*0.0   2.849480777220e-01  -2.705425885900e-01   1.495005318040e-01 
7*0.0  -1.388947147490e-01   1.876875398370e-01  -1.333205475740e-01 7*0.0   2.804000000790e-01  -2.658705776660e-01   1.463923943160e-01 
7*0.0  -1.377289297980e-01   1.850398725670e-01  -1.308656120790e-01 7*0.0   2.758692781690e-01  -2.612379150200e-01   1.433269154950e-01 
7*0.0  -1.365531515600e-01   1.824077398190e-01  -1.284414230770e-01 7*0.0   2.713576915610e-01  -2.566456142390e-01   1.403042200540e-01 
7*0.0  -1.353676407380e-01   1.797916082100e-01  -1.260480232440e-01 7*0.0   2.668669590500e-01  -2.520946333360e-01   1.373244022760e-01 
7*0.0  -1.341726699550e-01   1.771919277310e-01  -1.236854383390e-01 7*0.0   2.623987389820e-01  -2.475858757960e-01   1.343875269760e-01 
7*0.0  -1.329685253200e-01   1.746091322070e-01  -1.213536775980e-01 7*0.0   2.579546296680e-01  -2.431201916480e-01   1.314936304710e-01 
7*0.0  -1.317555059330e-01   1.720436393950e-01  -1.190527343460e-01 7*0.0   2.535361698080e-01  -2.386983785450e-01   1.286427215290e-01 
7*0.0  -1.305339191170e-01   1.694958507770e-01  -1.167825863320e-01 7*0.0   2.491448389990e-01  -2.343211828690e-01   1.258347823270e-01 
7*0.0  -1.293040781790e-01   1.669661532960e-01  -1.145431978930e-01 7*0.0   2.447820582600e-01  -2.299893008370e-01   1.230697693840e-01 
7*0.0  -1.280663312990e-01   1.644549167660e-01  -1.123345163020e-01 7*0.0   2.404491906180e-01  -2.257033796290e-01   1.203476144980e-01 
7*0.0  -1.268209960840e-01   1.619624983000e-01  -1.101564792200e-01 7*0.0   2.361475417290e-01  -2.214640185170e-01   1.176682256670e-01 
7*0.0  -1.255684359480e-01   1.594892375920e-01  -1.080090072680e-01 7*0.0   2.318783605310e-01  -2.172717700040e-01   1.150314879960e-01 
7*0.0  -1.243090017800e-01   1.570354614650e-01  -1.058920111180e-01 7*0.0   2.276428399390e-01  -2.131271409690e-01   1.124372646010e-01 
7*0.0  -1.230430530210e-01   1.546014812410e-01  -1.038053885270e-01 7*0.0   2.234421175780e-01  -2.090305938120e-01   1.098853974920e-01 
7*0.0  -1.217709738670e-01   1.521875940240e-01  -1.017490251110e-01 7*0.0   2.192772765430e-01  -2.049825476030e-01   1.073757084500e-01 
7*0.0  -1.204931323160e-01   1.497940830790e-01  -9.972279600270e-02 7*0.0   2.151493461780e-01  -2.009833792340e-01   1.049079998840e-01 
7*0.0  -1.192099113300e-01   1.474212179630e-01  -9.772656624510e-02 7*0.0   2.110593028990e-01  -1.970334245690e-01   1.024820556810e-01 
7*0.0  -1.179217034900e-01   1.450692539160e-01  -9.576018951920e-02 7*0.0   2.070080710430e-01  -1.931329795830e-01   1.000976420330e-01 
7*0.0  -1.166289021110e-01   1.427384328550e-01  -9.382351014390e-02 7*0.0   2.029965237230e-01  -1.892823015140e-01   9.775450825870e-02 
7*0.0  -1.153319007620e-01   1.404289831960e-01  -9.191636337210e-02 7*0.0   1.990254837170e-01  -1.854816099940e-01   9.545238760120e-02 
7*0.0  -1.140311046600e-01   1.381411206930e-01  -9.003857539600e-02 7*0.0   1.950957243760e-01  -1.817310881800e-01   9.319099801580e-02 
7*0.0  -1.127269129680e-01   1.358750474200e-01  -8.818996404550e-02 7*0.0   1.912079705530e-01  -1.780308838840e-01   9.097004293880e-02 
7*0.0  -1.114197348490e-01   1.336309533950e-01  -8.637033895970e-02 7*0.0   1.873628995330e-01  -1.743811106840e-01   8.878921204090e-02 
7*0.0  -1.101099773140e-01   1.314090155030e-01  -8.457950205620e-02 7*0.0   1.835611419990e-01  -1.707818490300e-01   8.664818196500e-02 
7*0.0  -1.087980467910e-01   1.292093982850e-01  -8.281724814040e-02 7*0.0   1.798032829910e-01  -1.672331473430e-01   8.454661704560e-02 
7*0.0  -1.074843534140e-01   1.270322541160e-01  -8.108336473680e-02 7*0.0   1.760898628900e-01  -1.637350230980e-01   8.248417001300e-02 
7*0.0  -1.061693071830e-01   1.248777234970e-01  -7.937763312740e-02 7*0.0   1.724213784030e-01  -1.602874638980e-01   8.046048267960e-02 
7*0.0  -1.048533166120e-01   1.227459346920e-01  -7.769982802100e-02 7*0.0   1.687982835610e-01  -1.568904285320e-01   7.847518660960e-02 
7*0.0  -1.035367897420e-01   1.206370048670e-01  -7.604971890250e-02 7*0.0   1.652209907220e-01  -1.535438480250e-01   7.652790377150e-02 
7*0.0  -1.022201296420e-01   1.185510390140e-01  -7.442706885420e-02 7*0.0   1.616898715790e-01  -1.502476266670e-01   7.461824717330e-02 
7*0.0  -1.009037465310e-01   1.164881314330e-01  -7.283163609820e-02 7*0.0   1.582052581670e-01  -1.470016430350e-01   7.274582148140e-02 
7*0.0  -9.958803811810e-02   1.144483650620e-01  -7.126317420840e-02 7*0.0   1.547674438860e-01  -1.438057509900e-01   7.091022362120e-02 
7*0.0  -9.827340718240e-02   1.124318122150e-01  -6.972143187660e-02 7*0.0   1.513766845120e-01  -1.406597806690e-01   6.911104336160e-02 
7*0.0  -9.696024638590e-02   1.104385340670e-01  -6.820615348040e-02 7*0.0   1.480331992100e-01  -1.375635394510e-01   6.734786388240e-02 
7*0.0  -9.564895081380e-02   1.084685818890e-01  -6.671707947510e-02 7*0.0   1.447371715530e-01  -1.345168129140e-01   6.562026232460e-02 
7*0.0  -9.433990921370e-02   1.065219962130e-01  -6.525394649070e-02 7*0.0   1.414887505350e-01  -1.315193657690e-01   6.392781032390e-02 
7*0.0  -9.303350390610e-02   1.045988077290e-01  -6.381648784400e-02 7*0.0   1.382880515760e-01  -1.285709427830e-01   6.227007452790e-02 
7*0.0  -9.173011527010e-02   1.026990372300e-01  -6.240443362280e-02 7*0.0   1.351351575300e-01  -1.256712696720e-01   6.064661709660e-02 
7*0.0  -9.043011841890e-02   1.008226959000e-01  -6.101751087140e-02 7*0.0   1.320301196870e-01  -1.228200539960e-01   5.905699618670e-02 
7*0.0  -8.913388094150e-02   9.896978533740e-02  -5.965544414070e-02 7*0.0   1.289729587590e-01  -1.200169860140e-01   5.750076641960e-02 
7*0.0  -8.784176703430e-02   9.714029796310e-02  -5.831795538570e-02 7*0.0   1.259636658790e-01  -1.172617395350e-01   5.597747933370e-02 
7*0.0  -8.655413296390e-02   9.533421739680e-02  -5.700476461110e-02 7*0.0   1.230022035690e-01  -1.145539727490e-01   5.448668382080e-02 
7*0.0  -8.527133043800e-02   9.355151804470e-02  -5.571558950540e-02 7*0.0   1.200885067180e-01  -1.118933290290e-01   5.302792654690e-02 
7*0.0  -8.399370282430e-02   9.179216601330e-02  -5.445014637490e-02 7*0.0   1.172224835400e-01  -1.092794377300e-01   5.160075235800e-02 
7*0.0  -8.272158912150e-02   9.005611896350e-02  -5.320814975760e-02 7*0.0   1.144040165260e-01  -1.067119149540e-01   5.020470467080e-02 
7*0.0  -8.145531840860e-02   8.834332634710e-02  -5.198931305110e-02 7*0.0   1.116329633870e-01  -1.041903643090e-01   4.883932584810e-02 
7*0.0  -8.019521484490e-02   8.665372968920e-02  -5.079334841830e-02 7*0.0   1.089091579810e-01  -1.017143776370e-01   4.750415756040e-02 
7*0.0  -7.894159369720e-02   8.498726282990e-02  -4.961996724510e-02 7*0.0   1.062324112340e-01  -9.928353573620e-02   4.619874113270e-02 
7*0.0  -7.769476411910e-02   8.334385201140e-02  -4.846888005630e-02 7*0.0   1.036025120430e-01  -9.689740905040e-02   4.492261787740e-02 
7*0.0  -7.645502462920e-02   8.172341630170e-02  -4.733979706050e-02 7*0.0   1.010192281700e-01  -9.455555835190e-02   4.367532941350e-02 
7*0.0  -7.522267006200e-02   8.012586751700e-02  -4.623242778710e-02 7*0.0   9.848230712450e-02  -9.225753539880e-02   4.245641797240e-02 
7*0.0  -7.399798316680e-02   7.855111075490e-02  -4.514648189040e-02 7*0.0   9.599147702520e-02  -9.000288357530e-02   4.126542669020e-02 
7*0.0  -7.278124158030e-02   7.699904441200e-02  -4.408166877090e-02 7*0.0   9.354644745590e-02  -8.779113851430e-02   4.010189988750e-02 
7*0.0  -7.157271113970e-02   7.546956051390e-02  -4.303769828640e-02 7*0.0   9.114691030100e-02  -8.562182870100e-02   3.896538333640e-02 
7*0.0  -7.037265373420e-02   7.396254467200e-02  -4.201428009730e-02 7*0.0   8.879254056980e-02  -8.349447605890e-02   3.785542451500e-02 
7*0.0  -6.918131944070e-02   7.247787679140e-02  -4.101112478900e-02 7*0.0   8.648299720540e-02  -8.140859651700e-02   3.677157285030e-02 
7*0.0  -6.799895050990e-02   7.101543081550e-02  -4.002794331670e-02 7*0.0   8.421792387530e-02  -7.936370056060e-02   3.571337994870e-02 
7*0.0  -6.682578177120e-02   6.957507511110e-02  -3.906444728850e-02 7*0.0   8.199694975290e-02  -7.735929376310e-02   3.468039981580e-02 
7*0.0  -6.566203809390e-02   6.815667274080e-02  -3.812034933900e-02 7*0.0   7.981969027390e-02  -7.539487730150e-02   3.367218906440e-02 
7*0.0  -6.450793615640e-02   6.676008156820e-02  -3.719536295370e-02 7*0.0   7.768574788730e-02  -7.346994845440e-02   3.268830711220e-02 
7*0.0  -6.336368441500e-02   6.538515452970e-02  -3.628920278030e-02 7*0.0   7.559471278350e-02  -7.158400108290e-02   3.172831636850e-02 
7*0.0  -6.222948152750e-02   6.403173987940e-02  -3.540158470670e-02 7*0.0   7.354616360850e-02  -6.973652609560e-02   3.079178241050e-02 
7*0.0  -6.110551862490e-02   6.269968118740e-02  -3.453222583760e-02 7*0.0   7.153966816080e-02  -6.792701189630e-02   2.987827415020e-02 
7*0.0  -5.999197758300e-02   6.138881779930e-02  -3.368084481510e-02 7*0.0   6.957478407440e-02  -6.615494481620e-02   2.898736399130e-02 
7*0.0  -5.888903179390e-02   6.009898496720e-02  -3.284716182320e-02 7*0.0   6.765105948430e-02  -6.441980953050e-02   2.811862797610e-02 
7*0.0  -5.779684633320e-02   5.883001387660e-02  -3.203089857710e-02 7*0.0   6.576803367340e-02  -6.272108945850e-02   2.727164592430e-02 
7*0.0  -5.671557660340e-02   5.758173202660e-02  -3.123177863060e-02 7*0.0   6.392523770690e-02  -6.105826714970e-02   2.644600156230e-02 
7*0.0  -5.564537140620e-02   5.635396341650e-02  -3.044952725800e-02 7*0.0   6.212219504820e-02  -5.943082465360e-02   2.564128264380e-02 
7*0.0  -5.458636912880e-02   5.514652860170e-02  -2.968387168020e-02 7*0.0   6.035842215860e-02  -5.783824387580e-02   2.485708106250e-02 
7*0.0  -5.353870113350e-02   5.395924497980e-02  -2.893454106550e-02 7*0.0   5.863342908100e-02  -5.628000691940e-02   2.409299295640e-02 
7*0.0  -5.250248952720e-02   5.279192698570e-02  -2.820126667090e-02 7*0.0   5.694672000740e-02  -5.475559641230e-02   2.334861880460e-02 
7*0.0  -5.147784901780e-02   5.164438621640e-02  -2.748378179800e-02 7*0.0   5.529779382990e-02  -5.326449582050e-02   2.262356351630e-02 
7*0.0  -5.046488547220e-02   5.051643163840e-02  -2.678182202150e-02 7*0.0   5.368614467810e-02  -5.180618974820e-02   2.191743651300e-02 
7*0.0  -4.946369722670e-02   4.940786977130e-02  -2.609512510810e-02 7*0.0   5.211126243540e-02  -5.038016422470e-02   2.122985180290e-02 
7*0.0  -4.847437459750e-02   4.831850475930e-02  -2.542343108390e-02 7*0.0   5.057263324560e-02  -4.898590697850e-02   2.056042804920e-02 
7*0.0  -4.749700001040e-02   4.724813873320e-02  -2.476648244960e-02 7*0.0   4.906973999820e-02  -4.762290769850e-02   1.990878863190e-02 
7*0.0  -4.653164780180e-02   4.619657178110e-02  -2.412402401870e-02 7*0.0   4.760206280380e-02  -4.629065828290e-02   1.927456170270e-02 
7*0.0  -4.557838569360e-02   4.516360222740e-02  -2.349580310570e-02 7*0.0   4.616907944870e-02  -4.498865307700e-02   1.865738023440e-02 
7*0.0  -4.463727264970e-02   4.414902675420e-02  -2.288156955610e-02 7*0.0   4.477026583890e-02  -4.371638909840e-02   1.805688206440e-02 
7*0.0  -4.370836101100e-02   4.315264049100e-02  -2.228107569710e-02 7*0.0   4.340509642580e-02  -4.247336625110e-02   1.747270993250e-02 
7*0.0  -4.279169679020e-02   4.217423740430e-02  -2.169407660500e-02 7*0.0   4.207304461890e-02  -4.125908752890e-02   1.690451151330e-02 
7*0.0  -4.188731730110e-02   4.121360995250e-02  -2.112032956410e-02 7*0.0   4.077358318330e-02  -4.007305920750e-02   1.635193944350e-02 
7*0.0  -4.099525297580e-02   4.027054984500e-02  -2.055959505890e-02 7*0.0   3.950618462360e-02  -3.891479102700e-02   1.581465134420e-02 
7*0.0  -4.011552949280e-02   3.934484772980e-02  -2.001163591290e-02 7*0.0   3.827032155010e-02  -3.778379636290e-02   1.529230983870e-02 
7*0.0  -3.924816378840e-02   3.843629339790e-02  -1.947621762430e-02 7*0.0   3.706546703900e-02  -3.667959238920e-02   1.478458256550e-02 
7*0.0  -3.839316783450e-02   3.754467629160e-02  -1.895310871960e-02 7*0.0   3.589109496790e-02  -3.560170022960e-02   1.429114218680e-02 
7*0.0  -3.755054437430e-02   3.666978488750e-02  -1.844208010370e-02 7*0.0   3.474668034770e-02  -3.454964510140e-02   1.381166639320e-02 
7*0.0  -3.672029378490e-02   3.581140767980e-02  -1.794290577880e-02 7*0.0   3.363169963480e-02  -3.352295644960e-02   1.334583790460e-02 
7*0.0  -3.590240838380e-02   3.496933266480e-02  -1.745536229140e-02 7*0.0   3.254563103360e-02  -3.252116807180e-02   1.289334446650e-02 
7*0.0  -3.509687475130e-02   3.414334765250e-02  -1.697922911830e-02 7*0.0   3.148795478430e-02  -3.154381823570e-02   1.245387884350e-02 
7*0.0  -3.430367365840e-02   3.333324056470e-02  -1.651428850700e-02 7*0.0   3.045815343980e-02  -3.059044978770e-02   1.202713880910e-02 
7*0.0  -3.352278003070e-02   3.253879926220e-02  -1.606032557450e-02 7*0.0   2.945571212870e-02  -2.966061025370e-02   1.161282713180e-02 
7*0.0  -3.275416473710e-02   3.175981176930e-02  -1.561712813510e-02 7*0.0   2.848011880690e-02  -2.875385193260e-02   1.121065155900e-02 
7*0.0  -3.199779237740e-02   3.099606644950e-02  -1.518448696840e-02 7*0.0   2.753086449830e-02  -2.786973198180e-02   1.082032479700e-02 
7*0.0  -3.125362186200e-02   3.024735201200e-02  -1.476219565820e-02 7*0.0   2.660744352230e-02  -2.700781249630e-02   1.044156448890e-02 
7*0.0  -3.052160885790e-02   2.951345761520e-02  -1.435005061410e-02 7*0.0   2.570935371070e-02  -2.616766058030e-02   1.007409318930e-02 
7*0.0  -2.980170219340e-02   2.879417293050e-02  -1.394785102830e-02 7*0.0   2.483609661480e-02  -2.534884841290e-02   9.717638336880e-03 
7*0.0  -2.909384803670e-02   2.808928833470e-02  -1.355539897710e-02 7*0.0   2.398717769910e-02  -2.455095330620e-02   9.371932224440e-03 
7*0.0  -2.839798594100e-02   2.739859493130e-02  -1.317249942840e-02 7*0.0   2.316210652720e-02  -2.377355775850e-02   9.036711966750e-03 
7*0.0  -2.771405392180e-02   2.672188458050e-02  -1.279896001210e-02 7*0.0   2.236039693530e-02  -2.301624950120e-02   8.711719466240e-03 
7*0.0  -2.704198256420e-02   2.605895006740e-02  -1.243459136300e-02 7*0.0   2.158156719770e-02  -2.227862153910e-02   8.396701376750e-03 
7*0.0  -2.638170200450e-02   2.540958515210e-02  -1.207920674320e-02 7*0.0   2.082514018040e-02  -2.156027218690e-02   8.091409065410e-03 
7*0.0  -2.573313497000e-02   2.477358458880e-02  -1.173262237840e-02 7*0.0   2.009064348690e-02  -2.086080509870e-02   7.795598572740e-03 
7*0.0  -2.509620351290e-02   2.415074427540e-02  -1.139465716690e-02 7*0.0   1.937760959400e-02  -2.017982929380e-02   7.509030571230e-03 
7*0.0  -2.447082449330e-02   2.354086118910e-02  -1.106513275750e-02 7*0.0   1.868557597910e-02  -1.951695917670e-02   7.231470322210e-03 
7*0.0  -2.385691087100e-02   2.294373366340e-02  -1.074387370810e-02 7*0.0   1.801408523760e-02  -1.887181455310e-02   6.962687631530e-03 
7*0.0  -2.325437441310e-02   2.235916126010e-02  -1.043070720650e-02 7*0.0   1.736268519440e-02  -1.824402064110e-02   6.702456803710e-03 
7*0.0  -2.266312187520e-02   2.178694485090e-02  -1.012546314070e-02 7*0.0   1.673092900290e-02  -1.763320807800e-02   6.450556595060e-03 
7*0.0  -2.208305830940e-02   2.122688676420e-02  -9.827974211640e-03 7*0.0   1.611837524150e-02  -1.703901292380e-02   6.206770165550e-03 
7*0.0  -2.151408505490e-02   2.067879076000e-02  -9.538075755720e-03 7*0.0   1.552458799730e-02  -1.646107665950e-02   5.970885029750e-03 
7*0.0  -2.095610130110e-02   2.014246210260e-02  -9.255605810220e-03 7*0.0   1.494913694520e-02  -1.589904618300e-02   5.742693006680e-03 
7*0.0  -2.040900348580e-02   1.961770756620e-02  -8.980405015470e-03 7*0.0   1.439159741900e-02  -1.535257380070e-02   5.521990169030e-03 
7*0.0  -1.987268554190e-02   1.910433556490e-02  -8.712316741010e-03 7*0.0   1.385155047600e-02  -1.482131721570e-02   5.308576791360e-03 
7*0.0  -1.934703947050e-02   1.860215609970e-02  -8.451186871960e-03 7*0.0   1.332858295290e-02  -1.430493951310e-02   5.102257297800e-03 
7*0.0  -1.883195509840e-02   1.811098086390e-02  -8.196863941020e-03 7*0.0   1.282228751800e-02  -1.380310914230e-02   4.902840208980e-03 
7*0.0  -1.832732017050e-02   1.763062325530e-02  -7.949199044190e-03 7*0.0   1.233226271490e-02  -1.331549989580e-02   4.710138088510e-03 
7*0.0  -1.783302001270e-02   1.716089836950e-02  -7.708045827800e-03 7*0.0   1.185811300040e-02  -1.284179088590e-02   4.523967488910e-03 
7*0.0  -1.734893931660e-02   1.670162313910e-02  -7.473260466270e-03 7*0.0   1.139944877760e-02  -1.238166651850e-02   4.344148897170e-03 
7*0.0  -1.687496033400e-02   1.625261621050e-02  -7.244701596220e-03 7*0.0   1.095588642210e-02  -1.193481646400e-02   4.170506679900e-03 
7*0.0  -1.641096406070e-02   1.581369808060e-02  -7.022230330670e-03 7*0.0   1.052704830350e-02  -1.150093562700e-02   4.002869028240e-03 
7*0.0  -1.595682990590e-02   1.538469114530e-02  -6.805710322990e-03 7*0.0   1.011256280100e-02  -1.107972411240e-02   3.841067902500e-03 
7*0.0  -1.551243622150e-02   1.496541974620e-02  -6.595007731820e-03 7*0.0   9.712064314490e-03  -1.067088719050e-02   3.684938976600e-03 
7*0.0  -1.507766036780e-02   1.455570969310e-02  -6.389990559800e-03 7*0.0   9.325193270590e-03  -1.027413525930e-02   3.534321582450e-03 
7*0.0  -1.465237831610e-02   1.415538915100e-02  -6.190529785080e-03 7*0.0   8.951596123520e-03  -9.889183805940e-03   3.389058654160e-03 
7*0.0  -1.423646498140e-02   1.376428808210e-02  -5.996498549360e-03 7*0.0   8.590925352640e-03  -9.515753365140e-03   3.248996672260e-03 
7*0.0  -1.382979498540e-02   1.338223838960e-02  -5.807772305220e-03 7*0.0   8.242839454680e-03  -9.153569477160e-03   3.113985607950e-03 
7*0.0  -1.343224165000e-02   1.300907389050e-02  -5.624228771540e-03 7*0.0   7.907002931670e-03  -8.802362643610e-03   2.983878867370e-03 
7*0.0  -1.304367787830e-02   1.264463041220e-02  -5.445747954500e-03 7*0.0   7.583086276640e-03  -8.461868282040e-03   2.858533235970e-03 
7*0.0  -1.266397616470e-02   1.228874572260e-02  -5.272212065210e-03 7*0.0   7.270765953150e-03  -8.131826679180e-03   2.737808823040e-03 
7*0.0  -1.229301016380e-02   1.194125858330e-02  -5.103504371410e-03 7*0.0   6.969724373150e-03  -7.811982942980e-03   2.621569006360e-03 
7*0.0  -1.193064746390e-02   1.160201294440e-02  -4.939514053820e-03 7*0.0   6.679649870500e-03  -7.502086953480e-03   2.509680377150e-03 
7*0.0  -1.157676151280e-02   1.127085136960e-02  -4.780128491580e-03 7*0.0   6.400236671630e-03  -7.201893312700e-03   2.402012685120e-03 
7*0.0  -1.123122349940e-02   1.094761961160e-02  -4.625238572210e-03 7*0.0   6.131184862700e-03  -6.911161293550e-03   2.298438783930e-03 
7*0.0  -1.089390419300e-02   1.063216545480e-02  -4.474737315650e-03 7*0.0   5.872200354230e-03  -6.629654787820e-03   2.198834576840e-03 
7*0.0  -1.056467495420e-02   1.032433867460e-02  -4.328519764570e-03 7*0.0   5.622994842850e-03  -6.357142253480e-03   2.103078962780e-03 
7*0.0  -1.024340634980e-02   1.002399104460e-02  -4.186483051930e-03 7*0.0   5.383285770130e-03  -6.093396661170e-03   2.011053782680e-03 
7*0.0  -9.929969624260e-03   9.730976364790e-03  -4.048526286440e-03 7*0.0   5.152796279170e-03  -5.838195440090e-03   1.922643766250e-03 
7*0.0  -9.624235879960e-03   9.445150682130e-03  -3.914550866900e-03 7*0.0   4.931255168670e-03  -5.591320423310e-03   1.837736479120e-03 
7*0.0  -9.326077404710e-03   9.166371241520e-03  -3.784459222180e-03 7*0.0   4.718396845230e-03  -5.352557792540e-03   1.756222270420e-03 
7*0.0  -9.035365954500e-03   8.894498140950e-03  -3.658156679840e-03 7*0.0   4.513961272660e-03  -5.121698022550e-03   1.677994220790e-03 
7*0.0  -8.751973589490e-03   8.629393171790e-03  -3.535550146910e-03 7*0.0   4.317693920470e-03  -4.898535825090e-03   1.602948090890e-03 
7*0.0  -8.475773255430e-03   8.370920108010e-03  -3.416548376700e-03 7*0.0   4.129345709340e-03  -4.682870092560e-03   1.530982270300e-03 
7*0.0  -8.206638352250e-03   8.118944705310e-03  -3.301061971460e-03 7*0.0   3.948672955640e-03  -4.474503841390e-03   1.461997727000e-03 
7*0.0  -7.944442841390e-03   7.873334702280e-03  -3.189003358910e-03 7*0.0   3.775437314370e-03  -4.273244155230e-03   1.395897957360e-03 
7*0.0  -7.689061181480e-03   7.633959792040e-03  -3.080286764150e-03 7*0.0   3.609405719880e-03  -4.078902127950e-03   1.332588936530e-03 
7*0.0  -7.440368793620e-03   7.400691625490e-03  -2.974828149840e-03 7*0.0   3.450350326270e-03  -3.891292806540e-03   1.271979069560e-03 
7*0.0  -7.198241646550e-03   7.173403807300e-03  -2.872545239210e-03 7*0.0   3.298048445470e-03  -3.710235133930e-03   1.213979142900e-03 
7*0.0  -6.962556536990e-03   6.951971862830e-03  -2.773357440770e-03 7*0.0   3.152282484840e-03  -3.535551891850e-03   1.158502276540e-03 
7*0.0  -6.733191150260e-03   6.736273267220e-03  -2.677185882970e-03 7*0.0   3.012839883400e-03  -3.367069643620e-03   1.105463876690e-03 
7*0.0  -6.510024063050e-03   6.526187388690e-03  -2.583953309850e-03 7*0.0   2.879513047100e-03  -3.204618677050e-03   1.054781589070e-03 
7*0.0  -6.292934712040e-03   6.321595494250e-03  -2.493584103530e-03 7*0.0   2.752099283490e-03  -3.048032947480e-03   1.006375252730e-03 
7*0.0  -6.081803599410e-03   6.122380753490e-03  -2.406004267850e-03 7*0.0   2.630400734810e-03  -2.897150020880e-03   9.601668544860e-04 
7*0.0  -5.876512179550e-03   5.928428200500e-03  -2.321141363110e-03 7*0.0   2.514224311530e-03  -2.751811017150e-03   9.160804839960e-04 
7*0.0  -5.676942899200e-03   5.739624723980e-03  -2.238924501380e-03 7*0.0   2.403381624150e-03  -2.611860553660e-03   8.740422893650e-04 
7*0.0  -5.482979361330e-03   5.555859068850e-03  -2.159284330900e-03 7*0.0   2.297688915010e-03  -2.477146688990e-03   8.339804333870e-04 
7*0.0  -5.294506279460e-03   5.377021802610e-03  -2.082152984140e-03 7*0.0   2.196966989790e-03  -2.347520866920e-03   7.958250504230e-04 
7*0.0  -5.111409425500e-03   5.203005314430e-03  -2.007464088970e-03 7*0.0   2.101041148060e-03  -2.222837860760e-03   7.595082038500e-04 
7*0.0  -4.933575890250e-03   5.033703786640e-03  -1.935152697900e-03 7*0.0   2.009741113800e-03  -2.102955717970e-03   7.249638441630e-04 
7*0.0  -4.760893815130e-03   4.869013189180e-03  -1.865155306050e-03 7*0.0   1.922900965830e-03  -1.987735705100e-03   6.921277676640e-04 
7*0.0  -4.593252618600e-03   4.708831253170e-03  -1.797409797790e-03 7*0.0   1.840359067510e-03  -1.877042253160e-03   6.609375757900e-04 
7*0.0  -4.430542988320e-03   4.553057464770e-03  -1.731855438220e-03 7*0.0   1.761957997130e-03  -1.770742903300e-03   6.313326350600e-04 
7*0.0  -4.272656817790e-03   4.401593041790e-03  -1.668432844250e-03 7*0.0   1.687544477280e-03  -1.668708252980e-03   6.032540376300e-04 
7*0.0  -4.119487421930e-03   4.254340917650e-03  -1.607083959420e-03 7*0.0   1.616969304880e-03  -1.570811902500e-03   5.766445624780e-04 
7*0.0  -3.970929221630e-03   4.111205720520e-03  -1.547752029420e-03 7*0.0   1.550087281060e-03  -1.476930402020e-03   5.514486372140e-04 
7*0.0  -3.826878161010e-03   3.972093766230e-03  -1.490381585780e-03 7*0.0   1.486757140750e-03  -1.386943198980e-03   5.276123004860e-04 
7*0.0  -3.687231369600e-03   3.836913027750e-03  -1.434918420630e-03 7*0.0   1.426841483280e-03  -1.300732586130e-03   5.050831650250e-04 
7*0.0  -3.551887447400e-03   3.705573119700e-03  -1.381309549420e-03 7*0.0   1.370206702220e-03  -1.218183649840e-03   4.838103812920e-04 
7*0.0  -3.420746201850e-03   3.577985290160e-03  -1.329503217860e-03 7*0.0   1.316722915830e-03  -1.139184219170e-03   4.637446017430e-04 
7*0.0  -3.293709286100e-03   3.454062389310e-03  -1.279448837700e-03 7*0.0   1.266263898250e-03  -1.063624815210e-03   4.448379456920e-04 
7*0.0  -3.170678737880e-03   3.333718852590e-03  -1.231097031820e-03 7*0.0   1.218707010050e-03  -9.913986011460e-04   4.270439647930e-04 
7*0.0  -3.051559086990e-03   3.216870701800e-03  -1.184399528940e-03 7*0.0   1.173933130040e-03  -9.224013327300e-04   4.103176091170e-04 
7*0.0  -2.936255721720e-03   3.103435488950e-03  -1.139309203330e-03 7*0.0   1.131826586710e-03  -8.565313093750e-04   3.946151938240e-04 
7*0.0  -2.824675420090e-03   2.993332309340e-03  -1.095780034410e-03 7*0.0   1.092275090960e-03  -7.936893257800e-04   3.798943664410e-04 
7*0.0  -2.716726923600e-03   2.886481780400e-03  -1.053767077620e-03 7*0.0   1.055169668240e-03  -7.337786241070e-04   3.661140747160e-04 
7*0.0  -2.612319207880e-03   2.782805994890e-03  -1.013226467990e-03 7*0.0   1.020404592290e-03  -6.767048467570e-04   3.532345350610e-04 
7*0.0  -2.511364306170e-03   2.682228543380e-03  -9.741153608710e-04 7*0.0   9.878773183250e-04  -6.223759897000e-04   3.412172015890e-04 
7*0.0  -2.413774048660e-03   2.584674444720e-03  -9.363919632670e-04 7*0.0   9.574884176490e-04  -5.707023563880e-04   3.300247357030e-04 
7*0.0  -2.319462842160e-03   2.490070187120e-03  -9.000154654910e-04 7*0.0   9.291415125000e-04  -5.215965122840e-04   3.196209762780e-04 
7*0.0  -2.228345928430e-03   2.398343653870e-03  -8.649460514870e-04 7*0.0   9.027432111600e-04  -4.749732399330e-04   3.099709103850e-04 
7*0.0  -2.140340199950e-03   2.309424136130e-03  -8.311448707910e-04 7*0.0   8.782030443200e-04  -4.307494946720e-04   3.010406445970e-04 
7*0.0  -2.055364012150e-03   2.223242309760e-03  -7.985740120180e-04 7*0.0   8.554334016020e-04  -3.888443609130e-04   2.927973768300e-04 
7*0.0  -1.973336905950e-03   2.139730203330e-03  -7.671965038850e-04 7*0.0   8.343494691130e-04  -3.491790090260e-04   2.852093687430e-04 
7*0.0  -1.894180258280e-03   2.058821198580e-03  -7.369762703360e-04 7*0.0   8.148691671270e-04  -3.116766528360e-04   2.782459186740e-04 
7*0.0  -1.817816377250e-03   1.980449987130e-03  -7.078781399820e-04 7*0.0   7.969130892650e-04  -2.762625077030e-04   2.718773351100e-04 
7*0.0  -1.744169183640e-03   1.904552574940e-03  -6.798678103670e-04 7*0.0   7.804044415530e-04  -2.428637492220e-04   2.660749106900e-04 
7*0.0  -1.673164072980e-03   1.831066254700e-03  -6.529118337430e-04 7*0.0   7.652689828930e-04  -2.114094725080e-04   2.608108967300e-04 
7*0.0  -1.604727688260e-03   1.759929579580e-03  -6.269776051580e-04 7*0.0   7.514349657980e-04  -1.818306520970e-04   2.560584782580e-04 
7*0.0  -1.538788394580e-03   1.691082359600e-03  -6.020333325880e-04 7*0.0   7.388330781600e-04  -1.540601024440e-04   2.517917495680e-04 
7*0.0  -1.475275374600e-03   1.624465627310e-03  -5.780480439500e-04 7*0.0   7.273963857250e-04  -1.280324390120e-04   2.479856902670e-04 
7*0.0  -1.414119656860e-03   1.560021633000e-03  -5.549915397440e-04 7*0.0   7.170602751640e-04  -1.036840399740e-04   2.446161418340e-04 
7*0.0  -1.355253372810e-03   1.497693812500e-03  -5.328344061590e-04 7*0.0   7.077623982520e-04  -8.095300849800e-05   2.416597846420e-04 
7*0.0  -1.298610135740e-03   1.437426785870e-03  -5.115479790630e-04 7*0.0   6.994426165320e-04  -5.977913563330e-05   2.390941154920e-04 
7*0.0  -1.244124846180e-03   1.379166325060e-03  -4.911043345110e-04 7*0.0   6.920429470300e-04  -4.010386378710e-05   2.368974256000e-04 
7*0.0  -1.191733742860e-03   1.322859340740e-03  -4.714762767050e-04 7*0.0   6.855075085620e-04  -2.187025078460e-05   2.350487790730e-04 
7*0.0  -1.141374426420e-03   1.268453867670e-03  -4.526373171530e-04 7*0.0   6.797824688890e-04  -5.022934523410e-06   2.335279918270e-04 
7*0.0  -1.092985733760e-03   1.215899042070e-03  -4.345616652600e-04 7*0.0   6.748159929170e-04   1.049190179970e-05   2.323156109750e-04 
7*0.0  -1.046507756650e-03   1.165145081720e-03  -4.172242060750e-04 7*0.0   6.705581913550e-04   2.472656388390e-05   2.313928946580e-04 
7*0.0  -1.001882038860e-03   1.116143281620e-03  -4.006004962760e-04 7*0.0   6.669610705490e-04   3.773187992600e-05   2.307417923220e-04 
7*0.0  -9.590512100600e-04   1.068845980470e-03  -3.846667358600e-04 7*0.0   6.639784827450e-04   4.955723369470e-05   2.303449254240e-04 
7*0.0  -9.179593293980e-04   1.023206554480e-03  -3.693997704370e-04 7*0.0   6.615660776380e-04   6.025059698610e-05   2.301855685620e-04 
7*0.0  -8.785514336850e-04   9.791793907870e-04  -3.547770650780e-04 7*0.0   6.596812542070e-04   6.985856156640e-05   2.302476310440e-04 
7*0.0  -8.407741417970e-04   9.367198866580e-04  -3.407766934360e-04 7*0.0   6.582831140350e-04   7.842637052450e-05   2.305156388520e-04 
7*0.0  -8.045750582930e-04   8.957844131610e-04  -3.273773257480e-04 7*0.0   6.573324146770e-04   8.599794909680e-05   2.309747170230e-04 
7*0.0  -7.699029286500e-04   8.563303083050e-04  -3.145582197660e-04 7*0.0   6.567915245270e-04   9.261593493180e-05   2.316105724320e-04 
7*0.0  -7.367079585230e-04   8.183158679670e-04  -3.022991974660e-04 7*0.0   6.566243780780e-04   9.832170781830e-05   2.324094769600e-04 
7*0.0  -7.049411942350e-04   7.817003115120e-04  -2.905806449460e-04 7*0.0   6.567964322580e-04   1.031554188820e-04   2.333582510600e-04 
7*0.0  -6.745549920250e-04   7.464437837690e-04  -2.793834905340e-04 7*0.0   6.572746233770e-04   1.071560192470e-04   2.344442476970e-04 
7*0.0  -6.455030184160e-04   7.125073280470e-04  -2.686891924780e-04 7*0.0   6.580273249110e-04   1.103612881800e-04   2.356553366610e-04 
7*0.0  -6.177397169460e-04   6.798528710870e-04  -2.584797370220e-04 7*0.0   6.590243062760e-04   1.128078607070e-04   2.369798892570e-04 
7*0.0  -5.912209028380e-04   6.484432149050e-04  -2.487376128320e-04 7*0.0   6.602366922200e-04   1.145312547250e-04   2.384067633400e-04 
7*0.0  -5.659034056190e-04   6.182420152770e-04  -2.394458103510e-04 7*0.0   6.616369230430e-04   1.155658976030e-04   2.399252887180e-04 
7*0.0  -5.417450469630e-04   5.892137640420e-04  -2.305878075860e-04 7*0.0   6.631987155740e-04   1.159451522840e-04   2.415252529020e-04 
7*0.0  -5.187048478740e-04   5.613237812190e-04  -2.221475509600e-04 7*0.0   6.648970250540e-04   1.157013428980e-04   2.431968871800e-04 
7*0.0  -4.967427354630e-04   5.345381929590e-04  -2.141094590900e-04 7*0.0   6.667080076780e-04   1.148657798680e-04   2.449308530570e-04 
7*0.0  -4.758198481680e-04   5.088239266440e-04  -2.064583970280e-04 7*0.0   6.686089839590e-04   1.134687845610e-04   2.467182289950e-04 
7*0.0  -4.558981456670e-04   4.841486829360e-04  -1.991796765790e-04 7*0.0   6.705784028740e-04   1.115397134300e-04   2.485504974920e-04 
7*0.0  -4.369406711110e-04   4.604809317290e-04  -1.922590406140e-04 7*0.0   6.725958066470e-04   1.091069817250e-04   2.504195324700e-04 
7*0.0  -4.189114816100e-04   4.377898954880e-04  -1.856826531270e-04 7*0.0   6.746417964300e-04   1.061980867020e-04   2.523175869830e-04 
7*0.0  -4.017754787300e-04   4.160455318470e-04  -1.794370919870e-04 7*0.0   6.766979986500e-04   1.028396303940e-04   2.542372812160e-04 
7*0.0  -3.854986518240e-04   3.952185232640e-04  -1.735093372340e-04 7*0.0   6.787470321380e-04   9.905734193330e-05   2.561715907960e-04 
7*0.0  -3.700478258760e-04   3.752802636250e-04  -1.678867588540e-04 7*0.0   6.807724759060e-04   9.487609942210e-05   2.581138353850e-04 
7*0.0  -3.553907657820e-04   3.562028426960e-04  -1.625571127410e-04 7*0.0   6.827588376790e-04   9.031995136340e-05   2.600576675700e-04 
7*0.0  -3.414961502590e-04   3.379590323920e-04  -1.575085285660e-04 7*0.0   6.846915231680e-04   8.541213766090e-05   2.619970620250e-04 
7*0.0  -3.283335267290e-04   3.205222766300e-04  -1.527294974530e-04 7*0.0   6.865568059900e-04   8.017511019370e-05   2.639263049570e-04 
7*0.0  -3.158733133990e-04   3.038666754190e-04  -1.482088710100e-04 7*0.0   6.883417983030e-04   7.463055297690e-05   2.658399838130e-04 
7*0.0  -3.040867056740e-04   2.879669718600e-04  -1.439358470580e-04 7*0.0   6.900344221980e-04   6.879940189050e-05   2.677329772610e-04 
7*0.0  -2.929458739220e-04   2.727985447440e-04  -1.398999564770e-04 7*0.0   6.916233815560e-04   6.270186402790e-05   2.696004454230e-04 
7*0.0  -2.824236873910e-04   2.583373884700e-04  -1.360910685450e-04 7*0.0   6.930981348320e-04   5.635743661540e-05   2.714378203690e-04 
7*0.0  -2.724938647850e-04   2.445601057100e-04  -1.324993674300e-04 7*0.0   6.944488682860e-04   4.978492555500e-05   2.732407968500e-04 
7*0.0  -2.631309080430e-04   2.314438952750e-04  -1.291153558230e-04 7*0.0   6.956664699650e-04   4.300246357490e-05   2.750053232810e-04 
7*0.0  -2.543100934790e-04   2.189665367580e-04  -1.259298393970e-04 7*0.0   6.967425042870e-04   3.602752799440e-05   2.767275929640e-04 
7*0.0  -2.460074026960e-04   2.071063828850e-04  -1.229339243320e-04 7*0.0   6.976691873440e-04   2.887695810750e-05   2.784040355390e-04 
7*0.0  -2.381996400960e-04   1.958423449450e-04  -1.201190037730e-04 7*0.0   6.984393625750e-04   2.156697221340e-05   2.800313086650e-04 
7*0.0  -2.308642458950e-04   1.851538833230e-04  -1.174767583690e-04 7*0.0   6.990464773840e-04   1.411318425970e-05   2.816062899230e-04 
7*0.0  -2.239794450330e-04   1.750209950660e-04  -1.149991410010e-04 7*0.0   6.994845600410e-04   6.530620147080e-06   2.831260689470e-04 
7*0.0  -2.175240966910e-04   1.654242037850e-04  -1.126783744630e-04 7*0.0   6.997481974210e-04  -1.166266327050e-06   2.845879397490e-04 
7*0.0  -2.114777669900e-04   1.563445470420e-04  -1.105069442880e-04 7*0.0   6.998325131980e-04  -8.963577884190e-06   2.859893932760e-04 
7*0.0  -2.058206699490e-04   1.477635673840e-04  -1.084775887280e-04 7*0.0   6.997331465270e-04  -1.684795848780e-05   2.873281101550e-04 
7*0.0  -2.005337168390e-04   1.396633018200e-04  -1.065832943410e-04 7*0.0   6.994462315530e-04  -2.480657843740e-05   2.886019536470e-04 
7*0.0  -1.955983714860e-04   1.320262693530e-04  -1.048172914580e-04 7*0.0   6.989683771560e-04  -3.282711976860e-05   2.898089627880e-04 
7*0.0  -1.909967805130e-04   1.248354634930e-04  -1.031730428150e-04 7*0.0   6.982966474800e-04  -4.089776199040e-05   2.909473457320e-04 
7*0.0  -1.867116695430e-04   1.180743400180e-04  -1.016442414760e-04 7*0.0   6.974285428450e-04  -4.900716812390e-05   2.920154732740e-04 
7*0.0  -1.827263627460e-04   1.117268078830e-04  -1.002248024370e-04 7*0.0   6.963619812480e-04  -5.714447107260e-05   2.930118725560e-04 
7*0.0  -1.790247565710e-04   1.057772197060e-04  -9.890885712700e-05 7*0.0   6.950952803550e-04  -6.529926028520e-05   2.939352209510e-04 
7*0.0  -1.755913309750e-04   1.002103619800e-04  -9.769074807720e-05 7*0.0   6.936271400580e-04  -7.346156872720e-05   2.947843401280e-04 
7*0.0  -1.724110932900e-04   9.501144478870e-05  -9.656502238750e-05 7*0.0   6.919566253630e-04  -8.162186014180e-05   2.955581902780e-04 
7*0.0  -1.694695912200e-04   9.016609458570e-05  -9.552642715440e-05 7*0.0   6.900831499520e-04  -8.977101661060e-05   2.962558645140e-04 
7*0.0  -1.667529046300e-04   8.566034259870e-05  -9.456990264750e-05 7*0.0   6.880064601290e-04  -9.790032638680e-05   2.968765834280e-04 
7*0.0  -1.642476304770e-04   8.148061824500e-05  -9.369057669650e-05 7*0.0   6.857266191980e-04  -1.060014720220e-04   2.974196898110e-04 
7*0.0  -1.619408334520e-04   7.761373729190e-05  -9.288376151480e-05 7*0.0   6.832439923740e-04  -1.140665187560e-04   2.978846435270e-04 
7*0.0  -1.598201118690e-04   7.404689625540e-05  -9.214494603480e-05 7*0.0   6.805592320690e-04  -1.220879031830e-04   2.982710165390e-04 
7*0.0  -1.578734980730e-04   7.076766289820e-05  -9.146979348380e-05 7*0.0   6.776732637360e-04  -1.300584221850e-04   2.985784880780e-04 
7*0.0  -1.560894988750e-04   6.776396648340e-05  -9.085413336290e-05 7*0.0   6.745872719180e-04  -1.379712221120e-04   2.988068399660e-04 
7*0.0  -1.544570806630e-04   6.502409133240e-05  -9.029395912570e-05 7*0.0   6.713026869840e-04  -1.458197882330e-04   2.989559520690e-04 
7*0.0  -1.529656193600e-04   6.253666749610e-05  -8.978542299040e-05 7*0.0   6.678211721110e-04  -1.535979344270e-04   2.990257978990e-04 
7*0.0  -1.516049519710e-04   6.029066455930e-05  -8.932482953140e-05 7*0.0   6.641446106790e-04  -1.612997931180e-04   2.990164403360e-04 
7*0.0  -1.503652984260e-04   5.827537954200e-05  -8.890863428130e-05 7*0.0   6.602750941340e-04  -1.689198054550e-04   2.989280274970e-04 
7*0.0  -1.492372983360e-04   5.648043634200e-05  -8.853343626830e-05 7*0.0   6.562149101270e-04  -1.764527117370e-04   2.987607887190e-04 
7*0.0  -1.482119848510e-04   5.489577108790e-05  -8.819597573310e-05 7*0.0   6.519665311830e-04  -1.838935420370e-04   2.985150306760e-04 
7*0.0  -1.472807687220e-04   5.351162907620e-05  -8.789312866940e-05 7*0.0   6.475326035790e-04  -1.912376070950e-04   2.981911336110e-04 
7*0.0  -1.464354182890e-04   5.231855598910e-05  -8.762190479970e-05 7*0.0   6.429159366840e-04  -1.984804894020e-04   2.977895476910e-04 
7*0.0  -1.456680770470e-04   5.130739092170e-05  -8.737944051520e-05 7*0.0   6.381194926210e-04  -2.056180345110e-04   2.973107894770e-04 
7*0.0  -1.449712337760e-04   5.046925959060e-05  -8.716299781320e-05 7*0.0   6.331463762830e-04  -2.126463425670e-04   2.967554385020e-04 
7*0.0  -1.443377240200e-04   4.979556715420e-05  -8.696995733780e-05 7*0.0   6.279998256370e-04  -2.195617600370e-04   2.961241339660e-04 
7*0.0  -1.437606923380e-04   4.927799192700e-05  -8.679781942560e-05 7*0.0   6.226832024640e-04  -2.263608716570e-04   2.954175715340e-04 
7*0.0  -1.432336253100e-04   4.890847844200e-05  -8.664419531020e-05 7*0.0   6.171999832920e-04  -2.330404925580e-04   2.946365002370e-04 
7*0.0  -1.427503087400e-04   4.867923068970e-05  -8.650680662000e-05 7*0.0   6.115537507440e-04  -2.395976606190e-04   2.937817194780e-04 
7*0.0  -1.423048141830e-04   4.858270643580e-05  -8.638348170340e-05 7*0.0   6.057481851080e-04  -2.460296289840e-04   2.928540761360e-04 
7*0.0  -1.418915496870e-04   4.861161083880e-05  -8.627215133580e-05 7*0.0   5.997870563270e-04  -2.523338587870e-04   2.918544617660e-04 
7*0.0  -1.415051450220e-04   4.875888964750e-05  -8.617084488300e-05 7*0.0   5.936742161030e-04  -2.585080120540e-04   2.907838098910e-04 
7*0.0  -1.411405655510e-04   4.901772398760e-05  -8.607769029060e-05 7*0.0   5.874135904840e-04  -2.645499447850e-04   2.896430933910e-04 
7*0.0  -1.407929907130e-04   4.938152460750e-05  -8.599090658820e-05 7*0.0   5.810091725530e-04  -2.704577002150e-04   2.884333219760e-04 
7*0.0  -1.404578924950e-04   4.984392445090e-05  -8.590880404340e-05 7*0.0   5.744650155060e-04  -2.762295022520e-04   2.871555397490e-04 
7*0.0  -1.401309386590e-04   5.039877522850e-05  -8.582977997500e-05 7*0.0   5.677852259190e-04  -2.818637490820e-04   2.858108228500e-04 
7*0.0  -1.398081461950e-04   5.104014093000e-05  -8.575231624710e-05 7*0.0   5.609739573600e-04  -2.873590069330e-04   2.844002771900e-04 
7*0.0  -1.394856240330e-04   5.176229148210e-05  -8.567497507300e-05 7*0.0   5.540354041370e-04  -2.927140040180e-04   2.829250362530e-04 
7*0.0  -1.391598109780e-04   5.255969982890e-05  -8.559639955220e-05 7*0.0   5.469737953650e-04  -2.979276246260e-04   2.813862589840e-04 
7*0.0  -1.388273210960e-04   5.342703302880e-05  -8.551530636660e-05 7*0.0   5.397933892720e-04  -3.029989033660e-04   2.797851277600e-04 
7*0.0  -1.384849648480e-04   5.435915047390e-05  -8.543048778450e-05 7*0.0   5.324984677110e-04  -3.079270195720e-04   2.781228464130e-04 
7*0.0  -1.381297965580e-04   5.535109862470e-05  -8.534080521190e-05 7*0.0   5.250933308690e-04  -3.127112918590e-04   2.764006383500e-04 
7*0.0  -1.377590346180e-04   5.639810341510e-05  -8.524518991130e-05 7*0.0   5.175822922840e-04  -3.173511728120e-04   2.746197447210e-04 
7*0.0  -1.373700909690e-04   5.749556861600e-05  -8.514263832640e-05 7*0.0   5.099696739640e-04  -3.218462438320e-04   2.727814226750e-04 
7*0.0  -1.369605609890e-04   5.863906802060e-05  -8.503221132300e-05 7*0.0   5.022598018300e-04  -3.261962101120e-04   2.708869436630e-04 
7*0.0  -1.365282184720e-04   5.982434421920e-05  -8.491302996120e-05 7*0.0   4.944570012320e-04  -3.304008957560e-04   2.689375918190e-04 
7*0.0  -1.360710008670e-04   6.104730236550e-05  -8.478427578520e-05 7*0.0   4.865655927750e-04  -3.344602390290e-04   2.669346624000e-04 
7*0.0  -1.355870125860e-04   6.230400488190e-05  -8.464518686740e-05 7*0.0   4.785898882820e-04  -3.383742877400e-04   2.648794602770e-04 
7*0.0  -1.350745134820e-04   6.359066823270e-05  -8.449505568840e-05 7*0.0   4.705341869250e-04  -3.421431947420e-04   2.627732985060e-04 
7*0.0  -1.345319153430e-04   6.490365908170e-05  -8.433322821300e-05 7*0.0   4.624027715830e-04  -3.457672135780e-04   2.606174969300e-04 
7*0.0  -1.339577511440e-04   6.623948890650e-05  -8.415910146120e-05 7*0.0   4.541999053330e-04  -3.492466942320e-04   2.584133808590e-04 
7*0.0  -1.333507383140e-04   6.759481169210e-05  -8.397212069590e-05 7*0.0   4.459298281380e-04  -3.525820789980e-04   2.561622797930e-04 
7*0.0  -1.327096912970e-04   6.896641844920e-05  -8.377177875510e-05 7*0.0   4.375967536750e-04  -3.557738984850e-04   2.538655261980e-04 
7*0.0  -1.320335517210e-04   7.035123273560e-05  -8.355761352640e-05 7*0.0   4.292048663680e-04  -3.588227677120e-04   2.515244543350e-04 
7*0.0  -1.313214102780e-04   7.174630994560e-05  -8.332920656700e-05 7*0.0   4.207583184780e-04  -3.617293823340e-04   2.491403991400e-04 
7*0.0  -1.305724487360e-04   7.314883031550e-05  -8.308618108310e-05 7*0.0   4.122612274790e-04  -3.644945149600e-04   2.467146951460e-04 
7*0.0  -1.297859777990e-04   7.455609653810e-05  -8.282819976770e-05 7*0.0   4.037176734800e-04  -3.671190115980e-04   2.442486754590e-04 
7*0.0  -1.289614095890e-04   7.596553165950e-05  -8.255496513800e-05 7*0.0   3.951316968000e-04  -3.696037881810e-04   2.417436707770e-04 
7*0.0  -1.280982676830e-04   7.737467287680e-05  -8.226621501040e-05 7*0.0   3.865072957170e-04  -3.719498272120e-04   2.392010084470e-04 
7*0.0  -1.271961462030e-04   7.878116956780e-05  -8.196172378480e-05 7*0.0   3.778484243170e-04  -3.741581745010e-04   2.366220115720e-04 
7*0.0  -1.262547686510e-04   8.018278084470e-05  -8.164129887350e-05 7*0.0   3.691589904890e-04  -3.762299359980e-04   2.340079981580e-04 
7*0.0  -1.252739295180e-04   8.157737092100e-05  -8.130478025990e-05 7*0.0   3.604428540470e-04  -3.781662747260e-04   2.313602802970e-04 
7*0.0  -1.242535105090e-04   8.296290669610e-05  -8.095203893180e-05 7*0.0   3.517038249230e-04  -3.799684077990e-04   2.286801633910e-04 
7*0.0  -1.231934775000e-04   8.433745363660e-05  -8.058297600800e-05 7*0.0   3.429456615530e-04  -3.816376035400e-04   2.259689454170e-04 
7*0.0  -1.220938749640e-04   8.569917510000e-05  -8.019752020000e-05 7*0.0   3.341720693360e-04  -3.831751786740e-04   2.232279162240e-04 
7*0.0  -1.209548074690e-04   8.704632591990e-05  -7.979562725080e-05 7*0.0   3.253866991710e-04  -3.845824956170e-04   2.204583568640e-04 
7*0.0  -1.197764780390e-04   8.837725333310e-05  -7.937727933810e-05 7*0.0   3.165931461680e-04  -3.858609598530e-04   2.176615389620e-04 
7*0.0  -1.185591260160e-04   8.969039111890e-05  -7.894248291900e-05 7*0.0   3.077949483890e-04  -3.870120173730e-04   2.148387241210e-04 
7*0.0  -1.173030719740e-04   9.098425863320e-05  -7.849126712840e-05 7*0.0   2.989955857430e-04  -3.880371522200e-04   2.119911633460e-04 
7*0.0  -1.160086887930e-04   9.225745734820e-05  -7.802368440620e-05 7*0.0   2.901984789390e-04  -3.889378840880e-04   2.091200965160e-04 
7*0.0  -1.146764037860e-04   9.350866805980e-05  -7.753980801750e-05 7*0.0   2.814069885560e-04  -3.897157660180e-04   2.062267518750e-04 
7*0.0  -1.133067068930e-04   9.473664972780e-05  -7.703973107230e-05 7*0.0   2.726244141760e-04  -3.903723821530e-04   2.033123455550e-04 
7*0.0  -1.119001256300e-04   9.594023463640e-05  -7.652356628910e-05 7*0.0   2.638539936160e-04  -3.909093455660e-04   2.003780811270e-04 
7*0.0  -1.104572398410e-04   9.711832869810e-05  -7.599144414070e-05 7*0.0   2.550989022500e-04  -3.913282961760e-04   1.974251491800e-04 
7*0.0  -1.089786795830e-04   9.826990660130e-05  -7.544351200950e-05 7*0.0   2.463622523780e-04  -3.916308987100e-04   1.944547269280e-04 
7*0.0  -1.074651039400e-04   9.939401130260e-05  -7.487993422270e-05 7*0.0   2.376470927090e-04  -3.918188407420e-04   1.914679778360e-04 
7*0.0  -1.059172196210e-04   1.004897509940e-04  -7.430088986890e-05 7*0.0   2.289564078950e-04  -3.918938308050e-04   1.884660512770e-04 
7*0.0  -1.043357674430e-04   1.015562962590e-04  -7.370657241780e-05 7*0.0   2.202931181370e-04  -3.918575965550e-04   1.854500822090e-04 
7*0.0  -1.027215177310e-04   1.025928799410e-04  -7.309718927950e-05 7*0.0   2.116600788550e-04  -3.917118830030e-04   1.824211908800e-04 
7*0.0  -1.010752776460e-04   1.035987926900e-04  -7.247296056600e-05 7*0.0   2.030600804300e-04  -3.914584508050e-04   1.793804825470e-04 
7*0.0  -9.939787818340e-05   1.045733826700e-04  -7.183411800850e-05 7*0.0   1.944958480210e-04  -3.910990746120e-04   1.763290472220e-04 
7*0.0  -9.769017888100e-05   1.055160519520e-04  -7.118090545290e-05 7*0.0   1.859700414080e-04  -3.906355414850e-04   1.732679594400e-04 
7*0.0  -9.595306349180e-05   1.064262572470e-04  -7.051357621680e-05 7*0.0   1.774852549140e-04  -3.900696493500e-04   1.701982780390e-04 
7*0.0  -9.418743679080e-05   1.073035048690e-04  -6.983239414480e-05 7*0.0   1.690440173780e-04  -3.894032055230e-04   1.671210459710e-04 
7*0.0  -9.239422364060e-05   1.081473508210e-04  -6.913763199480e-05 7*0.0   1.606487921860e-04  -3.886380252810e-04   1.640372901190e-04 
7*0.0  -9.057437067510e-05   1.089573987340e-04  -6.842957074600e-05 7*0.0   1.523019773560e-04  -3.877759304840e-04   1.609480211420e-04 
7*0.0  -8.872883582650e-05   1.097332976390e-04  -6.770849998960e-05 7*0.0   1.440059056210e-04  -3.868187482510e-04   1.578542333300e-04 
7*0.0  -8.685859203400e-05   1.104747407300e-04  -6.697471522440e-05 7*0.0   1.357628446580e-04  -3.857683096860e-04   1.547569044770e-04 
7*0.0  -8.496462906830e-05   1.111814636330e-04  -6.622851992400e-05 7*0.0   1.275749972540e-04  -3.846264486470e-04   1.516569957780e-04 
7*0.0  -8.304794308070e-05   1.118532424920e-04  -6.547022270950e-05 7*0.0   1.194445015780e-04  -3.833950005630e-04   1.485554517280e-04 
7*0.0  -8.110954125310e-05   1.124898929280e-04  -6.470013844720e-05 7*0.0   1.113734314770e-04  -3.820758013020e-04   1.454532000420e-04 
7*0.0  -7.915043869880e-05   1.130912683240e-04  -6.391858603850e-05 7*0.0   1.033637968200e-04  -3.806706860730e-04   1.423511515940e-04 
7*0.0  -7.717165991120e-05   1.136572572140e-04  -6.312589001390e-05 7*0.0   9.541754384010e-05  -3.791814883820e-04   1.392502003640e-04 
7*0.0  -7.517422843660e-05   1.141877845290e-04  -6.232237778940e-05 7*0.0   8.753655555990e-05  -3.776100390240e-04   1.361512233920e-04 
7*0.0  -7.315917429460e-05   1.146828074480e-04  -6.150838111640e-05 7*0.0   7.972265223140e-05  -3.759581651100e-04   1.330550807640e-04 
7*0.0  -7.112753312070e-05   1.151423154980e-04  -6.068423491550e-05 7*0.0   7.197759177660e-05  -3.742276891470e-04   1.299626155850e-04 
7*0.0  -6.908033724670e-05   1.155663286070e-04  -5.985027560280e-05 7*0.0   6.430307032100e-05  -3.724204281450e-04   1.268746539860e-04 
7*0.0  -6.701861901760e-05   1.159548960920e-04  -5.900684355160e-05 7*0.0   5.670072268300e-05  -3.705381927660e-04   1.237920051260e-04 
7*0.0  -6.494341184950e-05   1.163080961820e-04  -5.815427914010e-05 7*0.0   4.917212294740e-05  -3.685827865130e-04   1.207154612100e-04 
7*0.0  -6.285574595450e-05   1.166260324570e-04  -5.729292577260e-05 7*0.0   4.171878503840e-05  -3.665560049420e-04   1.176457975270e-04 
7*0.0  -6.075664749050e-05   1.169088359290e-04  -5.642312675220e-05 7*0.0   3.434216330950e-05  -3.644596349240e-04   1.145837724770e-04 
