# energy(eV) intensity(au)
3.000000 2.242715e-02
3.005005 7.232372e-03
3.010010 3.924841e-03
3.015015 3.194301e-03
3.020020 6.256872e-03
3.025025 5.037898e-02
3.030030 3.462860e-03
3.035035 1.732943e-03
3.040040 1.441618e-03
3.045045 1.973242e-03
3.050050 1.409377e-02
3.055055 4.737379e-03
3.060060 1.931754e-03
3.065065 2.146099e-03
3.070070 3.515743e-03
3.075075 9.400914e-03
3.080080 1.152884e-01
3.085085 3.079798e-02
3.090090 6.052851e-03
3.095095 2.895515e-03
3.100100 2.078233e-03
3.105105 2.051915e-03
3.110110 5.095780e-03
3.115115 3.095592e-03
3.120120 3.117923e-03
3.125125 5.075933e-03
3.130130 1.142701e-02
3.135135 5.407666e-02
3.140140 4.295458e-01
3.145145 2.438324e-02
3.150150 7.872183e-03
3.155155 4.208125e-03
3.160160 3.296400e-03
3.165165 5.967383e-03
3.170170 4.279888e-02
3.175175 3.222096e-03
3.180180 1.710302e-03
3.185185 1.473885e-03
3.190190 2.071039e-03
3.195195 1.611458e-02
3.200200 4.630589e-03
3.205205 1.909282e-03
3.210210 2.036178e-03
3.215215 3.235111e-03
3.220220 8.521947e-03
3.225225 1.068531e-01
3.230230 2.664173e-02
3.235235 5.364242e-03
3.240240 2.603281e-03
3.245245 1.890051e-03
3.250250 1.852493e-03
3.255255 4.089372e-03
3.260260 2.593939e-03
3.265265 2.803512e-03
3.270270 4.570232e-03
3.275275 1.025447e-02
3.280280 4.901232e-02
3.285285 3.617118e-01
3.290290 2.126556e-02
3.295295 6.925663e-03
3.300300 3.684169e-03
3.305305 2.789561e-03
3.310310 4.480065e-03
3.315315 2.748968e-02
3.320320 2.415372e-03
3.325325 1.427586e-03
3.330330 1.292519e-03
3.335335 1.836237e-03
3.340340 1.486105e-02
3.345345 3.772597e-03
3.350350 1.610808e-03
3.355355 1.619699e-03
3.360360 2.401645e-03
3.365365 5.962099e-03
3.370370 7.453033e-02
3.375375 1.746708e-02
3.380380 3.741794e-03
3.385385 1.934668e-03
3.390390 1.477925e-03
3.395395 1.459340e-03
3.400400 2.631528e-03
3.405405 1.847752e-03
3.410410 2.107689e-03
3.415415 3.309835e-03
3.420420 7.123151e-03
3.425425 3.358097e-02
3.430430 2.288917e-01
3.435435 1.417444e-02
3.440440 4.837568e-03
3.445445 2.696562e-03
3.450450 2.059554e-03
3.455455 2.717625e-03
3.460460 1.230320e-02
3.465465 1.637343e-03
3.470470 1.222649e-03
3.475475 1.187887e-03
3.480480 1.573549e-03
3.485485 1.066267e-02
3.490490 2.733671e-03
3.495495 1.423812e-03
3.500501 1.364013e-03
3.505506 1.713831e-03
3.510511 3.324293e-03
3.515516 3.539772e-02
3.520521 8.234709e-03
3.525526 2.326956e-03
3.530531 1.555329e-03
3.535536 1.385628e-03
3.540541 1.416908e-03
3.545546 1.822623e-03
3.550551 1.590226e-03
3.555556 1.775166e-03
3.560561 2.345748e-03
3.565566 4.070883e-03
3.570571 1.625368e-02
3.575576 9.821765e-02
3.580581 7.198717e-03
3.585586 3.145161e-03
3.590591 2.230099e-03
3.595596 1.970940e-03
3.600601 2.072211e-03
3.605606 4.139019e-03
3.610611 1.788203e-03
3.615616 1.751396e-03
3.620621 1.787805e-03
3.625626 2.016420e-03
3.630631 6.448009e-03
3.635636 2.604322e-03
3.640641 2.091794e-03
3.645646 2.064302e-03
3.650651 2.204223e-03
3.655656 2.656738e-03
3.660661 1.121132e-02
3.665666 3.926459e-03
3.670671 2.559321e-03
3.675676 2.439551e-03
3.680681 2.474558e-03
3.685686 2.585753e-03
3.690691 2.765474e-03
3.695696 2.802504e-03
3.700701 2.972113e-03
3.705706 3.300381e-03
3.710711 4.143541e-03
3.715716 9.917975e-03
3.720721 4.493098e-02
3.725726 5.744530e-03
3.730731 4.022505e-03
3.735736 3.702377e-03
3.740741 3.678362e-03
3.745746 3.707856e-03
3.750751 3.913216e-03
3.755756 3.831514e-03
3.760761 3.983337e-03
3.765766 4.171892e-03
3.770771 4.756375e-03
3.775776 1.541801e-02
3.780781 6.039031e-03
3.785786 4.850187e-03
3.790791 4.770562e-03
3.795796 4.912236e-03
3.800801 5.219601e-03
3.805806 9.577699e-03
3.810811 5.988754e-03
3.815816 5.505622e-03
3.820821 5.602653e-03
3.825826 5.800097e-03
3.830831 6.338638e-03
3.835836 7.991807e-03
3.840841 6.632188e-03
3.845846 6.961591e-03
3.850851 7.718740e-03
3.855856 9.798783e-03
3.860861 2.386057e-02
3.865866 1.021386e-01
3.870871 1.333004e-02
3.875876 9.256685e-03
3.880881 8.459663e-03
3.885886 8.336240e-03
3.890891 8.771062e-03
3.895896 8.801922e-03
3.900901 8.704425e-03
3.905906 9.046502e-03
3.910911 9.675934e-03
3.915916 1.193683e-02
3.920921 5.973826e-02
3.925926 1.653945e-02
3.930931 1.115912e-02
3.935936 1.058267e-02
3.940941 1.070620e-02
3.945946 1.133515e-02
3.950951 2.202283e-02
3.955956 1.294224e-02
3.960961 1.172904e-02
3.965966 1.188257e-02
3.970971 1.234939e-02
3.975976 1.428795e-02
3.980981 2.098505e-02
3.985986 1.407639e-02
3.990991 1.457714e-02
3.995996 1.626680e-02
4.001001 2.128877e-02
4.006006 5.614078e-02
4.011011 2.339170e-01
4.016016 2.904562e-02
4.021021 1.919754e-02
4.026026 1.711307e-02
4.031031 1.663998e-02
4.036036 1.856161e-02
4.041041 1.728052e-02
4.046046 1.705413e-02
4.051051 1.767371e-02
4.056056 1.906227e-02
4.061061 2.443416e-02
4.066066 1.464494e-01
4.071071 3.463379e-02
4.076076 2.164114e-02
4.081081 2.005346e-02
4.086086 1.999888e-02
4.091091 2.093082e-02
4.096096 3.921551e-02
4.101101 2.332842e-02
4.106106 2.134866e-02
4.111111 2.158114e-02
4.116116 2.245926e-02
4.121121 2.690714e-02
4.126126 4.173528e-02
4.131131 2.521894e-02
4.136136 2.567458e-02
4.141141 2.831272e-02
4.146146 3.653051e-02
4.151151 9.486200e-02
4.156156 3.662167e-01
4.161161 4.836794e-02
4.166166 3.252287e-02
4.171171 2.906868e-02
4.176176 2.824584e-02
4.181181 3.311271e-02
4.186186 2.898385e-02
4.191191 2.858120e-02
4.196196 2.946494e-02
4.201201 3.164545e-02
4.206206 4.041461e-02
4.211211 2.494915e-01
4.216216 5.591219e-02
4.221221 3.514492e-02
4.226226 3.244748e-02
4.231231 3.212596e-02
4.236236 3.320467e-02
4.241241 5.677966e-02
4.246246 3.592394e-02
4.251251 3.354850e-02
4.256256 3.386277e-02
4.261261 3.513531e-02
4.266266 4.232031e-02
4.271271 6.458121e-02
4.276276 3.858705e-02
4.281281 3.876249e-02
4.286286 4.189519e-02
4.291291 5.202694e-02
4.296296 1.254643e-01
4.301301 4.362168e-01
4.306306 6.570947e-02
4.311311 4.661451e-02
4.316316 4.238516e-02
4.321321 4.139524e-02
4.326326 4.975418e-02
4.331331 4.211802e-02
4.336336 4.154505e-02
4.341341 4.254315e-02
4.346346 4.515819e-02
4.351351 5.598695e-02
4.356356 3.251558e-01
4.361361 7.375503e-02
4.366366 4.890373e-02
4.371371 4.553581e-02
4.376376 4.498635e-02
4.381381 4.600014e-02
4.386386 7.034041e-02
4.391391 4.843487e-02
4.396396 4.615336e-02
4.401401 4.649228e-02
4.406406 4.793824e-02
4.411411 5.678831e-02
4.416416 8.194441e-02
4.421421 5.137044e-02
4.426426 5.117946e-02
4.431431 5.414961e-02
4.436436 6.413581e-02
4.441441 1.381576e-01
4.446446 4.225040e-01
4.451451 7.674496e-02
4.456456 5.832403e-02
4.461461 5.418106e-02
4.466466 5.323463e-02
4.471471 6.399702e-02
4.476476 5.379100e-02
4.481481 5.310288e-02
4.486486 5.399815e-02
4.491491 5.649432e-02
4.496496 6.719461e-02
4.501502 3.444462e-01
4.506507 8.343934e-02
4.511512 5.963812e-02
4.516517 5.626915e-02
4.521522 5.560181e-02
4.526527 5.637310e-02
4.531532 7.727493e-02
4.536537 5.807694e-02
4.541542 5.620812e-02
4.546547 5.646575e-02
4.551552 5.777057e-02
4.556557 6.651656e-02
4.561562 8.921699e-02
4.566567 6.045943e-02
4.571572 5.997408e-02
4.576577 6.227075e-02
4.581582 7.041892e-02
4.586587 1.325679e-01
4.591592 3.489197e-01
4.596597 7.991793e-02
4.601602 6.505780e-02
4.606607 6.162823e-02
4.611612 6.082908e-02
4.616617 7.185087e-02
4.621622 6.106692e-02
4.626627 6.033233e-02
4.631632 6.094567e-02
4.636637 6.287074e-02
4.641642 7.162659e-02
4.646647 3.094246e-01
4.651652 8.384718e-02
4.656657 6.479516e-02
4.661662 6.193151e-02
4.666667 6.124174e-02
4.671672 6.167877e-02
4.676677 7.697603e-02
4.681682 6.249448e-02
4.686687 6.110310e-02
4.691692 6.118106e-02
4.696697 6.209984e-02
4.701702 6.925870e-02
4.706707 8.622037e-02
4.711712 6.363126e-02
4.716717 6.298377e-02
4.721722 6.441663e-02
4.726727 7.002232e-02
4.731732 1.146728e-01
4.736737 2.553369e-01
4.741742 7.584725e-02
4.746747 6.548347e-02
4.751752 6.296628e-02
4.756757 6.230274e-02
4.761762 7.161646e-02
4.766767 6.214120e-02
4.771772 6.141487e-02
4.776777 6.167399e-02
4.781782 6.284667e-02
4.786787 6.889756e-02
4.791792 2.434678e-01
4.796797 7.654726e-02
4.801802 6.338288e-02
4.806807 6.120829e-02
4.811812 6.054639e-02
4.816817 6.065178e-02
4.821822 7.033045e-02
4.826827 6.067957e-02
4.831832 5.967222e-02
4.836837 5.953370e-02
4.841842 5.998482e-02
4.846847 6.492532e-02
4.851852 7.565080e-02
4.856857 6.035751e-02
4.861862 5.966010e-02
4.866867 6.032266e-02
4.871872 6.357996e-02
4.876877 9.154644e-02
4.881882 1.712133e-01
4.886887 6.629844e-02
4.891892 5.985971e-02
4.896897 5.814045e-02
4.901902 5.755818e-02
4.906907 6.420085e-02
4.911912 5.703668e-02
4.916917 5.635733e-02
4.921922 5.630224e-02
4.926927 5.679688e-02
4.931932 6.035181e-02
4.936937 1.722417e-01
4.941942 6.426519e-02
4.946947 5.619346e-02
4.951952 5.464861e-02
4.956957 5.403947e-02
4.961962 5.388715e-02
4.966967 5.920454e-02
4.971972 5.337985e-02
4.976977 5.263414e-02
4.981982 5.231803e-02
4.986987 5.237088e-02
4.991992 5.525604e-02
4.996997 6.104996e-02
5.002002 5.189004e-02
5.007007 5.121674e-02
5.012012 5.134854e-02
5.017017 5.290708e-02
5.022022 6.836693e-02
5.027027 1.081987e-01
5.032032 5.355942e-02
5.037037 4.988138e-02
5.042042 4.873801e-02
5.047047 4.820534e-02
5.052052 5.224908e-02
5.057057 4.746646e-02
5.062062 4.686399e-02
5.067067 4.660621e-02
5.072072 4.663467e-02
5.077077 4.839183e-02
5.082082 1.119345e-01
5.087087 4.987492e-02
5.092092 4.536485e-02
5.097097 4.430141e-02
5.102102 4.376733e-02
5.107107 4.346364e-02
5.112112 4.597802e-02
5.117117 4.271424e-02
5.122122 4.214677e-02
5.127127 4.173919e-02
5.132132 4.154225e-02
5.137137 4.294151e-02
5.142142 4.559792e-02
5.147147 4.062286e-02
5.152152 4.002237e-02
5.157157 3.987906e-02
5.162162 4.043332e-02
5.167167 4.802256e-02
5.172172 6.573995e-02
5.177177 4.001838e-02
5.182182 3.801627e-02
5.187187 3.725302e-02
5.192192 3.677769e-02
5.197197 3.887541e-02
5.202202 3.599941e-02
5.207207 3.549528e-02
5.212212 3.516326e-02
5.217217 3.495537e-02
5.222222 3.565407e-02
5.227227 6.797716e-02
5.232232 3.585709e-02
5.237237 3.349821e-02
5.242242 3.278080e-02
5.247247 3.234282e-02
5.252252 3.198966e-02
5.257257 3.298107e-02
5.262262 3.124394e-02
5.267267 3.081442e-02
5.272272 3.040524e-02
5.277277 3.011341e-02
5.282282 3.063435e-02
5.287287 3.162763e-02
5.292292 2.911324e-02
5.297297 2.861763e-02
5.302302 2.839586e-02
5.307307 2.846900e-02
5.312312 3.177416e-02
5.317317 3.878980e-02
5.322322 2.770503e-02
5.327327 2.662826e-02
5.332332 2.611323e-02
5.337337 2.572309e-02
5.342342 2.663044e-02
5.347347 2.505008e-02
5.352352 2.465282e-02
5.357357 2.434949e-02
5.362362 2.408260e-02
5.367367 2.427206e-02
5.372372 3.911163e-02
5.377377 2.396314e-02
5.382382 2.277939e-02
5.387387 2.231256e-02
5.392392 2.198100e-02
5.397397 2.165292e-02
5.402402 2.195527e-02
5.407407 2.106437e-02
5.412412 2.075462e-02
5.417417 2.040673e-02
5.422422 2.013623e-02
5.427427 2.023384e-02
5.432432 2.049034e-02
5.437437 1.927832e-02
5.442442 1.890247e-02
5.447447 1.871788e-02
5.452452 1.861973e-02
5.457457 1.988604e-02
5.462462 2.233334e-02
5.467467 1.791568e-02
5.472472 1.732991e-02
5.477477 1.698201e-02
5.482482 1.669884e-02
5.487487 1.700639e-02
5.492492 1.620746e-02
5.497497 1.591225e-02
5.502503 1.569728e-02
5.507508 1.547505e-02
5.512513 1.547660e-02
5.517518 2.165178e-02
5.522523 1.507244e-02
5.527528 1.449396e-02
5.532533 1.420965e-02
5.537538 1.398105e-02
5.542543 1.371863e-02
5.547548 1.378506e-02
5.552553 1.334576e-02
5.557558 1.314285e-02
5.562563 1.288514e-02
5.567568 1.269850e-02
5.572573 1.264338e-02
5.577578 1.263669e-02
5.582583 1.207508e-02
5.587588 1.181790e-02
5.592593 1.171536e-02
5.597598 1.159173e-02
5.602603 1.201887e-02
5.607608 1.275229e-02
5.612613 1.112036e-02
5.617618 1.079961e-02
5.622623 1.056909e-02
5.627628 1.039527e-02
5.632633 1.046499e-02
5.637638 1.009629e-02
5.642643 9.889940e-03
5.647648 9.784091e-03
5.652653 9.646025e-03
5.657658 9.611543e-03
5.662663 1.194311e-02
5.667668 9.294613e-03
5.672673 9.022471e-03
5.677678 8.864356e-03
5.682683 8.728138e-03
5.687688 8.543938e-03
5.692693 8.578597e-03
5.697698 8.375547e-03
5.702703 8.266418e-03
5.707708 8.103865e-03
5.712713 8.016119e-03
5.717718 7.939898e-03
5.722723 7.868974e-03
5.727728 7.632028e-03
5.732733 7.481884e-03
5.737738 7.459121e-03
5.742743 7.361664e-03
5.747748 7.509079e-03
5.752753 7.698364e-03
5.757758 7.153748e-03
5.762763 6.984418e-03
5.767768 6.842595e-03
5.772773 6.763048e-03
5.777778 6.771907e-03
5.782783 6.625935e-03
5.787788 6.492632e-03
5.792793 6.491222e-03
5.797798 6.434721e-03
5.802803 6.420817e-03
5.807808 7.222483e-03
5.812813 6.246561e-03
5.817818 6.133204e-03
5.822823 6.052389e-03
5.827828 5.997885e-03
5.832833 5.888957e-03
5.837838 5.958806e-03
5.842843 5.877274e-03
5.847848 5.848951e-03
5.852853 5.774939e-03
5.857858 5.770496e-03
5.862863 5.722890e-03
5.867868 5.655458e-03
5.872873 5.588888e-03
5.877878 5.527273e-03
5.882883 5.560842e-03
5.887888 5.499740e-03
5.892893 5.595792e-03
5.897898 5.659936e-03
5.902903 5.519266e-03
5.907908 5.442434e-03
5.912913 5.374468e-03
5.917918 5.366053e-03
5.922923 5.375571e-03
5.927928 5.345749e-03
5.932933 5.271017e-03
5.937938 5.354480e-03
5.942943 5.357518e-03
5.947948 5.379084e-03
5.952953 5.644497e-03
5.957958 5.344410e-03
5.962963 5.317953e-03
5.967968 5.276444e-03
5.972973 5.293031e-03
5.977978 5.250603e-03
5.982983 5.357557e-03
5.987988 5.337728e-03
5.992993 5.378140e-03
5.997998 5.379574e-03
6.003003 5.430043e-03
6.008008 5.420534e-03
6.013013 5.376461e-03
6.018018 5.403987e-03
6.023023 5.405430e-03
6.028028 5.471301e-03
6.033033 5.442753e-03
6.038038 5.564425e-03
6.043043 5.625367e-03
6.048048 5.630050e-03
6.053053 5.614060e-03
6.058058 5.609323e-03
6.063063 5.648659e-03
6.068068 5.663588e-03
6.073073 5.702901e-03
6.078078 5.675532e-03
6.083083 5.814266e-03
6.088088 5.852140e-03
6.093093 5.909284e-03
6.098098 6.023484e-03
6.103103 5.986091e-03
6.108108 6.008749e-03
6.113113 5.982845e-03
6.118118 6.055918e-03
6.123123 6.066539e-03
6.128128 6.189723e-03
6.133133 6.200566e-03
6.138138 6.298180e-03
6.143143 6.355353e-03
6.148148 6.432104e-03
6.153153 6.453624e-03
6.158158 6.439322e-03
6.163163 6.517234e-03
6.168168 6.549130e-03
6.173173 6.633369e-03
6.178178 6.630129e-03
6.183183 6.788136e-03
6.188188 6.864141e-03
6.193193 6.919725e-03
6.198198 6.947735e-03
6.203203 6.990833e-03
6.208208 7.056817e-03
6.213213 7.063607e-03
6.218218 7.150688e-03
6.223223 7.161215e-03
6.228228 7.319873e-03
6.233233 7.372347e-03
6.238238 7.460215e-03
6.243243 7.552963e-03
6.248248 7.608226e-03
6.253253 7.655303e-03
6.258258 7.635356e-03
6.263263 7.744515e-03
6.268268 7.786299e-03
6.273273 7.904993e-03
6.278278 7.928630e-03
6.283283 8.068816e-03
6.288288 8.156665e-03
6.293293 8.235833e-03
6.298298 8.277667e-03
6.303303 8.292172e-03
6.308308 8.390114e-03
6.313313 8.418060e-03
6.318318 8.516255e-03
6.323323 8.530823e-03
6.328328 8.705161e-03
6.333333 8.785660e-03
6.338338 8.857002e-03
6.343343 8.917899e-03
6.348348 8.985811e-03
6.353353 9.058727e-03
6.358358 9.045568e-03
6.363363 9.162783e-03
6.368368 9.198193e-03
6.373373 9.343742e-03
6.378378 9.394915e-03
6.383383 9.506187e-03
6.388388 9.605725e-03
6.393393 9.678442e-03
6.398398 9.730740e-03
6.403403 9.715601e-03
6.408408 9.836606e-03
6.413413 9.878415e-03
6.418418 9.982081e-03
6.423423 1.000633e-02
6.428428 1.016665e-02
6.433433 1.025985e-02
6.438438 1.032398e-02
6.443443 1.037775e-02
6.448448 1.041065e-02
6.453453 1.050417e-02
6.458458 1.050131e-02
6.463463 1.061005e-02
6.468468 1.063450e-02
6.473473 1.079317e-02
6.478478 1.086341e-02
6.483483 1.093625e-02
6.488488 1.101709e-02
6.493493 1.108304e-02
6.498498 1.114432e-02
6.503504 1.110849e-02
6.508509 1.123442e-02
6.513514 1.127358e-02
6.518519 1.138396e-02
6.523524 1.142086e-02
6.528529 1.154400e-02
6.533534 1.164150e-02
6.538539 1.169371e-02
6.543544 1.173841e-02
6.548549 1.172692e-02
6.553554 1.183563e-02
6.558559 1.184522e-02
6.563564 1.193331e-02
6.568569 1.194989e-02
6.573574 1.210001e-02
6.578579 1.217867e-02
6.583584 1.221778e-02
6.588589 1.227702e-02
6.593594 1.231005e-02
6.598599 1.237881e-02
6.603604 1.233289e-02
6.608609 1.244266e-02
6.613614 1.246627e-02
6.618619 1.258094e-02
6.623624 1.262802e-02
6.628629 1.269647e-02
6.633634 1.277990e-02
6.638639 1.281933e-02
6.643644 1.285519e-02
6.648649 1.280143e-02
6.653654 1.291306e-02
6.658659 1.292821e-02
6.663664 1.299707e-02
6.668669 1.301099e-02
6.673674 1.312788e-02
6.678679 1.320695e-02
6.683684 1.321965e-02
6.688689 1.325234e-02
6.693694 1.323834e-02
6.698699 1.331433e-02
6.703704 1.327104e-02
6.708709 1.334571e-02
6.713714 1.334994e-02
6.718719 1.345938e-02
6.723724 1.351077e-02
6.728729 1.352357e-02
6.733734 1.358082e-02
6.738739 1.359406e-02
6.743744 1.362390e-02
6.748749 1.353852e-02
6.753754 1.363445e-02
6.758759 1.364183e-02
6.763764 1.369902e-02
6.768769 1.371431e-02
6.773774 1.377436e-02
6.778779 1.384286e-02
6.783784 1.383807e-02
6.788789 1.384492e-02
6.793794 1.377924e-02
6.798799 1.385724e-02
6.803804 1.382408e-02
6.808809 1.385881e-02
6.813814 1.384765e-02
6.818819 1.393556e-02
6.823824 1.398557e-02
6.828829 1.395500e-02
6.833834 1.397706e-02
6.838839 1.395094e-02
6.843844 1.398055e-02
6.848849 1.388269e-02
6.853854 1.394260e-02
6.858859 1.393128e-02
6.863864 1.398099e-02
6.868869 1.399864e-02
6.873874 1.399225e-02
6.878879 1.403840e-02
6.883884 1.401631e-02
6.888889 1.400392e-02
6.893894 1.389305e-02
6.898899 1.396054e-02
6.903904 1.393384e-02
6.908909 1.393849e-02
6.913914 1.392056e-02
6.918919 1.396499e-02
6.923924 1.400781e-02
6.928929 1.395250e-02
6.933934 1.393786e-02
6.938939 1.386386e-02
6.943944 1.389584e-02
6.948949 1.380550e-02
6.953954 1.381863e-02
6.958959 1.378693e-02
6.963964 1.382656e-02
6.968969 1.384485e-02
6.973974 1.378131e-02
6.978979 1.379487e-02
6.983984 1.374802e-02
6.988989 1.372776e-02
6.993994 1.359072e-02
6.998999 1.363122e-02
7.004004 1.359959e-02
7.009009 1.358888e-02
7.014014 1.357246e-02
7.019019 1.355667e-02
7.024024 1.358482e-02
7.029029 1.351933e-02
7.034034 1.347479e-02
7.039039 1.335419e-02
7.044044 1.338379e-02
7.049049 1.331098e-02
7.054054 1.328191e-02
7.059059 1.323783e-02
7.064064 1.325566e-02
7.069069 1.327187e-02
7.074074 1.317417e-02
7.079079 1.315054e-02
7.084084 1.306988e-02
7.089089 1.305194e-02
7.094094 1.291470e-02
7.099099 1.291567e-02
7.104104 1.287050e-02
7.109109 1.285525e-02
7.114114 1.284453e-02
7.119119 1.276812e-02
7.124124 1.277353e-02
7.129129 1.270083e-02
7.134134 1.264031e-02
7.139139 1.248739e-02
7.144144 1.250406e-02
7.149149 1.244554e-02
7.154154 1.239080e-02
7.159159 1.234686e-02
7.164164 1.232617e-02
7.169169 1.233599e-02
7.174174 1.222950e-02
7.179179 1.217200e-02
7.184184 1.205410e-02
7.189189 1.204239e-02
7.194194 1.192546e-02
7.199199 1.188455e-02
7.204204 1.182729e-02
7.209209 1.180935e-02
7.214214 1.180445e-02
7.219219 1.168549e-02
7.224224 1.166264e-02
7.229229 1.157625e-02
7.234234 1.151492e-02
7.239239 1.135391e-02
7.244244 1.134680e-02
7.249249 1.129220e-02
7.254254 1.123142e-02
7.259259 1.119766e-02
7.264264 1.112816e-02
7.269269 1.112614e-02
7.274274 1.102638e-02
7.279279 1.094650e-02
7.284284 1.079864e-02
7.289289 1.078958e-02
7.294294 1.070100e-02
7.299299 1.062794e-02
7.304304 1.056898e-02
7.309309 1.053987e-02
7.314314 1.053732e-02
7.319319 1.040443e-02
7.324324 1.035239e-02
7.329329 1.024509e-02
7.334334 1.019462e-02
7.339339 1.004978e-02
7.344344 1.001209e-02
7.349349 9.954100e-03
7.354354 9.900498e-03
7.359359 9.881083e-03
7.364364 9.768092e-03
7.369369 9.750031e-03
7.374374 9.657549e-03
7.379379 9.570675e-03
7.384384 9.410648e-03
7.389389 9.395891e-03
7.394394 9.331030e-03
7.399399 9.245642e-03
7.404404 9.197551e-03
7.409409 9.144018e-03
7.414414 9.138534e-03
7.419419 9.016650e-03
7.424424 8.941248e-03
7.429429 8.812249e-03
7.434434 8.777337e-03
7.439439 8.664680e-03
7.444444 8.596995e-03
7.449449 8.537580e-03
7.454454 8.493627e-03
7.459459 8.485912e-03
7.464464 8.350734e-03
7.469469 8.314012e-03
7.474474 8.220221e-03
7.479479 8.141636e-03
7.484484 7.991100e-03
7.489489 7.962006e-03
7.494494 7.908989e-03
7.499499 7.831159e-03
7.504505 7.802535e-03
7.509510 7.716835e-03
7.514515 7.704757e-03
7.519520 7.604649e-03
7.524525 7.516718e-03
7.529530 7.375199e-03
7.534535 7.351389e-03
7.539540 7.274895e-03
7.544545 7.189215e-03
7.549550 7.137603e-03
7.554555 7.095673e-03
7.559560 7.092760e-03
7.564565 6.962399e-03
7.569570 6.907701e-03
7.574575 6.803903e-03
7.579580 6.745495e-03
7.584585 6.622932e-03
7.589590 6.573704e-03
7.594595 6.524142e-03
7.599600 6.464349e-03
7.604605 6.455574e-03
7.609610 6.343931e-03
7.614615 6.323194e-03
7.619620 6.240248e-03
7.624625 6.153073e-03
7.629630 6.015044e-03
7.634635 5.992864e-03
7.639640 5.943031e-03
7.644645 5.858842e-03
7.649650 5.825818e-03
7.654655 5.772960e-03
7.659660 5.769017e-03
7.664665 5.662739e-03
7.669670 5.595045e-03
7.674675 5.480379e-03
7.679680 5.444616e-03
7.684685 5.360005e-03
7.689690 5.292763e-03
7.694695 5.247764e-03
7.699700 5.206772e-03
7.704705 5.210362e-03
7.709710 5.092047e-03
7.714715 5.061626e-03
7.719720 4.982204e-03
7.724725 4.909703e-03
7.729730 4.792061e-03
7.734735 4.762658e-03
7.739740 4.724719e-03
7.744745 4.656579e-03
7.749750 4.647466e-03
7.754755 4.575460e-03
7.759760 4.567600e-03
7.764765 4.489472e-03
7.769770 4.416446e-03
7.774775 4.299961e-03
7.779780 4.279290e-03
7.784785 4.228756e-03
7.789790 4.155830e-03
7.794795 4.124024e-03
7.799800 4.093484e-03
7.804805 4.100320e-03
7.809810 3.996975e-03
7.814815 3.958659e-03
7.819820 3.871769e-03
7.824825 3.822850e-03
7.829830 3.737853e-03
7.834835 3.696690e-03
7.839840 3.663068e-03
7.844845 3.616655e-03
7.849850 3.626711e-03
7.854855 3.540545e-03
7.859860 3.528439e-03
7.864865 3.466383e-03
7.869870 3.397756e-03
7.874875 3.293515e-03
7.879880 3.277838e-03
7.884885 3.246552e-03
7.889890 3.181698e-03
7.894895 3.172331e-03
7.899900 3.138559e-03
7.904905 3.142159e-03
7.909910 3.065844e-03
7.914915 3.022873e-03
7.919920 2.929260e-03
7.924925 2.902969e-03
7.929930 2.851287e-03
7.934935 2.801444e-03
7.939940 2.775605e-03
7.944945 2.750378e-03
7.949950 2.768640e-03
7.954955 2.683793e-03
7.959960 2.670436e-03
7.964965 2.606506e-03
7.969970 2.551624e-03
7.974975 2.472259e-03
7.979980 2.454234e-03
7.984985 2.429436e-03
7.989990 2.379924e-03
7.994995 2.393912e-03
8.000000 2.349206e-03
